0,0.499924,0.499881
10,0.496522,0.499008
20,0.495575,0.500242
30,0.495712,0.500581
40,0.49545,0.500132
50,0.491334,0.498253
60,0.494805,0.500435
70,0.490622,0.499824
80,0.492389,0.501163
90,0.496127,0.500307
100,0.487733,0.502203
110,0.494557,0.499492
120,0.498022,0.499218
130,0.497721,0.497408
140,0.495714,0.497596
150,0.493239,0.497214
160,0.492455,0.497901
170,0.485783,0.499363
180,0.487388,0.49716
190,0.486543,0.496571
200,0.488392,0.497228
210,0.48646,0.496044
220,0.483875,0.496185
230,0.488491,0.496219
240,0.484075,0.49739
250,0.482873,0.499275
260,0.480727,0.497843
270,0.478045,0.497331
280,0.475214,0.496098
290,0.473906,0.494692
300,0.474062,0.494724
310,0.474188,0.495906
320,0.488088,0.497121
330,0.482161,0.498508
340,0.490555,0.497566
350,0.493269,0.495468
360,0.494906,0.495774
370,0.491684,0.493514
380,0.486394,0.494168
390,0.486084,0.494545
400,0.477269,0.496755
410,0.486688,0.496766
420,0.485512,0.496549
430,0.482329,0.497213
440,0.486545,0.495948
450,0.48574,0.493331
460,0.484996,0.49277
470,0.479358,0.494324
480,0.476411,0.495321
490,0.476615,0.494394
500,0.485009,0.495456
510,0.480311,0.496443
520,0.465335,0.498126
530,0.475548,0.498855
540,0.473881,0.500827
550,0.470821,0.500886
560,0.471583,0.502349
570,0.468846,0.501013
580,0.464804,0.501287
590,0.472898,0.500734
600,0.478545,0.50119
610,0.474777,0.501987
620,0.480153,0.503359
630,0.478472,0.501938
640,0.4792,0.505254
650,0.472087,0.506254
660,0.478709,0.506923
670,0.481262,0.505977
680,0.48396,0.509096
690,0.482923,0.510055
700,0.487051,0.510919
710,0.486709,0.511489
720,0.483964,0.512253
730,0.480669,0.51097
740,0.476447,0.512316
750,0.471619,0.511805
760,0.46756,0.511975
770,0.474502,0.512159
780,0.464735,0.512182
790,0.471685,0.512791
800,0.480079,0.513768
810,0.473002,0.514421
820,0.471195,0.511945
830,0.47567,0.51352
840,0.475713,0.513079
850,0.475213,0.511578
860,0.459912,0.510859
870,0.462762,0.511821
880,0.469746,0.512108
890,0.473255,0.514142
900,0.472845,0.513526
910,0.476185,0.513861
920,0.478971,0.512243
930,0.474085,0.513723
940,0.477748,0.512733
950,0.477029,0.512987
960,0.470215,0.51478
970,0.467033,0.514466
980,0.461759,0.514151
990,0.461827,0.513693
1000,0.46698,0.5131
1010,0.461778,0.512844
1020,0.466467,0.514045
1030,0.473508,0.514461
1040,0.467495,0.514679
1050,0.46586,0.511872
1060,0.462074,0.513517
1070,0.46415,0.512908
1080,0.465718,0.513292
1090,0.465347,0.513818
1100,0.469285,0.514861
1110,0.467736,0.514041
1120,0.455994,0.51396
1130,0.455789,0.511719
1140,0.452485,0.51135
1150,0.454006,0.511751
1160,0.458329,0.511925
1170,0.457828,0.511893
1180,0.45596,0.512518
1190,0.461263,0.512513
1200,0.468123,0.515185
1210,0.471066,0.515375
1220,0.46932,0.515601
1230,0.470921,0.515833
1240,0.472965,0.516483
1250,0.480227,0.516568
1260,0.483168,0.516282
1270,0.483744,0.516486
1280,0.486608,0.518162
1290,0.485593,0.51915
1300,0.486412,0.519076
1310,0.486382,0.516203
1320,0.483427,0.51731
1330,0.478198,0.518141
1340,0.472984,0.516586
1350,0.468764,0.517022
1360,0.469054,0.519181
1370,0.464354,0.518035
1380,0.456481,0.516254
1390,0.459054,0.517655
1400,0.450099,0.519478
1410,0.448157,0.519196
1420,0.453684,0.518115
1430,0.45079,0.516804
1440,0.463998,0.517797
1450,0.474053,0.51786
1460,0.480614,0.517408
1470,0.481182,0.519006
1480,0.4799,0.518094
1490,0.482357,0.520522
1500,0.478274,0.519875
1510,0.482099,0.519986
1520,0.482752,0.518188
1530,0.48563,0.521847
1540,0.486605,0.523377
1550,0.481343,0.524283
1560,0.48581,0.524363
1570,0.486243,0.522631
1580,0.477568,0.52619
1590,0.474764,0.527925
1600,0.477696,0.528367
1610,0.475262,0.527967
1620,0.484376,0.528489
1630,0.476158,0.528722
1640,0.47593,0.52717
1650,0.47636,0.528108
1660,0.474764,0.528246
1670,0.482783,0.528948
1680,0.472079,0.529824
1690,0.470084,0.532089
1700,0.468565,0.533391
1710,0.47215,0.533435
1720,0.470674,0.533417
1730,0.468699,0.534433
1740,0.471184,0.535301
1750,0.466707,0.537752
1760,0.47047,0.538173
1770,0.466302,0.539367
1780,0.468819,0.54124
1790,0.473947,0.543336
1800,0.472945,0.543809
1810,0.471111,0.543608
1820,0.484698,0.544184
1830,0.479161,0.545584
1840,0.474156,0.544723
1850,0.476167,0.546077
1860,0.478206,0.547026
1870,0.468319,0.547558
1880,0.468935,0.547816
1890,0.47087,0.55033
1900,0.471389,0.548489
1910,0.478378,0.548586
1920,0.475605,0.550848
1930,0.481348,0.550163
1940,0.474065,0.548835
1950,0.464652,0.548257
1960,0.472688,0.550231
1970,0.466375,0.548555
1980,0.471382,0.550768
1990,0.466167,0.553547
2000,0.464196,0.553609
2010,0.455857,0.551019
2020,0.454589,0.54981
2030,0.451725,0.551229
2040,0.445635,0.552492
2050,0.453274,0.553211
2060,0.455091,0.554825
2070,0.453418,0.554394
2080,0.457647,0.555199
2090,0.456175,0.555038
2100,0.453593,0.555526
2110,0.460214,0.557506
2120,0.463076,0.554999
2130,0.471133,0.556678
2140,0.473072,0.556896
2150,0.469074,0.557665
2160,0.474542,0.555948
2170,0.471251,0.556655
2180,0.470446,0.556743
2190,0.475191,0.5559
2200,0.480016,0.556197
2210,0.480352,0.555535
2220,0.48047,0.55687
2230,0.480765,0.557582
2240,0.478249,0.557235
2250,0.481462,0.557815
2260,0.47899,0.556361
2270,0.47765,0.555342
2280,0.475445,0.554465
2290,0.478302,0.556094
2300,0.480535,0.552713
2310,0.475929,0.55261
2320,0.474583,0.551898
2330,0.477605,0.550892
2340,0.482133,0.551529
2350,0.483797,0.550928
2360,0.4856,0.55161
2370,0.47866,0.552005
2380,0.47762,0.554225
2390,0.485898,0.555018
2400,0.484218,0.555377
2410,0.483321,0.554217
2420,0.475181,0.551876
2430,0.476298,0.550547
2440,0.469808,0.550119
2450,0.469953,0.549151
2460,0.464202,0.549376
2470,0.464415,0.550301
2480,0.474485,0.549846
2490,0.471951,0.546935
2500,0.466824,0.549435
2510,0.463377,0.551406
2520,0.463344,0.552224
2530,0.45929,0.552999
2540,0.466814,0.553431
2550,0.477089,0.553353
2560,0.469604,0.553442
2570,0.476955,0.552188
2580,0.485505,0.55164
2590,0.473894,0.550069
2600,0.473934,0.548114
2610,0.470921,0.5493
2620,0.462588,0.548629
2630,0.465546,0.548755
2640,0.469574,0.54658
2650,0.466607,0.546515
2660,0.467542,0.546958
2670,0.468243,0.547148
2680,0.46229,0.546996
2690,0.461063,0.545767
2700,0.452076,0.544268
2710,0.454992,0.545557
2720,0.450554,0.546583
2730,0.450802,0.547015
2740,0.454534,0.546951
2750,0.445977,0.548558
2760,0.447901,0.547096
2770,0.442284,0.549736
2780,0.448618,0.546739
2790,0.4435,0.547308
2800,0.439507,0.548002
2810,0.438654,0.5475
2820,0.440585,0.547931
2830,0.437804,0.547307
2840,0.442806,0.548243
2850,0.441653,0.547189
2860,0.437979,0.549014
2870,0.439578,0.547961
2880,0.439746,0.548835
2890,0.442336,0.548298
2900,0.447115,0.545903
2910,0.448098,0.545862
2920,0.44986,0.545935
2930,0.451883,0.544272
2940,0.453109,0.543375
2950,0.456499,0.541248
2960,0.451532,0.538469
2970,0.440272,0.536886
2980,0.439593,0.535458
2990,0.443389,0.534374
3000,0.446667,0.531856
3010,0.444307,0.531638
3020,0.436369,0.530496
3030,0.440968,0.528406
3040,0.442502,0.525271
3050,0.440783,0.525802
3060,0.438855,0.528116
3070,0.433068,0.527878
3080,0.429021,0.526767
3090,0.423058,0.527451
3100,0.416962,0.52473
3110,0.413815,0.522922
3120,0.413533,0.51871
3130,0.424493,0.519913
3140,0.422721,0.519582
3150,0.423,0.518497
3160,0.428528,0.518427
3170,0.422437,0.516213
3180,0.418728,0.516721
3190,0.412117,0.515132
3200,0.41263,0.511592
3210,0.405507,0.509527
3220,0.403047,0.507584
3230,0.405642,0.507223
3240,0.405601,0.504732
3250,0.403621,0.503981
3260,0.403837,0.50275
3270,0.404733,0.502306
3280,0.404002,0.501158
3290,0.408744,0.496847
3300,0.402647,0.495946
3310,0.401015,0.494433
3320,0.40002,0.493153
3330,0.396168,0.49248
3340,0.395322,0.491086
3350,0.390385,0.488262
3360,0.39329,0.485562
3370,0.39216,0.483691
3380,0.389846,0.481564
3390,0.388357,0.478664
3400,0.388007,0.477617
3410,0.387987,0.475492
3420,0.379688,0.473443
3430,0.38395,0.470601
3440,0.385656,0.469411
3450,0.377458,0.468796
3460,0.380811,0.464309
3470,0.387315,0.461285
3480,0.382057,0.457414
3490,0.379855,0.451448
3500,0.377368,0.451373
3510,0.375452,0.450206
3520,0.371107,0.449744
3530,0.372598,0.449406
3540,0.375079,0.449715
3550,0.375982,0.446967
3560,0.372721,0.44346
3570,0.370379,0.440558
3580,0.367559,0.440071
3590,0.366859,0.440989
3600,0.365095,0.439739
3610,0.364951,0.440299
3620,0.367697,0.438929
3630,0.367889,0.438413
3640,0.365836,0.436296
3650,0.364257,0.434322
3660,0.36161,0.434355
3670,0.359543,0.432687
3680,0.357833,0.429499
3690,0.358611,0.426208
3700,0.355851,0.424663
3710,0.350825,0.422221
3720,0.35553,0.420325
3730,0.356384,0.417818
3740,0.354949,0.414667
3750,0.351071,0.410866
3760,0.354628,0.407758
3770,0.354159,0.405419
3780,0.344077,0.402962
3790,0.350243,0.400903
3800,0.351648,0.398766
3810,0.346553,0.395842
3820,0.340929,0.392289
3830,0.338883,0.392064
3840,0.333449,0.388249
3850,0.334143,0.384355
3860,0.33251,0.38099
3870,0.334152,0.380942
3880,0.333138,0.378044
3890,0.332179,0.3758
3900,0.326587,0.373406
3910,0.330782,0.370773
3920,0.330239,0.370583
3930,0.330412,0.367694
3940,0.327362,0.364241
3950,0.324408,0.359284
3960,0.322374,0.358446
3970,0.32127,0.354005
3980,0.318994,0.351143
3990,0.316361,0.345057
4000,0.311952,0.345188
4010,0.313332,0.342515
4020,0.312116,0.338873
4030,0.310513,0.335467
4040,0.306391,0.332833
4050,0.30464,0.329487
4060,0.302664,0.324649
4070,0.303407,0.321031
4080,0.304705,0.318016
4090,0.307427,0.314347
4100,0.30503,0.313791
4110,0.301264,0.309551
4120,0.298404,0.307043
4130,0.293052,0.302633
4140,0.290905,0.297617
4150,0.294022,0.294655
4160,0.292751,0.292418
4170,0.290479,0.28831
4180,0.284702,0.284716
4190,0.282416,0.282483
4200,0.275646,0.278023
4210,0.27605,0.275723
4220,0.27491,0.272947
4230,0.275393,0.271216
4240,0.276414,0.267382
4250,0.273809,0.266954
4260,0.272834,0.266023
4270,0.271088,0.262638
4280,0.268528,0.258556
4290,0.263661,0.254036
4300,0.265611,0.25248
4310,0.266441,0.250813
4320,0.261106,0.247964
4330,0.259021,0.247444
4340,0.258076,0.24494
4350,0.256003,0.242551
4360,0.257272,0.241264
4370,0.252744,0.239606
4380,0.253457,0.24028
4390,0.249961,0.238062
4400,0.251133,0.236578
4410,0.250308,0.234567
4420,0.248163,0.231666
4430,0.250376,0.229435
4440,0.249516,0.23001
4450,0.24532,0.225032
4460,0.244976,0.224305
4470,0.242651,0.223693
4480,0.237943,0.220348
4490,0.230851,0.215877
4500,0.230356,0.215018
4510,0.23276,0.212377
4520,0.228055,0.208859
4530,0.227324,0.207145
4540,0.223245,0.207776
4550,0.221337,0.205238
4560,0.221435,0.202809
4570,0.21921,0.202963
4580,0.217169,0.199477
4590,0.212557,0.19798
4600,0.212758,0.19482
4610,0.209466,0.191874
4620,0.211315,0.19187
4630,0.204803,0.187938
4640,0.20259,0.184588
4650,0.200292,0.181992
4660,0.19782,0.180624
4670,0.197768,0.179376
4680,0.197762,0.177868
4690,0.197019,0.177627
4700,0.195106,0.174753
4710,0.194866,0.173786
4720,0.190245,0.171401
4730,0.185458,0.168033
4740,0.183734,0.164976
4750,0.181109,0.163341
4760,0.181247,0.159064
4770,0.179319,0.157529
4780,0.178185,0.154704
4790,0.17581,0.152347
4800,0.174511,0.151592
4810,0.170936,0.149429
4820,0.167261,0.147702
4830,0.169034,0.14726
4840,0.16554,0.145731
4850,0.165072,0.143891
4860,0.162494,0.143863
4870,0.162558,0.141032
4880,0.162067,0.140162
4890,0.157743,0.136481
4900,0.160374,0.136684
4910,0.15548,0.133374
4920,0.155771,0.132415
4930,0.153977,0.131219
4940,0.151371,0.128238
4950,0.148917,0.125758
4960,0.148083,0.125337
4970,0.147863,0.122368
4980,0.145236,0.119466
4990,0.145106,0.119222
5000,0.141429,0.115765
5010,0.138508,0.112896
5020,0.137474,0.111347
5030,0.134222,0.109285
5040,0.13246,0.107087
5050,0.130508,0.105903
5060,0.132532,0.105263
5070,0.131764,0.103998
5080,0.130603,0.103383
5090,0.127253,0.10069
5100,0.125829,0.098398
5110,0.126009,0.0992166
5120,0.123359,0.0968589
5130,0.12148,0.0943236
5140,0.119242,0.0920389
5150,0.119573,0.091904
5160,0.117937,0.0902059
5170,0.11724,0.0889841
5180,0.115225,0.0888264
5190,0.112202,0.0862909
5200,0.111298,0.0858352
5210,0.109895,0.0856452
5220,0.108301,0.0834318
5230,0.105947,0.0815407
5240,0.103827,0.0809706
5250,0.100679,0.0773741
5260,0.097451,0.0751694
5270,0.0962777,0.0742076
5280,0.0937249,0.0721089
5290,0.0914766,0.0703198
5300,0.0927879,0.0706251
5310,0.0893321,0.0677442
5320,0.089181,0.0669256
5330,0.0866388,0.0649795
5340,0.0849147,0.0627985
5350,0.0824397,0.0614685
5360,0.0818122,0.0599267
5370,0.0797884,0.0592087
5380,0.0792561,0.059188
5390,0.0782813,0.0576832
5400,0.079322,0.0583618
5410,0.0765022,0.0564759
5420,0.0743988,0.0551928
5430,0.074043,0.0556208
5440,0.0736838,0.0546495
5450,0.075684,0.0549944
5460,0.0730963,0.0533451
5470,0.0723905,0.0531992
5480,0.071371,0.0515106
5490,0.0689824,0.0498659
5500,0.069204,0.0495734
5510,0.0673087,0.0482226
5520,0.0648094,0.04635
5530,0.0633152,0.0447515
5540,0.0629051,0.0447782
5550,0.0616032,0.0435646
5560,0.0601145,0.042353
5570,0.060568,0.0419698
5580,0.0583277,0.0402862
5590,0.0561328,0.0387283
5600,0.055692,0.0385083
5610,0.0541578,0.037051
5620,0.0531447,0.0360528
5630,0.0528067,0.0363209
5640,0.051492,0.035332
5650,0.0517226,0.0354478
5660,0.049885,0.0339064
5670,0.0492591,0.0335431
5680,0.0508698,0.0346879
5690,0.048327,0.0325911
5700,0.0460689,0.0312614
5710,0.0447991,0.0300938
5720,0.0450714,0.0301134
5730,0.0442552,0.0297497
5740,0.0446593,0.0300916
5750,0.0426944,0.0284713
5760,0.042388,0.0283198
5770,0.0404076,0.027368
5780,0.0391305,0.0262416
5790,0.0393532,0.0267128
5800,0.0381876,0.0257589
5810,0.0393519,0.0261459
5820,0.0370236,0.0245821
5830,0.0354868,0.0234941
5840,0.0352235,0.0232094
5850,0.0333175,0.0220414
5860,0.0329212,0.0215229
5870,0.0311852,0.0202124
5880,0.0301357,0.0194026
5890,0.0296869,0.0193235
5900,0.028432,0.0181706
5910,0.0271766,0.0174578
5920,0.0266857,0.0171431
5930,0.0247322,0.0157083
5940,0.0233528,0.015013
5950,0.0230901,0.0149562
5960,0.021678,0.0140953
5970,0.0217102,0.0142006
5980,0.0208663,0.0135717
5990,0.0202547,0.013266
6000,0.0201819,0.013181
6010,0.019085,0.0125466
6020,0.0190472,0.0126693
6030,0.0184618,0.0121486
6040,0.0173521,0.0112298
6050,0.0170964,0.0111336
6060,0.0170247,0.0111701
6070,0.016483,0.0106004
6080,0.0160857,0.0104813
6090,0.0158365,0.0101906
6100,0.0158488,0.0101055
6110,0.0149966,0.00959032
6120,0.0143182,0.00908945
6130,0.0145089,0.00908431
6140,0.0138239,0.00859493
6150,0.0128889,0.00805252
6160,0.0128692,0.00800582
6170,0.0118314,0.00740495
6180,0.0119571,0.00742676
6190,0.0112216,0.00693632
6200,0.0112514,0.00699403
6210,0.0112032,0.00689433
6220,0.0107519,0.00661686
6230,0.0102967,0.00637614
6240,0.0100461,0.00619334
6250,0.00967095,0.00600544
6260,0.00946984,0.00586273
6270,0.00971078,0.00599594
6280,0.00979607,0.00606778
6290,0.00968149,0.00597359
6300,0.00955497,0.00584336
6310,0.00946101,0.00586774
6320,0.00947217,0.00584638
6330,0.00958777,0.00589306
6340,0.00899412,0.00543963
6350,0.00878269,0.00531902
6360,0.00857445,0.00521462
6370,0.00863222,0.00528774
6380,0.00819078,0.00499006
6390,0.00744305,0.00456158
6400,0.00760792,0.00470355
6410,0.00721188,0.00446904
6420,0.0074385,0.00459878
6430,0.00712125,0.00446475
6440,0.00656904,0.00414574
6450,0.00678859,0.0042887
6460,0.00640652,0.00396365
6470,0.00591659,0.00366473
6480,0.00643679,0.00401773
6490,0.00667664,0.00413312
6500,0.0060562,0.00373306
6510,0.00594547,0.00368867
6520,0.00603222,0.00371308
6530,0.00588682,0.00364235
6540,0.00542927,0.00334363
6550,0.00534623,0.00327824
6560,0.00551156,0.0034057
6570,0.00543544,0.0033793
6580,0.00614986,0.00383741
6590,0.00631556,0.00395476
6600,0.00682326,0.00425974
6610,0.0071795,0.00446876
6620,0.00713507,0.00445216
6630,0.0069859,0.00438175
6640,0.00706592,0.00437193
6650,0.00710467,0.0044113
6660,0.00747527,0.00464589
6670,0.00725294,0.00452495
6680,0.00703568,0.00439252
6690,0.00704918,0.00438687
6700,0.00687907,0.00433365
6710,0.00717463,0.0044347
6720,0.00703394,0.00443028
6730,0.00734668,0.00460513
6740,0.00758482,0.00479677
6750,0.00714705,0.00455716
6760,0.00681361,0.00432015
6770,0.00672124,0.00429496
6780,0.00651142,0.00410614
6790,0.0064712,0.00403495
6800,0.00628497,0.00395038
6810,0.00619218,0.00386006
6820,0.00629885,0.00391104
6830,0.00638148,0.00395209
6840,0.00617744,0.00378844
6850,0.00592577,0.00363475
6860,0.00542107,0.00332787
6870,0.00471887,0.00288354
6880,0.00466448,0.00286597
6890,0.00429979,0.00264466
6900,0.00405361,0.00251098
6910,0.00399714,0.00247994
6920,0.00382962,0.002378
6930,0.00374521,0.00230268
6940,0.00361551,0.00223708
6950,0.00354405,0.00220239
6960,0.0032856,0.00203037
6970,0.00300331,0.00184743
6980,0.00266554,0.00163679
6990,0.00300835,0.00186344
7000,0.00274019,0.00170051
7010,0.002838,0.00175635
7020,0.0023475,0.00143657
7030,0.00213069,0.00132197
7040,0.00202694,0.00125905
7050,0.00150924,0.000926948
7060,0.00169181,0.0010347
7070,0.00134101,0.000816211
7080,0.00108601,0.000658481
7090,0.00109561,0.000669522
7100,0.000982438,0.000607919
7110,0.000926645,0.000570499
7120,0.0010136,0.000629274
7130,0.00106053,0.000663668
7140,0.000988052,0.000611883
7150,0.000910906,0.000564971
7160,0.0010759,0.000658608
7170,0.00111065,0.000684526
7180,0.000946375,0.000577867
7190,0.000965372,0.0005936
7200,0.000972477,0.000592769
7210,0.00103131,0.000625901
7220,0.00118186,0.000715985
7230,0.00107561,0.000652564
7240,0.000968434,0.000591993
7250,0.000895889,0.000551728
7260,0.00086379,0.00053508
7270,0.00087404,0.000543346
7280,0.00075919,0.000470238
7290,0.00077007,0.000477762
7300,0.000616579,0.000383546
7310,0.000481546,0.000299811
7320,0.000545091,0.000339994
7330,0.00057072,0.000352739
7340,0.000514448,0.000320106
7350,0.000678074,0.000419565
7360,0.00066683,0.000415239
7370,0.000580574,0.000359928
7380,0.000515288,0.000316466
7390,0.000335121,0.000207043
7400,0.000358208,0.000222757
7410,0.000355883,0.000225121
7420,0.000321333,0.000201693
7430,0.000389407,0.000243542
7440,0.000394792,0.000248858
7450,0.000344457,0.000219692
7460,0.000257006,0.000161462
7470,0.000204929,0.000129846
7480,0.000187963,0.000117958
7490,0.000135918,8.54404e-05
7500,0.000119524,7.49615e-05
7510,0.000131991,8.32996e-05
7520,8.98031e-05,5.67607e-05
7530,8.00835e-05,5.01347e-05
7540,7.15935e-05,4.42107e-05
7550,5.47614e-05,3.40334e-05
7560,3.32988e-05,2.07497e-05
7570,2.17211e-05,1.33296e-05
7580,0,0
7590,0,0
7600,0,0
7610,0,0
7620,0,0
7630,0,0
7640,0,0
7650,0,0
7660,0,0
7670,0,0
7680,0,0
7690,0,0
7700,0,0
7710,0,0
7720,0,0
7730,0,0
7740,0,0
7750,0,0
7760,0,0
7770,0,0
7780,0,0
7790,0,0
7800,0,0
7810,0,0
7820,0,0
7830,0,0
7840,0,0
7850,0,0
7860,0,0
7870,0,0
7880,0,0
7890,0,0
7900,0,0
7910,0,0
7920,0,0
7930,0,0
7940,0,0
7950,0,0
7960,0,0
7970,0,0
7980,0,0
7990,0,0
8000,0,0
8010,0,0
8020,0,0
8030,0,0
8040,0,0
8050,0,0
8060,0,0
8070,0,0
8080,0,0
8090,0,0
8100,0,0
8110,0,0
8120,0,0
8130,0,0
8140,0,0
8150,0,0
8160,0,0
8170,0,0
8180,0,0
8190,0,0
8200,0,0
8210,0,0
8220,0,0
8230,0,0
8240,0,0
8250,0,0
8260,0,0
8270,0,0
8280,0,0
8290,0,0
8300,0,0
8310,0,0
8320,0,0
8330,0,0
8340,0,0
8350,0,0
8360,0,0
8370,0,0
8380,0,0
8390,0,0
8400,0,0
8410,0,0
8420,0,0
8430,0,0
8440,0,0
8450,0,0
8460,0,0
8470,0,0
8480,0,0
8490,0,0
8500,0,0
8510,0,0
8520,0,0
8530,0,0
8540,0,0
8550,0,0
8560,0,0
8570,0,0
8580,0,0
8590,0,0
8600,0,0
8610,0,0
8620,0,0
8630,0,0
8640,0,0
8650,0,0
8660,0,0
8670,0,0
8680,0,0
8690,0,0
8700,0,0
8710,0,0
8720,0,0
8730,0,0
8740,0,0
8750,0,0
8760,0,0
8770,0,0
8780,0,0
8790,0,0
8800,0,0
8810,0,0
8820,0,0
8830,0,0
8840,0,0
8850,0,0
8860,0,0
8870,0,0
8880,0,0
8890,0,0
8900,0,0
8910,0,0
8920,0,0
8930,0,0
8940,0,0
8950,0,0
8960,0,0
8970,0,0
8980,0,0
8990,0,0
9000,0,0
9010,0,0
9020,0,0
9030,0,0
9040,0,0
9050,0,0
9060,0,0
9070,0,0
9080,0,0
9090,0,0
9100,0,0
9110,0,0
9120,0,0
9130,0,0
9140,0,0
9150,0,0
9160,0,0
9170,0,0
9180,0,0
9190,0,0
9200,0,0
9210,0,0
9220,0,0
9230,0,0
9240,0,0
9250,0,0
9260,0,0
9270,0,0
9280,0,0
9290,0,0
9300,0,0
9310,0,0
9320,0,0
9330,0,0
9340,0,0
9350,0,0
9360,0,0
9370,0,0
9380,0,0
9390,0,0
9400,0,0
9410,0,0
9420,0,0
9430,0,0
9440,0,0
9450,0,0
9460,0,0
9470,0,0
9480,0,0
9490,0,0
9500,0,0
9510,0,0
9520,0,0
9530,0,0
9540,0,0
9550,0,0
9560,0,0
9570,0,0
9580,0,0
9590,0,0
9600,0,0
9610,0,0
9620,0,0
9630,0,0
9640,0,0
9650,0,0
9660,0,0
9670,0,0
9680,0,0
9690,0,0
9700,0,0
9710,0,0
9720,0,0
9730,0,0
9740,0,0
9750,0,0
9760,0,0
9770,0,0
9780,0,0
9790,0,0
9800,0,0
9810,0,0
9820,0,0
9830,0,0
9840,0,0
9850,0,0
9860,0,0
9870,0,0
9880,0,0
9890,0,0
9900,0,0
9910,0,0
9920,0,0
9930,0,0
9940,0,0
9950,0,0
9960,0,0
9970,0,0
9980,0,0
9990,0,0
