20 0
22 0
23 0
23 0
24 0
24 0
25 0
26 0
27 0
27 0
28 0
28 0
29 0
30 0
31 0
32 0
32 0
33 0
34 0
34 0
35 0
36 0
36 0
37 0
38 1
39 0
39 1
40 1
41 1
41 1
42 1
43 1
43 1
44 1
45 1
46 2
46 2
47 2
48 2
48 3
49 3
50 3
51 3
51 3
52 4
53 4
53 3
54 4
55 4
56 3
56 3
57 3
57 3
58 3
59 3
59 3
60 3
61 3
61 3
62 3
63 3
63 3
64 3
65 3
66 4
66 3
67 4
68 3
69 3
69 4
70 4
70 4
71 5
72 4
73 4
73 4
74 4
75 5
75 4
76 5
77 3
77 5
78 5
79 5
80 5
80 5
81 5
82 5
82 5
83 5
84 5
84 5
85 5
86 5
87 5
87 5
88 5
88 6
89 5
90 4
91 5
91 5
92 5
92 5
93 5
94 6
94 6
95 6
96 6
97 5
97 6
98 5
99 5
99 6
100 5
101 7
102 6
102 6
103 6
104 6
104 6
105 6
105 6
106 6
107 6
108 6
108 6
109 6
110 6
111 6
111 6
112 6
113 6
113 6
114 6
115 6
115 7
116 6
117 7
117 7
118 6
119 7
119 7
120 7
121 7
121 7
