20 0
22 0
23 0
24 0
24 0
25 0
25 0
26 0
27 0
27 0
28 0
29 0
30 0
31 0
31 0
32 0
32 0
33 0
34 0
35 0
35 0
36 0
37 0
37 0
38 0
39 0
39 0
41 0
42 0
41 0
42 0
43 0
43 0
44 0
45 0
45 0
47 0
47 0
48 0
49 0
49 0
50 0
51 0
51 0
52 0
53 0
53 1
54 0
55 1
56 2
56 1
57 2
58 2
58 2
60 3
60 3
61 3
61 3
62 3
62 3
63 2
64 2
65 3
65 3
67 4
67 4
68 4
68 3
69 3
70 4
70 3
71 3
72 3
72 5
73 5
74 4
74 3
75 3
76 4
77 5
77 4
79 4
79 4
79 4
80 4
81 3
82 4
83 3
83 4
85 4
85 4
85 4
86 4
87 4
88 4
88 4
89 4
90 4
90 6
91 4
92 5
92 3
93 5
94 6
95 4
95 5
96 3
96 6
97 3
98 4
99 4
99 4
100 5
101 7
101 7
102 5
103 5
104 6
104 6
105 6
106 6
107 6
107 6
108 6
108 6
109 6
110 6
110 6
112 6
112 6
112 6
113 6
114 6
115 6
115 6
116 6
117 6
118 6
118 6
119 6
119 6
120 6
121 6
121 6
