20 0
22 0
23 0
24 0
24 0
25 0
26 0
26 0
27 0
28 0
28 0
29 0
30 0
30 0
31 0
32 0
33 0
33 0
34 0
34 0
35 0
36 0
37 0
37 0
38 0
38 0
39 0
40 0
41 0
41 0
42 0
42 0
43 0
44 0
44 0
45 0
46 0
47 0
48 0
48 1
49 1
50 1
50 2
51 2
52 2
52 2
53 2
54 2
54 2
55 2
56 2
56 2
57 2
58 2
59 2
59 2
60 2
61 2
61 2
62 2
63 2
64 2
65 3
65 3
66 3
66 3
67 3
68 3
69 3
69 3
70 3
71 3
71 3
72 4
73 3
74 3
74 3
75 3
76 3
77 3
77 3
78 3
78 3
79 4
80 3
80 3
81 3
82 3
82 3
83 3
84 3
84 3
85 3
86 3
86 3
87 3
88 3
88 3
89 3
90 3
91 3
91 3
92 4
92 4
93 4
94 4
95 4
95 4
96 5
97 4
97 4
98 4
99 4
100 3
100 4
101 4
102 4
102 4
103 4
104 4
104 4
105 4
106 4
107 4
108 4
108 4
109 4
109 4
110 4
111 4
111 4
112 5
113 4
114 4
114 4
115 4
115 4
116 4
117 4
117 4
118 5
119 4
119 6
120 5
121 5
122 5
