20 0
22 0
22 0
23 0
24 0
25 0
25 0
26 0
27 0
27 0
28 0
29 0
29 0
30 0
31 0
32 0
32 0
33 0
33 0
34 1
35 0
36 1
36 0
37 0
38 1
38 0
39 1
40 2
40 1
41 2
42 1
43 3
43 2
44 2
45 3
45 2
46 3
47 3
48 3
49 2
49 3
50 3
50 4
51 4
52 4
53 4
53 4
54 4
54 4
55 3
56 4
57 4
57 4
58 4
59 4
59 4
60 4
61 4
62 4
62 4
63 4
63 4
64 4
65 4
65 4
66 4
67 4
68 4
68 4
69 5
70 5
71 4
71 4
72 5
73 4
73 4
74 4
75 4
75 6
76 6
77 7
77 7
78 8
79 7
80 8
80 7
81 6
82 6
82 7
83 7
84 8
85 9
85 7
86 9
86 8
87 8
88 7
89 7
90 9
90 8
91 8
91 7
92 8
93 8
93 8
94 7
95 7
96 8
96 8
97 8
98 8
98 7
99 8
100 8
101 8
101 8
102 8
103 8
104 8
104 8
105 8
105 8
106 8
107 8
107 7
108 8
109 7
110 8
110 8
112 8
112 7
113 7
113 7
114 7
115 7
115 7
116 7
117 7
117 7
118 7
119 7
119 8
120 7
121 7
121 7
