20 0
22 0
23 0
23 0
24 0
25 0
25 0
26 0
27 0
27 0
28 0
28 0
29 0
30 0
31 1
32 1
32 1
33 1
34 1
34 1
35 1
35 2
36 1
37 2
38 2
38 3
39 3
40 3
40 3
41 3
42 3
43 3
43 4
44 5
44 4
45 4
46 5
46 5
47 6
48 6
49 6
49 6
51 6
51 6
52 6
53 6
53 6
54 6
55 6
55 6
56 6
57 6
57 6
58 6
59 6
59 6
60 6
61 6
61 6
62 6
63 6
63 6
64 6
65 6
66 6
67 6
67 6
68 6
68 6
69 6
70 6
70 6
71 6
72 6
73 6
73 5
73 5
74 5
75 5
76 5
76 5
77 5
78 5
78 5
79 5
80 5
80 5
81 5
82 5
82 5
83 5
84 5
84 5
85 5
86 5
86 5
87 5
88 5
89 5
89 5
90 5
91 5
91 5
92 5
93 5
93 5
94 5
95 5
96 5
96 5
97 5
97 5
98 5
99 5
100 5
100 5
101 5
101 5
102 5
103 5
104 5
104 5
105 5
105 5
106 5
107 5
108 5
108 5
109 5
110 5
110 5
111 5
112 5
112 5
113 5
114 5
114 5
115 5
116 5
116 5
117 5
118 5
119 5
119 5
120 5
121 5
122 5
