20 0
22 0
22 0
23 0
24 0
25 0
25 0
26 0
26 0
28 0
28 0
29 0
30 0
31 0
31 0
32 0
32 0
33 0
34 0
35 0
35 0
36 0
37 0
37 0
38 0
39 0
39 0
40 0
41 0
41 0
42 0
43 0
44 0
44 0
45 0
46 0
46 0
47 0
48 0
49 0
49 0
50 0
51 1
52 1
53 1
53 1
54 0
55 0
56 1
56 1
57 1
58 1
58 1
59 1
60 1
60 1
61 2
62 2
62 1
63 2
64 2
64 3
65 2
66 2
67 2
67 2
68 2
69 2
69 2
70 2
71 2
71 3
72 3
73 3
73 2
74 2
75 2
76 3
76 3
77 3
78 3
79 3
79 3
80 3
81 3
81 3
82 3
83 3
83 3
84 3
85 3
86 3
86 3
87 3
87 3
88 3
89 3
89 3
91 3
91 3
92 3
92 4
93 3
94 3
95 3
95 3
96 3
96 3
97 3
98 3
99 3
100 3
100 3
101 3
101 3
103 3
104 3
104 3
105 3
105 4
106 3
107 4
107 3
108 3
109 3
109 4
110 3
111 3
112 3
112 3
113 3
114 3
115 3
116 3
117 3
117 3
118 3
118 3
119 3
120 3
120 3
121 3
