20 0
22 0
22 0
23 0
24 0
25 0
25 0
26 0
27 0
27 0
28 0
29 0
29 0
30 0
31 0
31 0
32 0
33 0
34 1
34 0
35 0
36 0
36 0
37 0
38 0
38 1
39 0
40 0
40 0
41 0
42 0
43 1
43 0
44 0
45 1
45 1
46 1
47 1
48 1
48 1
49 1
50 2
50 1
51 3
52 1
52 1
53 1
54 3
55 3
56 4
56 4
57 4
58 4
58 5
59 4
60 4
60 5
61 5
62 5
62 4
63 5
64 5
65 5
65 6
66 6
66 6
67 6
68 5
68 7
69 5
70 6
71 7
71 7
72 7
73 8
74 7
74 7
75 7
75 7
76 8
77 8
78 7
78 8
79 8
80 9
80 7
82 7
82 9
83 8
83 9
84 9
84 9
86 10
86 9
87 10
87 10
88 9
89 10
90 10
91 9
91 10
92 10
92 10
93 9
94 9
94 9
95 9
96 9
97 9
97 9
98 9
98 9
99 9
100 9
101 9
102 10
103 10
103 9
104 9
105 10
105 9
106 9
107 9
107 9
108 9
109 9
109 10
110 9
111 10
111 10
112 10
113 10
114 10
115 10
115 10
116 10
116 10
117 10
118 9
118 9
119 9
120 9
121 9
