20 0
22 0
22 0
23 0
24 0
25 0
25 0
26 0
27 0
28 0
28 0
29 0
30 0
30 0
31 0
32 0
32 0
33 0
33 0
34 0
35 0
36 0
36 1
37 0
38 0
38 1
39 0
40 0
41 0
41 2
42 1
43 1
44 1
44 2
45 2
45 2
46 1
47 1
48 3
48 3
49 3
50 2
50 2
51 2
52 3
52 3
53 3
54 3
54 2
55 3
56 3
57 4
57 3
58 3
59 5
59 4
60 4
61 4
61 4
62 4
62 4
63 4
64 4
65 5
65 4
66 5
67 4
68 4
68 4
69 3
69 3
70 6
71 7
72 6
72 5
73 6
74 6
75 6
75 6
76 6
77 6
77 6
78 8
79 6
79 6
80 5
81 7
81 7
82 7
83 7
84 8
84 8
85 7
85 7
86 7
87 8
88 8
89 8
90 7
90 8
91 8
91 7
92 8
93 8
94 8
94 8
95 8
95 8
96 7
97 8
98 7
98 8
99 8
99 8
100 8
101 7
101 7
102 7
103 8
104 8
104 8
105 8
106 7
106 8
107 7
108 8
108 7
110 8
110 7
111 7
111 8
112 7
113 7
114 7
115 8
115 7
116 7
117 7
117 7
118 8
118 9
119 8
120 8
121 8
121 8
