20 0
22 0
22 0
23 0
24 0
25 0
25 0
26 0
26 0
27 0
28 0
29 0
29 0
30 0
31 0
31 0
32 0
33 0
34 0
34 0
35 0
35 0
36 0
37 0
38 0
38 0
39 0
40 0
40 0
41 0
42 0
42 0
44 0
44 1
45 1
45 1
46 1
46 1
48 2
48 1
49 1
50 1
50 1
51 2
52 2
52 2
53 2
54 1
55 3
55 2
56 2
57 2
57 3
58 2
58 2
59 2
60 2
61 2
62 2
62 2
63 1
64 2
64 3
65 2
66 1
66 3
67 3
68 3
68 2
69 4
70 3
70 3
71 4
72 3
72 2
73 4
74 4
75 3
75 4
76 2
76 2
77 3
78 2
79 4
79 4
80 3
81 3
81 4
82 6
83 4
84 3
84 5
85 5
86 3
87 4
87 3
88 5
88 4
89 4
90 4
91 4
91 4
92 5
93 5
93 4
94 6
95 5
96 6
96 7
97 6
98 7
98 7
99 7
100 6
100 7
101 6
102 7
102 7
103 7
104 7
105 6
105 6
106 6
107 6
107 6
108 5
109 5
109 5
110 5
111 5
112 5
112 5
113 5
113 5
115 5
115 5
116 5
116 5
117 5
118 5
119 5
119 5
120 5
120 5
121 5
