20 0
22 0
22 0
23 0
24 0
24 0
25 0
26 0
27 0
27 0
29 0
29 0
29 0
30 0
31 0
32 0
32 0
33 0
34 0
34 1
35 0
36 0
37 0
37 1
38 1
39 0
39 1
40 1
41 1
42 1
42 1
43 1
44 1
44 1
45 1
46 1
46 2
48 1
48 1
49 1
49 1
50 1
51 2
52 1
52 2
53 2
54 1
55 1
55 1
56 1
57 1
57 1
58 1
59 4
60 2
60 2
61 3
62 3
62 2
63 3
64 3
64 2
65 3
66 3
67 5
67 4
69 6
69 6
70 6
71 7
71 6
72 6
73 5
73 9
74 9
74 8
75 8
76 10
77 8
77 8
78 6
79 8
80 8
80 8
81 8
81 8
82 9
83 8
84 8
85 10
85 9
86 8
87 10
87 10
88 7
89 9
89 9
90 9
91 10
92 9
93 9
93 9
94 9
95 9
96 8
96 9
97 9
98 9
98 9
99 9
100 9
100 9
101 10
102 10
103 10
103 9
104 9
105 9
105 8
106 9
107 9
108 9
108 9
109 9
110 9
111 9
111 9
112 9
113 9
114 9
115 9
115 9
116 9
116 9
117 9
118 9
119 9
119 9
120 9
121 9
121 9
122 9
