20 0
22 0
23 0
23 0
24 0
24 0
25 0
26 0
27 0
27 0
28 0
29 0
29 0
30 0
31 0
32 0
32 0
33 0
34 0
34 1
35 0
36 0
37 1
37 0
38 1
38 1
39 0
40 1
41 2
41 1
42 2
42 2
44 2
44 2
45 2
45 2
46 2
47 2
47 3
48 3
49 3
50 3
50 3
51 3
52 3
53 3
53 3
54 3
54 3
55 3
56 3
56 3
57 3
58 3
58 3
59 3
60 4
61 4
61 4
62 4
63 4
63 5
64 4
65 4
65 4
66 4
67 4
67 4
68 4
69 4
69 4
71 4
71 4
72 4
72 4
73 4
74 4
74 4
75 4
76 4
76 4
77 4
78 4
78 4
79 4
80 4
81 4
81 4
82 4
83 5
84 4
84 4
85 4
86 5
86 5
87 5
88 4
88 5
89 5
89 5
90 4
91 5
92 4
92 5
93 5
93 4
94 4
95 5
96 5
96 5
97 5
98 5
99 5
99 5
100 5
101 6
101 5
102 5
103 5
103 5
104 5
105 5
106 5
106 5
107 6
108 5
108 6
109 6
110 6
111 6
111 6
113 6
113 6
114 6
114 6
115 6
116 7
116 6
117 7
118 7
118 7
119 7
120 7
120 6
121 7
