20 0
22 0
22 0
23 0
24 0
24 0
25 0
26 0
27 0
27 0
28 0
29 0
29 0
30 0
31 0
31 0
32 0
33 0
34 1
34 0
35 1
36 1
36 1
37 1
38 0
38 0
39 1
40 1
40 1
41 1
42 2
42 2
43 2
44 3
44 3
45 3
46 3
47 4
48 4
48 3
49 4
50 4
51 5
52 6
52 5
52 5
53 5
54 5
54 5
55 5
56 6
56 6
57 7
58 7
59 6
59 7
60 7
61 7
62 7
62 8
63 7
64 7
64 7
65 7
66 7
67 8
67 8
68 8
68 7
69 8
70 8
71 8
71 7
72 8
73 7
73 8
74 9
75 7
75 7
76 8
76 7
77 7
78 7
79 7
80 8
81 8
81 7
82 8
82 8
83 7
84 7
84 9
86 10
86 9
87 9
88 10
88 9
89 8
89 8
90 8
90 9
91 9
92 9
93 8
93 9
94 9
95 9
95 10
96 9
97 9
97 10
98 10
99 10
100 10
100 10
101 10
102 10
102 10
103 10
103 10
104 10
105 10
106 10
107 10
107 10
108 10
108 10
109 10
110 10
111 11
111 11
112 11
112 11
113 11
114 11
115 12
115 11
116 12
117 12
117 11
118 11
119 11
120 11
120 11
121 10
121 10
