20 0
22 0
23 0
23 0
24 0
24 0
25 0
26 0
27 0
27 0
28 0
29 0
29 0
30 0
31 0
32 0
32 0
33 0
33 0
34 0
35 0
36 0
36 0
37 0
38 0
38 2
39 0
40 1
40 0
41 1
42 1
43 0
43 1
44 1
44 2
45 1
46 2
47 3
47 2
48 3
48 2
49 2
50 3
51 3
51 3
52 3
53 3
54 3
54 3
55 2
55 3
56 2
57 3
58 3
58 3
59 3
60 3
60 3
61 3
62 3
63 3
63 5
64 3
65 4
65 4
66 3
67 4
67 4
68 4
69 4
69 4
70 5
71 4
72 4
72 4
73 4
74 4
75 5
75 4
76 4
77 4
77 4
78 4
79 4
79 4
80 3
81 4
82 3
83 4
83 3
84 3
84 3
85 3
86 3
87 3
87 3
88 3
89 3
89 4
90 3
91 6
92 3
92 4
93 5
94 5
94 5
95 5
95 5
96 4
97 5
98 4
98 4
99 5
100 5
101 5
101 5
102 5
103 5
103 6
104 5
104 6
105 5
106 6
106 6
107 6
108 6
108 6
109 6
110 6
111 6
111 6
112 6
113 5
113 5
114 6
115 7
116 6
116 6
117 6
118 7
119 6
119 6
120 6
121 7
121 7
