20 0
22 0
22 0
23 0
24 0
25 0
25 0
26 0
27 0
27 0
28 0
29 0
29 0
30 0
31 0
31 0
32 0
33 0
33 0
34 0
35 0
36 0
36 1
37 2
37 2
38 2
39 2
40 2
40 3
41 3
42 2
42 2
43 3
43 2
44 2
45 3
46 3
46 4
47 3
48 4
49 3
49 5
50 7
51 6
51 6
52 6
53 6
53 5
54 6
55 7
55 5
56 5
57 4
58 6
59 5
59 6
60 6
60 6
62 6
62 6
63 6
63 6
64 5
65 6
65 6
66 6
67 6
67 5
68 5
69 5
69 6
70 5
71 5
71 5
72 5
73 5
73 5
74 5
75 4
75 5
76 6
77 4
78 4
78 5
79 5
80 5
80 5
81 4
82 4
82 5
83 4
84 4
84 4
85 5
86 5
86 5
87 4
88 4
88 4
89 5
90 4
90 4
91 5
92 4
92 5
94 4
94 4
95 5
96 5
96 4
97 5
98 5
98 5
99 5
100 5
100 5
101 5
102 5
102 5
103 5
103 5
104 5
105 5
105 5
107 5
107 5
108 5
109 5
109 5
110 5
111 5
111 5
112 5
113 5
113 5
114 5
115 5
115 5
116 5
117 5
118 5
118 5
119 5
120 5
120 5
121 5
121 6
