20 0
22 0
23 0
24 0
24 0
25 0
25 0
26 0
27 0
28 0
28 0
29 0
29 0
31 0
31 0
32 0
33 0
33 0
34 0
35 0
35 0
36 0
37 0
37 0
38 0
39 0
40 0
40 0
41 0
41 0
42 0
43 0
44 0
44 0
45 0
46 0
47 0
47 0
48 0
49 0
49 0
50 0
51 0
51 0
52 0
53 0
53 0
54 0
55 0
55 0
56 0
57 0
58 0
58 0
59 0
60 0
60 0
61 0
62 0
63 0
63 1
64 0
65 0
66 0
66 0
67 1
67 0
68 0
69 1
70 1
70 1
71 1
72 1
72 1
73 2
74 2
74 2
75 1
76 2
77 2
77 2
78 2
79 2
79 2
80 2
81 2
82 2
82 2
83 2
84 2
84 2
85 2
86 2
86 2
87 2
88 2
89 2
89 2
90 2
91 3
91 3
92 3
93 2
93 2
94 2
95 2
95 2
96 3
97 3
98 2
98 2
99 2
100 3
101 4
101 3
102 4
103 4
103 4
104 3
105 3
106 4
106 4
107 4
108 4
108 3
109 4
109 5
110 5
111 4
112 4
113 3
114 4
114 4
114 3
115 4
116 4
117 4
117 4
118 3
119 3
120 3
120 3
121 3
