20 0
22 0
22 0
23 0
24 0
24 0
25 0
26 0
27 0
27 0
28 0
29 0
29 0
30 0
30 0
32 0
32 0
33 0
33 0
34 0
35 0
36 0
36 0
37 0
37 1
38 0
39 0
40 1
40 1
41 1
42 1
42 2
43 1
44 1
44 2
46 2
46 1
47 1
47 1
48 1
49 1
49 2
50 2
51 1
51 1
52 2
53 2
53 2
54 2
55 1
56 1
56 1
57 1
57 1
58 1
59 1
60 1
60 1
61 1
62 1
62 1
63 2
64 1
64 2
65 2
66 1
67 1
68 1
68 2
69 1
69 2
70 2
71 3
71 3
72 4
73 2
74 4
74 3
75 4
76 4
77 5
77 4
78 4
79 3
79 3
80 5
80 5
81 5
82 4
83 5
83 5
84 5
84 5
85 5
86 5
86 5
87 5
88 5
89 5
90 6
90 5
90 6
92 6
92 5
93 6
94 6
94 6
95 6
95 7
96 5
97 7
97 7
99 5
99 5
100 5
100 6
101 5
102 5
102 5
103 5
104 5
104 5
105 5
106 5
106 5
107 5
108 5
108 5
109 5
109 5
110 5
111 5
111 5
113 5
113 5
114 5
114 5
115 5
116 5
116 5
118 5
119 5
119 5
120 5
120 5
121 5
122 5
