20 0
22 0
22 0
23 0
24 0
25 0
26 0
26 0
26 0
27 0
28 0
29 0
29 0
30 0
31 0
31 0
32 0
33 0
34 0
34 1
35 0
36 0
36 0
37 0
38 0
38 1
39 1
40 1
40 2
41 1
42 1
42 1
43 1
44 2
45 1
45 1
46 1
47 1
47 1
48 1
49 2
50 1
50 2
52 1
52 1
52 1
53 1
54 1
55 2
55 1
56 3
57 5
57 1
58 3
59 3
60 3
60 2
61 3
61 4
62 5
63 4
64 4
64 4
65 4
66 4
66 4
67 4
68 4
68 4
69 4
70 4
70 4
71 4
72 4
73 4
73 4
74 4
75 4
75 4
76 4
77 4
78 4
78 4
79 5
79 5
80 4
81 4
81 4
82 4
83 5
84 5
84 5
85 6
86 5
87 5
87 5
88 6
89 6
89 5
90 6
90 6
91 6
92 6
92 6
93 7
94 5
95 6
96 7
96 8
97 7
98 8
99 8
99 7
100 7
101 7
101 7
102 7
103 6
103 6
104 7
104 7
105 7
106 7
107 7
107 8
108 8
109 7
109 8
110 7
111 8
112 7
112 6
113 7
114 7
115 6
115 6
116 7
117 7
117 6
118 6
119 7
120 6
120 7
121 6
121 7
