20 0
22 0
23 0
23 0
24 0
25 0
25 0
26 0
27 0
28 0
28 0
29 0
30 0
31 0
31 0
32 0
33 0
33 0
34 1
35 1
36 1
36 1
37 1
37 1
38 1
39 1
40 1
41 1
41 1
42 1
43 1
43 1
44 1
45 1
45 1
46 1
47 1
48 1
48 1
49 1
50 1
50 1
51 1
51 1
52 1
53 3
54 3
54 1
55 1
56 2
57 2
57 2
58 3
59 3
59 3
60 4
61 4
62 2
62 4
63 2
64 3
64 3
65 2
66 4
67 3
67 3
68 3
69 3
69 4
70 3
71 3
71 4
72 2
73 3
73 3
74 3
75 5
76 4
77 2
77 4
78 4
79 3
79 3
80 4
81 3
81 3
82 4
82 3
83 3
84 3
85 3
85 3
86 2
87 5
87 4
88 4
89 4
90 5
90 4
91 4
92 4
92 3
93 5
94 4
95 4
95 4
96 4
96 4
97 4
98 4
99 4
99 5
100 3
101 4
102 4
102 3
103 4
104 3
104 4
105 5
106 5
106 4
107 5
108 5
108 5
109 5
110 5
110 5
111 5
112 5
112 5
113 4
114 5
115 5
116 5
117 5
117 5
118 5
118 5
119 5
120 5
120 4
121 4
