20 0
22 0
22 0
23 0
24 0
24 0
25 0
26 0
27 0
27 0
28 0
28 0
29 0
30 0
31 0
31 0
32 0
33 0
34 0
34 0
35 0
35 1
36 0
37 1
38 1
39 1
40 1
40 1
41 1
41 1
42 1
43 1
44 2
44 2
45 3
45 2
46 2
47 2
47 2
48 3
49 3
50 3
50 3
51 3
52 4
53 4
53 5
54 3
55 4
55 4
56 4
56 4
57 4
58 4
59 5
59 4
60 5
61 5
61 5
62 4
63 5
63 5
64 5
65 5
65 5
66 5
67 5
68 5
68 5
69 5
70 5
70 5
71 6
72 5
72 5
73 5
74 5
75 6
76 5
76 5
77 6
78 6
78 6
79 6
80 5
80 5
81 6
82 5
82 6
83 5
84 5
84 5
85 5
86 5
86 5
87 5
88 5
88 5
89 5
90 5
91 5
92 6
92 6
93 6
93 5
94 6
94 6
95 6
96 6
97 6
97 6
98 6
99 5
100 5
100 6
101 5
101 5
102 5
103 5
104 6
105 6
105 6
106 7
106 7
107 7
108 7
108 8
109 8
110 8
110 8
111 8
112 8
113 7
113 8
114 8
115 8
115 8
116 8
116 8
117 8
118 8
119 8
119 8
120 8
121 8
122 8
