20 0
22 0
23 0
24 0
24 0
25 0
25 0
26 0
27 0
27 0
28 0
29 0
29 0
30 0
31 0
32 1
32 1
33 1
34 1
34 2
35 2
35 2
36 2
37 1
38 1
39 2
39 2
40 2
41 1
41 2
42 2
43 1
43 2
44 2
45 2
45 2
46 2
47 2
48 3
48 2
49 3
50 2
51 4
52 4
52 3
52 4
53 4
54 4
55 4
56 4
56 3
57 4
57 4
59 5
59 5
59 4
60 4
61 4
62 4
63 5
63 4
64 5
64 4
65 5
66 5
67 5
67 5
68 5
69 5
69 5
70 5
71 5
71 5
72 5
73 5
74 5
74 5
75 6
76 6
77 6
77 5
78 6
78 6
79 6
80 6
80 6
81 6
82 6
83 6
83 6
84 7
85 6
85 6
86 7
87 6
87 7
88 6
89 7
89 7
90 7
91 7
91 7
92 7
93 7
94 6
94 6
95 6
96 6
96 6
97 6
97 6
98 5
99 6
100 6
101 5
101 6
102 6
103 5
103 5
104 5
104 5
105 5
106 5
107 5
107 5
108 5
109 5
109 5
110 5
111 5
111 5
112 5
114 6
114 5
114 6
115 5
116 5
116 5
117 6
118 6
118 5
119 6
120 6
120 6
121 6
