20 0
22 0
23 0
23 0
24 0
25 0
26 0
26 0
26 0
27 1
28 0
29 0
30 0
31 0
31 1
32 1
32 0
33 1
34 1
34 1
35 1
36 1
37 1
37 1
38 1
39 1
39 1
40 1
41 1
42 1
42 1
43 1
44 1
44 1
45 1
46 1
46 1
47 1
48 2
49 2
50 1
50 3
51 3
51 3
52 3
53 4
53 4
54 4
55 4
56 4
56 5
57 4
58 4
58 4
59 4
60 4
60 4
62 4
62 4
63 4
63 4
64 4
65 4
66 4
67 5
67 5
68 5
68 5
69 5
70 5
71 5
71 5
72 5
73 5
73 4
74 4
75 6
75 5
76 5
77 5
77 5
78 4
79 6
80 6
81 5
82 5
82 5
83 6
83 5
84 5
85 6
85 8
86 6
87 8
88 6
89 6
89 6
90 7
90 7
91 6
92 6
92 6
93 6
94 7
95 7
95 8
96 8
97 8
97 8
98 8
99 8
99 8
100 8
101 8
102 8
102 8
103 8
104 8
104 8
105 8
106 8
107 8
107 8
108 8
109 9
110 8
110 8
111 8
111 8
113 8
113 8
114 8
114 8
115 8
116 8
116 8
117 8
118 9
119 8
119 9
121 8
121 10
122 10
