20 0
22 0
23 0
23 0
24 0
25 0
26 0
26 0
27 0
27 0
28 0
29 0
30 0
30 0
31 0
32 0
32 0
33 0
34 0
34 0
35 0
36 0
37 0
37 0
38 0
38 0
39 0
40 0
41 0
42 0
42 0
43 0
43 0
44 0
45 0
45 0
46 0
47 1
47 1
49 0
49 2
50 1
51 2
51 1
52 1
53 2
54 1
54 2
55 2
55 2
56 2
57 2
58 2
58 2
59 2
60 2
61 2
61 2
62 2
62 2
63 2
64 2
65 2
65 2
66 3
67 3
67 3
68 3
69 3
69 3
70 3
71 3
71 3
72 3
73 3
74 3
74 3
75 4
76 4
77 4
77 4
78 4
79 4
80 4
81 4
81 4
81 5
82 4
83 4
84 5
85 4
85 5
86 4
87 5
87 5
88 4
89 5
89 5
90 6
91 6
91 5
92 5
93 4
94 6
94 6
95 5
96 6
96 6
97 6
98 6
99 6
99 7
100 6
100 6
101 6
102 7
102 6
103 7
104 7
105 7
105 6
106 6
107 6
107 6
108 6
109 6
109 6
110 6
111 6
112 6
113 7
114 7
114 7
115 7
115 7
116 7
117 7
117 7
118 7
119 7
120 7
120 8
121 7
121 7
122 7
