20 0
22 0
23 0
23 0
24 0
25 0
25 0
26 0
27 0
27 0
28 0
29 0
29 0
30 0
31 0
32 0
32 0
33 0
34 0
34 0
35 0
36 0
36 0
37 0
38 0
39 0
39 0
40 1
41 1
41 1
42 0
43 1
44 1
45 2
45 0
46 1
47 1
47 1
48 1
49 0
49 0
50 2
51 2
51 1
52 1
53 1
54 2
55 1
55 2
56 2
56 1
57 4
58 4
59 4
59 4
60 3
61 3
61 3
62 2
63 4
63 3
64 3
65 3
65 4
66 3
67 5
68 4
68 5
69 5
70 5
70 4
71 4
72 4
73 5
74 5
74 6
75 6
76 5
77 5
77 5
78 5
78 5
79 5
80 6
80 5
81 6
82 6
83 6
83 6
84 7
85 6
85 6
86 6
87 7
88 7
88 7
89 7
89 7
90 7
91 7
92 7
92 7
93 7
94 7
95 7
95 7
96 7
97 7
97 7
98 8
99 7
100 7
100 6
101 6
102 6
102 6
103 6
104 6
104 6
105 6
106 7
106 8
107 7
108 6
109 7
109 7
110 6
111 8
112 7
112 6
113 7
113 7
114 8
115 7
116 8
116 8
117 8
118 8
118 8
119 8
120 8
120 8
122 8
