20 0
22 0
22 0
23 0
24 0
24 0
25 0
26 0
27 0
27 0
28 0
29 0
29 0
30 0
31 0
32 0
32 0
33 0
34 0
34 0
35 0
36 0
36 0
37 0
38 0
39 0
39 0
40 0
40 1
41 0
42 0
43 0
44 0
45 0
45 1
46 0
47 1
48 1
48 0
49 0
49 1
50 1
51 2
51 2
52 3
53 2
53 2
54 3
55 3
56 3
56 3
57 3
58 4
58 2
59 3
60 5
60 4
61 4
62 4
62 4
63 4
63 3
64 3
65 3
66 3
66 3
67 3
68 4
69 4
70 2
70 4
71 3
72 2
72 2
73 4
74 3
75 3
75 4
76 5
76 6
77 6
78 5
78 7
79 6
80 7
80 7
81 6
82 7
82 7
83 7
84 7
84 7
85 7
86 7
86 7
87 7
88 7
89 7
89 7
90 7
90 6
91 8
92 8
93 7
94 7
94 7
95 7
95 8
96 7
97 8
97 7
98 7
99 6
100 7
101 8
101 8
102 7
102 7
103 7
104 7
105 7
105 7
106 8
106 8
107 8
109 8
109 8
110 8
110 8
111 8
111 8
112 9
113 9
113 9
114 9
115 9
115 9
116 9
117 9
117 9
118 9
119 9
119 9
120 9
121 9
121 9
122 9
