20 0
22 0
22 0
23 0
24 0
25 0
26 0
26 0
27 0
27 0
28 0
29 0
30 0
30 0
31 0
32 0
32 0
33 0
34 0
35 0
35 0
36 0
37 0
38 0
38 0
39 1
40 1
40 0
41 0
42 1
42 1
43 1
44 0
45 1
45 1
46 0
47 0
47 0
48 0
49 1
50 1
50 0
51 0
51 0
52 0
53 0
54 0
55 0
56 0
56 1
57 1
58 1
58 3
59 1
60 2
60 1
61 2
62 3
62 3
63 1
64 2
65 1
66 4
66 2
67 3
68 3
69 4
69 5
70 4
71 2
71 4
72 6
73 5
74 4
75 6
75 6
76 6
76 6
77 6
78 6
78 6
79 6
80 6
81 6
82 6
82 6
83 6
83 6
84 6
85 6
85 5
86 6
87 6
88 6
88 6
89 6
90 6
90 6
91 6
92 6
92 6
93 6
94 7
95 7
96 6
96 7
97 7
97 7
98 7
99 8
100 5
101 7
102 7
102 6
103 6
103 6
105 7
105 7
106 7
106 7
107 7
107 7
108 7
109 7
110 7
110 6
111 6
112 6
112 6
113 6
114 6
115 7
115 6
116 7
117 6
117 6
118 6
119 6
119 6
120 6
121 6
122 7
122 6
