20 0
22 0
22 0
23 0
24 0
25 0
25 0
26 0
27 0
28 0
28 0
29 0
30 0
30 0
31 0
32 0
32 0
33 0
34 0
34 0
35 0
36 0
37 0
37 0
38 0
39 0
39 0
40 0
41 0
42 0
42 0
43 0
44 0
44 0
45 0
45 0
46 0
47 0
47 0
48 0
49 1
50 1
50 1
51 1
51 1
53 1
53 2
54 1
55 2
55 2
56 2
57 3
57 2
58 4
59 5
59 4
60 4
61 5
62 5
62 5
63 5
63 5
64 5
65 5
65 5
66 5
67 6
67 6
68 5
69 5
70 5
70 5
71 5
72 6
72 5
73 6
74 5
75 6
75 6
76 6
77 6
78 6
78 6
79 6
80 5
80 6
82 6
82 7
83 7
83 7
84 6
85 8
86 7
86 7
87 6
87 6
88 6
89 6
89 6
90 6
91 6
92 6
92 6
93 5
94 5
94 6
95 6
96 4
96 6
97 6
98 6
98 6
99 6
100 6
101 6
101 6
102 6
103 5
103 6
104 6
105 6
105 6
106 6
106 6
107 6
108 6
108 6
109 6
111 6
111 6
112 6
112 6
113 6
114 6
115 6
115 6
116 6
116 6
118 6
118 6
119 6
119 6
120 6
121 6
121 6
