20 0
22 0
22 0
23 0
24 0
25 0
26 0
26 0
27 0
27 0
28 0
29 0
29 0
30 0
31 0
32 0
32 0
33 0
34 1
34 1
35 1
36 0
36 1
37 1
38 2
38 2
39 2
40 3
41 3
41 4
42 3
43 5
43 6
44 6
45 6
45 6
46 6
47 6
47 6
48 6
49 6
49 6
50 6
51 6
52 6
52 6
53 6
54 6
54 6
55 6
56 7
56 6
57 6
58 6
58 6
59 6
60 6
60 6
61 6
62 6
63 7
64 6
64 5
65 6
66 6
66 6
67 6
67 6
69 6
69 6
70 6
70 6
71 6
72 6
72 7
73 6
74 7
75 6
75 7
76 7
77 7
77 6
78 6
79 6
79 6
80 6
81 6
81 6
82 6
83 5
84 6
85 6
85 6
86 6
86 6
87 6
88 5
89 6
89 5
90 5
91 6
91 6
92 5
92 5
93 5
94 5
95 6
95 5
96 5
97 5
97 5
98 5
99 5
99 5
100 5
101 6
101 5
102 5
103 5
104 5
104 5
105 5
105 5
106 5
107 5
108 6
108 7
109 6
110 6
111 7
111 6
112 6
112 6
113 5
114 7
114 6
115 6
116 6
117 6
117 6
118 6
118 6
119 5
120 6
121 6
121 6
