20 0
22 0
23 0
23 0
24 0
25 0
25 0
26 0
27 0
28 0
28 0
29 0
30 0
31 0
31 0
32 0
32 0
33 0
34 0
34 0
35 0
36 0
37 0
38 0
38 0
39 0
40 0
41 0
42 0
43 0
43 0
44 0
45 0
45 0
46 0
46 0
47 0
48 0
48 0
49 0
50 0
51 0
51 0
52 0
53 0
53 0
54 0
55 0
55 0
56 0
57 0
58 0
58 0
59 0
60 0
60 0
61 0
62 0
62 0
63 0
64 0
64 0
65 0
66 0
66 0
68 0
68 0
69 0
69 0
70 0
71 1
71 1
72 1
73 1
73 0
74 0
75 0
76 0
76 0
77 0
78 0
79 0
79 0
80 0
81 0
81 1
82 0
83 0
83 0
84 0
85 0
86 1
87 2
87 1
88 1
89 2
89 1
90 2
91 2
91 1
92 2
93 1
94 2
95 3
95 2
96 2
96 2
97 2
98 3
98 2
99 2
100 3
101 2
101 2
102 2
103 2
103 1
104 2
105 2
105 2
106 2
107 1
108 2
109 1
109 2
110 1
110 1
111 2
112 2
112 2
113 2
114 3
115 3
116 3
116 3
117 3
118 2
118 3
119 3
120 3
120 2
121 2
