20 0
22 0
22 0
24 0
24 0
25 0
25 0
26 0
27 0
27 0
28 0
29 0
30 0
30 0
31 0
32 0
32 1
33 1
34 1
34 1
35 1
35 1
36 1
37 1
38 1
38 1
39 1
40 1
41 1
41 1
42 1
43 1
43 1
44 1
45 1
45 1
46 1
47 1
47 1
48 1
49 1
49 1
50 1
51 1
52 2
52 2
53 2
54 2
55 3
55 2
56 2
57 2
58 2
58 2
59 2
59 2
60 2
61 2
61 2
62 2
63 2
64 2
64 2
65 2
66 3
67 4
67 4
68 3
69 3
70 3
70 3
71 3
71 3
72 3
73 3
74 3
74 3
75 3
76 3
77 3
77 3
78 3
78 3
79 3
80 3
81 3
81 3
82 3
82 3
84 3
84 4
85 4
85 2
86 2
87 2
88 2
88 2
89 2
90 3
90 2
91 2
92 2
93 2
93 2
94 2
95 2
95 2
96 2
96 3
98 2
98 2
99 4
99 2
100 2
101 2
101 2
102 4
103 4
104 3
104 3
105 2
106 3
106 3
107 3
108 3
109 3
110 4
110 3
111 3
112 3
112 4
113 3
113 3
114 4
115 5
116 4
117 4
117 5
118 4
119 6
120 5
120 6
121 5
