20 0
22 0
22 0
23 0
24 0
25 0
25 0
26 0
27 0
28 0
28 0
29 0
30 0
30 0
31 1
31 2
32 0
33 1
34 2
34 1
35 1
36 2
36 2
37 2
38 2
39 2
39 2
40 2
41 2
41 3
42 2
43 3
44 2
44 4
45 3
45 3
46 3
47 4
48 4
48 5
49 5
49 6
50 5
51 5
52 5
52 5
53 5
54 5
54 5
55 6
56 6
57 7
57 6
58 7
59 6
59 7
60 5
61 7
61 7
62 7
63 7
63 7
64 7
65 7
66 7
66 7
67 7
67 7
68 7
69 8
70 8
70 8
71 9
72 8
72 7
73 9
74 11
75 12
75 10
76 10
76 12
77 11
78 10
79 9
79 9
80 11
81 10
81 10
82 10
83 11
83 9
84 11
85 9
86 10
86 11
87 11
87 9
88 9
89 9
89 8
90 8
91 8
92 9
92 9
93 9
94 9
94 9
95 9
96 9
97 9
97 9
98 9
99 9
99 9
100 9
101 9
101 9
102 9
103 9
103 9
104 9
105 9
105 9
106 9
107 9
108 9
108 9
109 10
110 9
110 9
111 9
111 9
112 9
113 9
114 9
114 9
115 9
116 9
116 9
117 9
118 10
118 10
119 9
119 9
120 9
121 9
