20 0
22 0
23 0
23 0
25 0
25 0
25 0
26 0
27 0
28 0
28 0
29 0
30 0
30 0
31 0
32 0
32 0
33 0
34 0
35 0
35 0
36 0
37 0
38 0
38 0
39 0
40 0
41 0
41 1
42 0
43 0
44 1
44 1
45 0
45 0
46 1
47 0
48 1
48 1
49 1
50 1
50 1
51 1
52 1
52 1
53 1
54 1
54 1
55 1
56 1
57 1
57 0
59 2
59 2
60 2
60 2
61 2
62 2
63 2
63 2
64 2
65 2
65 2
67 2
67 2
67 2
68 2
69 2
70 2
70 2
71 2
72 2
73 2
73 2
74 2
75 2
76 2
76 2
77 2
78 2
78 2
79 2
80 2
80 2
82 3
82 2
83 2
83 3
84 3
85 2
86 2
86 3
87 2
88 2
89 4
89 2
90 2
91 2
91 2
92 2
93 4
93 3
94 2
95 3
96 3
96 3
97 3
98 3
98 4
99 3
100 3
101 4
102 4
102 4
103 4
104 3
104 5
105 5
106 4
107 5
107 5
108 5
108 5
109 5
110 5
110 5
111 5
112 4
113 5
113 5
114 4
115 5
116 4
116 4
117 4
118 4
118 4
119 4
120 3
120 4
121 4
122 4
