20 0
22 0
22 0
23 0
24 0
24 0
25 0
26 0
27 0
27 0
28 0
29 0
30 0
30 0
31 0
32 1
32 0
33 0
34 1
34 1
35 0
36 1
36 0
37 1
38 1
38 0
39 1
40 1
41 2
41 1
42 2
43 2
43 2
45 2
44 2
45 2
46 2
47 3
47 2
48 2
49 2
49 4
50 2
51 3
52 3
52 4
53 3
54 4
54 4
55 3
55 5
56 6
57 6
58 6
58 7
59 6
59 7
60 5
61 6
61 7
62 6
63 7
64 6
64 6
65 7
66 8
66 8
67 8
69 8
69 9
70 8
70 8
71 9
72 8
73 8
73 8
74 8
74 8
75 8
76 8
77 8
77 8
78 8
79 8
79 8
80 8
80 9
81 9
82 8
83 8
83 9
84 8
85 9
85 8
86 9
87 10
88 10
88 8
89 10
90 10
90 9
91 10
92 10
92 10
93 11
93 12
94 12
95 11
96 12
96 11
97 11
98 10
98 10
99 11
100 11
100 10
101 10
102 10
102 11
103 11
104 11
104 11
106 11
106 11
106 12
107 11
108 11
109 11
110 10
110 11
111 10
111 11
112 11
113 11
114 11
114 11
114 11
115 11
116 11
117 11
117 11
118 11
119 11
120 11
120 11
121 11
122 11
