20 0
22 0
23 0
23 0
24 0
25 0
25 0
26 0
26 0
27 0
28 0
29 0
29 0
30 0
31 0
32 0
32 0
33 0
33 1
34 0
35 1
36 1
36 1
37 2
38 1
39 1
39 1
40 1
41 2
42 1
42 2
43 2
44 2
44 2
45 2
46 1
46 2
47 1
48 1
49 1
49 2
50 1
51 1
51 3
52 3
53 3
53 2
54 2
55 2
55 2
56 3
57 2
58 3
58 3
59 3
60 4
61 4
61 3
62 4
63 4
63 3
64 4
65 4
66 5
66 5
67 6
68 6
68 5
69 5
70 7
70 6
71 6
72 6
73 7
73 6
74 6
75 6
75 5
76 6
77 6
78 6
78 6
79 6
80 6
80 6
81 9
81 7
82 6
83 6
84 6
85 6
85 7
86 7
87 7
88 7
88 9
89 6
89 8
90 9
91 10
91 10
92 11
93 9
94 10
94 11
95 10
96 9
97 9
97 10
98 10
99 10
100 9
100 8
101 9
102 9
102 9
103 9
104 9
104 9
105 9
106 9
106 9
107 9
108 9
109 9
109 9
110 9
111 9
111 10
112 9
113 10
113 10
114 9
115 11
115 10
116 11
117 11
117 9
118 10
119 12
120 10
120 10
121 10
