20 0
22 0
23 0
23 0
24 0
25 0
25 0
26 0
27 0
28 0
28 0
29 0
29 0
30 0
31 0
32 0
32 0
33 0
34 0
35 0
35 0
36 0
36 0
37 0
38 0
39 0
39 0
40 0
41 0
41 0
42 0
43 0
44 0
44 1
45 1
46 0
47 1
47 1
48 1
48 0
49 0
51 1
51 1
52 1
52 1
53 1
54 2
54 2
55 3
56 2
57 3
57 3
58 2
58 3
59 2
60 3
61 2
62 3
62 4
63 3
63 4
64 4
65 3
66 4
66 6
67 4
68 5
68 7
69 5
70 8
70 7
71 7
72 8
73 8
73 7
74 8
75 7
75 6
76 6
77 7
78 6
78 7
79 7
79 7
80 7
81 7
82 8
83 7
83 7
84 7
84 8
85 8
86 8
86 7
87 8
88 8
89 8
89 8
90 8
91 8
92 8
92 8
93 8
94 9
94 9
95 9
96 9
96 9
97 9
98 11
99 11
99 12
100 11
100 10
101 9
102 10
103 10
104 10
104 10
105 9
106 9
106 9
107 12
108 11
109 11
109 11
110 9
111 10
111 10
112 11
113 11
113 11
114 11
115 11
116 11
116 11
117 10
118 11
119 10
119 10
119 11
120 10
121 10
122 11
