20 0
22 0
22 0
23 0
24 0
24 0
25 0
26 0
27 0
28 0
28 0
29 0
30 0
30 0
31 0
32 0
32 0
33 0
34 0
34 0
35 0
36 0
37 0
37 0
38 0
39 0
39 0
40 0
41 0
42 0
42 0
43 0
44 0
44 0
45 0
46 0
46 0
47 0
48 0
49 0
50 0
50 0
51 0
52 0
53 0
53 1
54 1
55 1
55 2
56 2
57 2
57 2
58 2
59 2
60 2
60 2
61 2
62 2
62 2
63 2
64 2
65 2
65 2
66 2
66 2
67 2
68 2
68 2
69 2
70 2
71 2
72 2
72 2
73 3
73 2
74 2
75 2
75 3
77 3
77 3
78 3
78 2
79 3
79 3
80 3
81 4
82 4
83 5
83 5
84 4
85 6
85 5
86 5
87 6
87 6
88 4
89 5
89 4
90 5
91 6
92 6
92 4
93 7
94 6
95 4
95 6
96 5
97 6
97 6
98 6
99 4
99 5
100 5
101 5
102 6
102 5
103 6
104 6
105 5
105 7
106 7
106 5
107 5
108 7
109 6
109 5
110 5
111 7
112 8
112 7
113 5
114 6
114 8
115 7
116 7
117 8
117 9
118 9
119 8
119 8
120 8
121 8
121 9
