20 0
22 0
23 0
24 0
24 0
25 0
25 0
26 0
27 0
28 0
28 0
29 0
29 0
30 0
31 0
32 0
32 0
33 0
34 0
35 0
35 1
36 1
37 0
38 1
39 1
39 1
40 1
41 1
41 1
42 1
42 1
43 1
44 1
44 1
45 1
46 2
47 1
47 3
48 3
49 3
49 3
50 3
51 3
52 3
52 3
53 3
54 3
54 3
55 2
56 2
57 3
58 4
58 3
59 5
60 3
61 3
61 4
62 4
62 4
63 6
64 6
65 4
65 5
66 4
67 5
67 6
68 5
69 5
70 5
71 5
72 7
72 7
73 5
73 6
74 7
75 6
75 8
76 7
77 7
78 8
78 8
79 8
80 9
80 8
81 8
82 9
83 9
83 8
84 8
85 7
85 8
86 7
87 7
87 9
88 9
89 8
90 8
90 9
91 9
92 10
92 10
93 10
94 9
95 9
95 9
96 8
97 8
98 8
98 8
99 8
99 8
100 8
101 8
102 9
103 8
103 8
104 9
105 8
106 9
106 8
107 9
108 9
108 9
110 9
110 9
111 9
111 9
112 9
113 9
114 9
114 9
115 9
115 9
116 9
117 9
118 9
118 9
119 9
120 9
121 9
122 9
