20 0
22 0
23 0
23 0
24 0
25 0
25 0
26 0
27 0
27 0
28 0
29 0
29 0
30 0
31 0
32 0
32 0
33 0
34 1
34 1
35 1
36 1
37 1
37 1
38 1
39 1
39 1
40 1
41 1
41 1
42 1
43 1
44 1
44 1
45 1
46 1
46 1
47 1
48 2
48 1
49 1
50 1
50 1
51 1
52 1
52 1
53 1
54 1
54 1
55 1
56 1
56 1
57 1
58 1
58 2
59 1
60 2
60 1
61 1
62 1
63 2
63 2
64 2
65 2
66 2
66 3
67 3
68 3
69 3
69 3
70 3
71 3
71 3
72 3
72 3
73 3
74 3
75 3
75 4
76 4
77 4
78 4
78 5
79 3
80 5
80 4
81 4
81 4
82 4
83 4
84 4
84 5
85 3
85 4
86 3
87 4
88 5
88 3
89 4
90 5
91 5
91 6
92 5
92 5
93 5
94 5
95 5
95 5
96 5
97 5
98 5
98 4
99 4
100 4
100 4
101 4
102 4
102 4
103 4
104 4
105 4
105 5
106 4
107 4
107 5
108 4
109 4
109 5
110 4
111 4
111 5
112 4
113 5
114 6
114 4
115 5
116 4
116 6
117 5
118 5
119 5
119 5
120 5
121 6
121 5
