20 0
22 0
22 0
23 0
24 0
25 0
25 0
26 0
26 0
27 0
28 0
29 0
29 0
30 0
31 0
31 0
32 0
33 0
34 0
34 0
35 0
36 0
36 0
37 0
38 0
38 0
39 0
40 0
40 0
41 0
42 0
43 0
43 0
44 0
45 0
46 0
46 0
47 0
48 0
48 0
50 0
50 0
51 0
51 0
52 0
53 1
54 0
54 0
55 0
55 0
56 0
57 0
58 0
58 0
59 1
60 1
60 1
61 2
62 2
62 3
63 2
64 2
64 2
65 2
66 3
67 2
67 3
68 3
69 4
69 3
71 3
71 2
71 4
72 3
73 3
73 4
74 6
75 5
75 6
76 6
77 7
77 7
80 7
80 7
81 7
82 7
82 6
83 6
84 7
84 7
85 8
85 7
86 5
87 7
87 5
88 6
89 7
90 6
90 6
91 5
92 5
92 6
93 5
93 5
94 5
95 6
96 6
96 6
97 5
98 6
98 5
99 4
100 5
100 5
101 7
102 7
102 6
103 6
104 7
104 8
105 7
106 6
107 6
108 7
109 9
109 7
110 7
110 9
111 8
112 7
112 7
113 7
114 7
115 7
115 7
116 7
116 9
117 7
118 7
118 8
119 7
120 7
120 8
121 8
122 9
122 9
