20 0
22 0
22 0
23 0
24 0
25 0
26 0
26 0
27 0
28 0
29 0
30 0
30 0
30 0
31 0
33 0
33 0
34 0
34 0
35 0
36 0
36 0
37 0
38 0
39 0
39 0
40 0
41 0
42 0
42 0
43 0
44 0
44 0
45 0
46 0
47 0
47 0
48 0
49 0
49 0
50 0
51 0
52 1
53 0
53 1
54 0
55 0
55 0
56 1
57 1
58 1
58 1
59 0
60 0
60 1
61 1
62 1
62 1
63 1
64 2
65 1
66 2
66 2
67 2
68 1
69 1
69 1
70 2
70 1
71 0
72 2
73 1
73 2
74 2
75 2
76 2
76 2
77 2
77 2
79 2
79 2
80 2
81 2
81 2
82 2
82 2
84 2
84 2
85 3
86 3
86 4
87 4
88 4
88 4
89 3
90 4
90 4
91 5
92 3
93 3
93 4
94 4
95 3
95 3
97 3
97 4
98 3
98 4
99 3
100 3
101 3
101 3
102 4
103 3
104 3
105 3
105 3
106 3
107 4
107 3
108 5
109 4
109 3
110 4
111 4
111 3
112 5
113 5
114 4
114 3
115 5
116 4
116 5
117 5
118 5
118 5
119 5
120 6
120 6
121 4
122 5
122 6
