20 0
22 0
23 0
23 0
24 0
25 0
25 0
26 0
27 0
28 0
28 0
29 0
29 0
30 0
31 0
32 0
32 0
33 0
34 0
34 0
35 0
36 0
37 0
37 0
38 0
38 0
39 0
40 0
41 0
42 0
42 0
43 0
43 0
44 0
45 0
46 0
46 0
47 0
48 0
49 0
49 0
50 0
51 0
51 0
52 0
53 0
53 0
54 0
55 0
56 0
56 0
57 0
58 1
59 0
59 0
60 0
60 0
61 1
62 0
63 0
63 0
64 0
65 1
66 0
66 0
67 1
68 1
68 1
69 1
70 2
70 2
72 1
72 2
73 2
73 2
74 2
75 2
76 2
76 2
77 2
77 2
78 2
79 1
80 2
80 1
81 1
82 2
82 1
83 2
84 2
84 2
85 3
86 1
87 2
87 3
88 3
89 2
89 3
90 2
91 3
92 2
93 2
93 3
94 3
95 3
95 3
96 3
97 3
98 3
98 4
99 3
99 3
101 4
101 6
102 4
103 5
104 5
104 4
105 3
106 3
106 4
107 3
107 4
108 4
109 4
109 5
110 4
111 4
112 4
112 4
113 5
114 5
114 4
115 4
116 4
117 6
117 5
118 5
118 5
119 4
120 5
121 5
121 5
