20 0
22 0
23 0
23 0
24 0
25 0
25 0
26 0
27 0
27 0
28 0
29 0
29 0
30 0
31 0
32 0
32 0
33 0
34 0
34 1
35 1
36 0
36 1
37 1
37 0
38 0
39 2
39 0
40 0
41 0
42 1
43 0
43 1
44 0
44 1
45 2
46 1
46 1
47 1
48 1
48 1
49 1
49 1
50 1
51 3
52 1
52 2
53 2
54 2
55 2
55 2
56 2
57 2
57 2
58 2
58 2
59 2
60 1
61 2
61 1
62 1
63 2
63 1
64 2
65 3
66 2
66 3
67 4
68 3
68 3
69 4
69 4
71 5
71 4
72 5
72 5
73 5
74 4
74 3
75 4
76 4
76 4
77 5
78 5
78 5
79 6
80 5
80 5
81 6
82 5
83 5
84 3
84 4
85 5
86 5
86 6
87 6
87 6
88 6
89 5
90 5
90 5
91 5
91 5
92 5
93 6
94 5
94 5
95 6
96 6
96 5
97 6
98 6
99 6
99 7
100 7
100 7
101 7
102 7
102 7
103 7
104 7
105 7
105 7
106 7
107 7
107 7
108 7
109 7
109 7
110 6
111 7
111 7
112 7
113 7
113 7
114 7
115 7
116 7
116 7
117 7
117 7
118 7
119 6
120 6
120 6
121 6
122 5
122 4
