20 0
22 0
23 0
23 0
24 0
25 0
26 0
26 0
27 0
28 0
28 0
30 0
30 0
31 0
31 0
32 0
33 0
33 0
33 0
34 0
35 0
35 0
36 0
37 0
38 0
38 0
39 0
40 0
40 0
41 0
42 0
42 1
43 0
44 0
45 1
45 1
46 2
47 3
47 2
48 4
48 3
49 4
50 4
51 4
51 4
52 4
53 4
54 4
54 4
55 4
56 4
57 4
57 5
58 4
59 4
59 4
60 4
60 4
61 4
62 4
63 4
63 4
64 4
65 4
65 3
66 4
67 4
67 4
68 4
69 4
69 4
70 4
71 4
71 4
72 4
73 4
74 4
74 4
75 4
76 4
76 4
77 4
78 4
79 4
79 4
80 4
80 4
81 4
82 4
82 4
84 4
84 4
85 4
85 4
86 4
87 4
87 4
88 4
89 4
89 4
90 5
91 4
92 5
92 5
93 5
93 4
94 4
95 4
96 4
96 4
97 4
98 4
98 4
99 4
100 4
100 4
101 4
102 4
103 4
103 4
104 4
104 4
105 4
106 4
106 4
107 4
108 4
109 4
110 4
110 4
111 4
112 4
112 4
113 4
114 4
115 4
115 4
116 4
116 4
117 4
118 4
118 4
119 4
120 4
120 4
121 4
