20 0
22 0
23 0
23 0
24 0
25 0
25 0
26 0
27 0
27 0
28 0
29 0
30 0
30 0
31 0
32 0
32 1
33 1
33 1
34 0
35 1
36 1
37 1
37 1
38 2
39 2
39 2
40 2
41 2
41 2
42 2
42 2
43 2
44 2
45 2
46 2
46 3
47 3
48 3
48 3
49 4
50 2
50 4
51 3
52 4
52 4
53 4
54 4
54 4
55 5
56 4
56 4
57 4
58 4
58 5
59 5
60 4
61 5
61 4
62 5
63 6
63 5
64 7
65 7
65 6
66 6
66 5
67 6
68 5
69 5
70 5
70 5
71 5
72 6
72 5
73 5
74 6
75 6
76 6
76 6
77 6
78 6
78 7
79 6
80 6
80 6
81 6
82 6
82 7
84 6
84 7
84 6
85 6
86 6
86 7
87 6
88 6
88 6
90 6
90 6
91 6
91 7
92 7
93 7
93 7
94 7
95 7
95 7
96 7
97 8
98 7
98 7
99 7
100 7
100 7
101 7
102 7
102 7
103 7
104 7
104 7
105 7
106 7
107 7
107 7
108 7
108 7
109 7
110 7
110 7
111 7
112 6
112 7
113 8
114 8
114 8
115 8
116 8
116 8
117 8
118 8
118 8
119 8
120 8
121 8
121 8
122 8
