20 0
22 0
23 0
23 0
24 0
25 0
25 0
26 0
27 0
27 0
28 0
29 0
29 0
30 0
31 0
32 0
32 0
33 0
34 0
35 0
35 0
36 0
36 0
37 0
38 0
39 0
39 0
40 0
41 0
42 0
43 0
43 0
44 0
45 0
45 0
46 0
46 0
47 0
48 0
49 0
49 0
50 0
51 0
51 0
52 0
53 0
53 0
54 0
55 0
56 0
57 0
57 0
58 0
59 0
59 0
60 0
61 0
62 0
62 0
63 1
63 0
64 0
65 0
65 0
66 1
67 1
68 1
68 0
69 0
69 0
70 1
71 1
72 0
72 0
73 0
74 0
75 0
75 0
76 0
77 0
77 0
78 0
79 0
79 0
80 0
81 1
82 0
83 1
83 1
84 1
84 1
85 1
86 2
86 0
87 1
88 2
89 1
89 2
90 2
91 1
91 2
92 3
93 3
94 1
94 2
95 3
96 2
96 2
97 2
98 3
99 3
99 4
100 3
100 2
101 2
102 2
103 2
104 2
104 2
105 4
106 3
107 3
107 3
108 3
109 2
109 3
110 3
111 3
111 4
112 5
113 4
114 5
114 3
115 5
115 4
116 4
117 4
118 4
118 4
119 5
120 5
120 4
121 4
122 5
