20 0
22 0
23 0
23 0
24 0
25 0
25 0
26 0
27 0
27 0
28 0
29 0
29 0
30 0
31 0
31 0
32 0
33 0
34 0
35 0
35 0
36 0
37 0
37 0
38 0
39 0
39 0
40 0
41 0
41 0
42 0
43 0
43 0
44 0
45 0
45 0
46 0
47 0
48 0
48 0
49 1
50 0
51 0
51 1
52 2
53 2
53 2
54 2
55 2
56 2
56 2
57 2
58 2
58 1
59 1
60 1
60 1
61 1
62 1
62 1
63 1
64 1
65 1
65 1
66 1
67 1
68 1
68 1
69 1
70 1
71 1
71 1
72 1
72 1
73 2
74 3
74 2
75 2
76 1
77 1
78 2
78 1
79 1
80 1
80 1
81 1
82 2
82 2
83 2
84 3
84 1
85 2
87 1
87 2
88 2
88 2
89 2
90 4
90 3
91 3
92 3
93 4
94 4
94 5
95 4
95 4
96 6
97 5
98 4
98 6
99 5
100 6
101 7
101 7
102 6
103 6
103 8
104 6
104 8
105 7
106 6
107 7
108 6
108 6
109 7
110 7
110 8
111 8
112 9
113 10
113 9
114 10
115 8
115 9
116 9
117 9
117 9
118 9
119 10
119 8
120 10
121 10
121 9
