20 0
22 0
22 0
23 0
24 0
25 0
25 0
26 0
27 0
28 0
28 0
29 0
30 0
31 0
32 0
32 0
33 0
33 0
35 0
35 0
36 0
36 0
37 0
37 0
38 0
39 0
39 0
40 0
42 0
42 0
43 0
43 0
44 1
45 0
45 1
46 0
46 0
47 1
48 1
49 1
50 0
50 1
51 0
52 0
52 0
53 0
54 0
54 0
55 0
56 0
57 1
57 1
58 2
59 2
59 2
60 2
60 1
62 1
62 2
63 2
64 2
64 2
65 2
66 2
66 2
67 2
68 2
69 2
69 2
70 2
70 3
71 2
72 2
73 2
74 2
74 2
75 2
75 2
76 2
77 2
78 2
79 2
79 2
79 2
81 2
81 2
82 2
83 2
83 2
84 2
84 2
85 2
86 2
87 2
87 3
88 3
89 2
89 2
90 3
91 3
91 3
92 3
93 4
94 3
94 4
95 4
96 4
96 4
97 4
98 4
99 4
99 5
101 4
101 4
102 4
103 3
103 4
104 4
105 4
105 4
106 4
107 4
108 4
109 4
109 4
110 4
110 4
111 4
112 4
113 4
113 4
114 4
115 4
116 4
116 4
117 4
118 4
118 6
119 6
120 5
120 5
121 5
122 5
