20 0
22 0
22 0
23 0
24 0
25 0
26 0
26 0
27 0
28 0
28 0
29 0
30 0
30 0
31 0
32 0
32 0
33 0
34 0
34 0
35 0
36 0
37 0
37 0
38 0
39 0
39 0
40 0
41 0
41 0
42 0
43 0
44 0
45 0
45 0
46 0
47 0
48 0
49 0
49 0
50 0
51 0
51 0
52 0
52 0
53 0
54 0
55 0
55 0
56 0
57 0
57 0
59 0
59 0
60 0
61 0
61 0
62 0
63 0
63 0
64 0
64 1
65 0
66 0
67 0
68 1
69 0
69 0
70 0
71 0
71 0
72 0
73 0
73 0
74 0
75 0
76 0
76 1
77 0
78 0
78 0
79 1
80 1
80 1
81 1
82 1
82 1
83 0
84 0
85 0
85 0
86 0
87 0
88 0
89 0
89 0
90 0
90 0
91 0
92 0
92 0
93 0
94 0
95 0
95 0
96 0
97 1
98 0
99 0
99 0
100 1
101 0
101 0
102 0
103 0
103 0
104 0
105 0
106 1
106 0
107 1
108 1
108 1
109 1
110 0
110 0
111 0
112 0
113 0
114 1
114 0
115 0
115 1
116 2
117 1
117 1
118 2
119 1
120 2
120 1
121 2
122 1
