20 0
22 0
23 0
23 0
24 0
25 0
25 0
26 0
27 0
28 0
28 0
29 0
30 0
31 0
31 0
32 0
32 0
33 1
34 0
35 0
35 1
36 0
37 1
37 1
38 1
39 1
39 1
41 1
41 1
41 1
42 2
43 1
44 2
44 2
45 2
45 3
46 2
47 2
48 3
48 3
49 3
50 3
51 5
52 4
52 4
53 4
53 3
54 3
55 4
56 4
56 5
57 5
58 5
58 6
59 5
60 5
60 6
61 6
62 6
62 5
63 7
64 6
65 7
65 7
66 7
67 7
67 7
68 7
69 6
69 7
70 9
71 7
71 6
73 6
73 7
74 8
74 8
75 8
76 6
77 9
77 10
78 10
78 7
79 9
80 9
81 9
81 8
82 8
83 8
83 9
84 9
85 8
85 10
86 9
87 10
87 9
88 9
89 9
90 9
90 10
91 9
92 9
93 9
94 9
94 9
95 9
96 10
97 9
97 9
98 9
98 9
99 8
100 9
100 9
101 9
102 9
102 9
103 7
104 9
104 9
105 8
106 8
107 8
108 8
108 9
109 9
109 8
110 8
111 9
111 9
112 9
113 9
113 11
114 11
115 11
115 11
116 10
117 9
117 11
118 10
119 10
120 10
120 12
121 10
122 10
