20 0
22 0
23 0
23 0
24 0
24 0
25 0
26 0
27 0
27 0
28 0
29 0
29 0
30 0
31 0
32 0
32 0
33 0
34 0
35 0
35 0
36 0
37 0
37 0
38 0
39 0
40 0
40 0
41 0
41 0
42 0
43 0
44 0
45 0
45 0
46 0
46 1
47 1
48 1
49 1
49 1
50 1
51 1
51 1
52 1
53 1
54 2
54 2
55 1
56 2
56 2
57 2
58 2
58 2
59 2
60 2
60 2
61 2
62 2
63 3
63 2
64 2
65 2
65 3
66 3
67 3
67 3
69 3
69 3
70 2
70 3
71 4
72 2
72 3
73 3
74 3
75 4
76 3
76 4
77 4
78 5
78 4
79 4
80 4
80 4
81 4
82 4
83 5
83 5
84 6
84 5
85 5
86 5
86 5
87 6
88 6
89 6
90 6
90 6
91 6
92 6
92 6
93 6
94 6
95 6
95 6
96 6
97 6
97 6
99 6
99 6
100 7
101 6
101 6
102 6
103 6
103 6
104 6
105 7
105 6
106 6
107 7
107 6
108 7
109 7
110 6
110 7
111 7
112 7
112 7
113 7
114 6
114 6
115 6
116 6
117 7
117 6
118 6
118 6
120 6
120 6
121 6
121 6
