20 0
22 0
23 0
23 0
24 0
25 0
26 0
26 0
27 0
28 0
28 0
29 0
30 0
31 0
31 0
32 0
32 0
33 0
34 0
35 0
35 0
36 0
37 0
38 0
38 0
39 0
40 0
40 0
41 0
42 0
43 0
43 0
44 0
45 0
45 0
46 0
47 0
48 0
48 0
49 0
50 0
50 0
51 0
52 0
52 0
53 0
54 0
55 0
55 0
56 0
57 0
57 0
59 0
59 0
60 0
60 0
61 0
62 0
63 1
63 1
64 0
65 0
66 1
66 1
67 1
68 1
68 0
69 1
70 1
70 1
71 1
72 0
73 1
73 1
74 1
75 1
75 1
76 1
77 1
78 1
78 1
79 1
80 1
81 1
81 1
82 2
82 1
83 2
84 2
84 2
85 1
86 2
87 1
88 2
88 3
89 2
90 1
91 1
92 2
92 2
93 2
94 1
94 1
95 1
96 1
96 1
97 1
98 1
99 1
99 1
100 1
101 2
101 1
102 2
103 2
103 2
104 2
105 2
105 2
106 1
107 1
108 1
108 2
109 2
110 1
111 1
111 1
112 1
113 3
113 2
114 2
115 2
115 3
116 2
117 1
118 4
118 4
119 3
120 3
120 4
121 4
