20 0
22 0
23 0
23 0
24 0
25 0
25 0
26 0
27 0
27 0
28 0
29 0
30 0
30 0
31 0
32 0
32 0
33 0
34 0
35 0
35 0
36 0
36 0
37 0
38 1
38 0
39 1
40 0
41 0
41 0
42 2
42 1
44 2
44 1
45 2
46 2
46 2
47 2
48 1
48 2
49 2
50 2
50 2
51 2
52 2
53 2
53 2
54 2
55 2
55 3
56 3
56 2
57 2
58 3
59 3
60 3
60 2
61 3
61 4
62 2
63 3
63 3
65 3
65 3
65 3
66 3
67 3
68 4
69 4
69 3
70 4
71 4
71 3
72 3
73 4
74 5
74 5
75 5
75 4
76 4
77 4
77 5
78 5
79 5
79 4
80 5
81 4
81 5
82 5
83 5
84 5
84 4
85 4
86 4
86 4
87 4
88 5
88 4
89 5
90 5
90 4
91 4
92 5
93 5
93 5
94 5
95 5
95 4
96 4
97 5
98 4
98 4
99 4
100 4
100 5
101 4
102 4
102 5
103 5
104 4
104 4
105 4
106 4
106 5
107 4
108 5
108 5
109 5
110 4
110 4
111 4
112 4
112 4
113 6
114 5
115 5
115 5
116 5
117 7
117 7
118 7
119 8
119 7
120 7
121 8
121 7
