20 0
22 0
22 0
23 0
24 0
25 0
25 0
26 0
27 0
27 0
28 0
28 0
29 0
30 0
31 0
31 0
32 0
33 0
34 0
34 0
35 0
36 0
36 0
37 0
37 0
38 0
39 0
40 1
40 0
41 0
42 0
43 1
43 0
44 0
44 0
45 1
46 1
46 2
47 2
48 2
49 2
49 2
50 2
51 2
51 4
52 3
52 4
53 5
54 5
55 4
55 5
56 5
56 6
57 4
58 5
58 5
59 4
60 4
61 4
61 6
62 6
63 6
63 6
64 6
65 6
66 6
66 6
67 6
67 6
68 6
69 6
70 6
70 6
71 6
72 6
72 6
73 6
74 6
74 6
75 6
76 6
77 7
77 6
78 6
79 7
79 6
80 7
80 7
81 8
82 7
82 8
83 7
84 8
84 8
85 9
86 9
86 9
87 8
88 8
89 8
89 8
90 9
91 7
91 8
92 8
93 8
93 8
94 8
95 8
96 8
96 8
97 8
97 8
98 8
99 8
99 8
100 8
101 8
101 8
102 8
103 8
103 8
105 9
105 8
106 9
107 8
107 8
108 9
109 8
109 8
110 8
110 8
111 8
112 8
113 8
114 8
114 9
115 8
115 9
116 9
117 9
117 9
118 9
119 9
120 9
120 9
121 9
121 9
