20 0
22 0
23 0
23 0
24 0
25 0
25 0
26 0
27 0
28 0
28 0
29 0
29 0
30 0
31 0
32 0
32 0
33 0
34 0
34 0
35 0
36 0
37 0
38 0
38 0
39 0
40 0
40 0
41 0
42 0
42 1
43 1
44 0
45 0
45 0
46 0
47 0
47 1
48 0
49 1
49 1
50 1
51 3
52 4
52 3
53 4
54 3
54 4
55 4
56 4
56 4
58 4
58 4
59 4
59 5
60 5
61 6
62 6
62 4
63 5
64 5
64 6
65 5
66 7
66 7
67 6
68 5
68 6
69 6
70 4
71 4
72 6
72 5
74 6
74 6
75 7
75 7
76 7
77 7
77 6
78 7
79 7
79 8
80 8
81 7
82 6
82 9
83 8
84 6
84 8
85 7
86 8
87 8
88 9
88 7
89 8
89 8
90 8
91 10
91 8
92 7
93 9
94 8
94 8
95 8
96 9
97 8
97 8
98 8
99 9
99 9
100 8
100 8
101 8
103 9
103 9
104 8
104 10
105 9
106 10
107 10
108 10
109 9
109 9
110 10
110 10
111 13
112 11
113 12
113 11
114 11
115 11
115 11
116 11
117 10
117 12
118 12
119 11
120 11
121 11
121 10
