20 0
22 0
22 0
23 0
24 0
25 0
25 0
26 0
26 0
27 0
28 0
29 0
29 0
30 0
31 0
31 0
32 0
33 0
34 0
34 0
35 0
35 0
36 0
37 0
37 0
38 0
39 0
40 0
40 0
41 1
42 0
42 0
43 1
43 1
44 0
45 1
46 2
46 3
47 2
48 3
48 3
49 3
50 3
51 2
52 2
52 4
53 3
53 4
54 3
55 4
55 3
56 3
57 4
57 4
58 4
59 4
59 4
60 4
61 4
62 5
62 5
63 5
63 5
65 5
65 5
66 5
67 5
68 5
68 5
69 5
70 5
71 6
71 5
72 5
72 5
73 5
73 5
74 6
75 6
75 6
76 6
77 6
77 6
79 7
79 8
80 6
81 7
81 7
82 6
82 6
83 7
84 7
85 8
86 7
86 7
87 8
88 8
88 8
89 8
90 8
90 7
91 8
92 7
93 8
93 7
94 6
94 6
95 7
96 7
96 7
97 7
97 7
98 7
99 6
100 6
101 7
101 6
102 6
102 7
103 6
104 6
105 6
105 7
106 6
106 7
107 6
108 6
108 7
109 7
110 7
110 7
111 7
112 7
112 7
113 7
114 7
114 7
115 7
116 7
116 7
117 7
118 7
119 6
119 7
120 7
121 7
122 7
