20 0
22 0
23 0
23 0
24 0
25 0
25 0
26 0
27 0
27 0
28 0
29 0
30 0
30 0
31 0
32 0
33 0
33 0
34 0
35 0
35 0
36 1
37 0
38 0
38 0
39 0
40 0
41 0
41 1
42 1
43 0
44 1
44 1
45 1
45 1
46 1
47 1
48 1
48 3
49 2
50 3
50 3
52 2
53 3
53 3
53 3
54 3
55 3
56 4
56 3
57 3
58 4
58 3
59 3
60 3
61 3
62 3
62 4
63 4
64 4
65 5
65 5
66 5
66 5
67 5
68 6
69 5
70 6
70 5
71 5
72 6
72 5
73 5
73 4
74 4
75 5
76 5
77 5
77 4
78 4
79 5
79 4
80 4
81 4
82 4
82 4
83 5
83 5
84 5
85 4
86 4
87 6
87 6
88 5
89 6
89 5
90 5
91 5
91 5
92 5
93 5
93 6
94 6
95 6
96 6
97 5
97 6
98 5
99 5
99 5
100 5
101 5
101 6
102 5
103 5
104 6
105 6
105 5
106 7
107 7
107 8
108 7
108 7
109 7
110 6
111 7
112 7
112 8
113 7
114 7
114 8
115 8
116 8
116 8
117 8
118 8
119 8
119 9
120 8
121 8
122 8
