20 0
22 0
23 0
23 0
24 0
25 0
25 0
26 0
26 0
28 0
28 0
29 0
30 0
30 0
31 0
31 1
32 1
33 1
34 1
34 1
35 1
36 1
37 1
38 1
38 1
39 2
39 2
40 1
41 1
42 1
42 1
43 2
43 2
44 1
45 2
46 2
46 2
47 3
48 3
49 2
49 3
50 3
50 4
51 4
52 5
52 3
53 3
54 3
55 3
55 4
56 3
57 4
57 4
58 4
59 5
59 4
60 4
61 4
61 5
62 6
63 4
63 5
64 6
65 5
66 6
66 6
67 6
68 6
68 6
69 6
70 6
71 6
71 6
72 7
73 8
73 7
75 8
75 7
75 8
76 8
77 8
78 8
78 8
79 8
80 7
80 7
81 7
82 7
82 7
83 7
84 7
84 7
85 7
86 7
87 7
87 7
88 7
89 7
90 6
90 6
91 6
91 6
92 6
93 7
94 7
94 7
95 7
96 8
97 7
97 7
98 7
99 7
99 7
100 8
101 7
101 7
102 8
103 8
103 8
104 8
105 8
105 8
106 10
107 8
107 9
108 9
109 10
110 10
110 9
112 10
112 8
113 9
113 9
114 9
115 9
116 10
116 10
117 9
118 9
118 9
119 11
120 10
120 11
121 9
