20 0
22 0
23 0
23 0
24 0
25 0
25 0
26 0
27 0
28 0
28 0
29 0
30 0
30 0
31 0
31 0
32 0
33 0
34 0
34 0
35 0
36 1
36 1
37 0
37 1
38 1
39 1
40 1
40 2
41 1
42 2
42 2
43 4
44 4
45 3
46 3
46 3
47 3
47 4
48 4
49 4
49 4
50 4
50 6
51 6
52 4
52 5
53 4
54 4
55 6
55 4
56 5
57 6
58 6
58 7
59 7
60 7
60 7
62 8
62 7
63 8
63 8
64 9
64 8
65 9
66 8
66 9
67 11
68 11
68 9
69 8
70 9
70 8
71 9
72 9
72 9
73 8
74 8
74 10
75 9
76 7
77 8
77 7
78 8
79 8
80 9
80 10
81 10
81 10
82 10
83 9
84 10
84 9
85 10
86 10
86 10
87 10
87 10
88 10
89 10
90 10
90 10
91 10
91 10
92 9
93 10
93 10
94 10
95 10
96 10
96 9
97 9
97 9
98 9
99 9
100 10
100 9
101 10
102 9
102 9
103 9
104 9
104 9
105 9
105 9
106 9
107 9
108 9
108 9
109 9
110 9
111 9
111 9
112 9
113 9
114 9
114 9
115 9
115 9
116 9
117 9
117 10
118 9
119 9
119 9
120 9
121 10
121 10
