20 0
22 0
23 0
23 0
24 0
25 0
25 0
26 0
27 0
27 0
28 0
29 0
30 0
30 0
31 0
32 0
33 0
33 0
34 0
35 0
35 0
36 0
37 0
37 0
38 0
39 0
40 0
40 0
41 0
42 0
42 0
43 0
44 0
44 0
45 0
46 0
47 0
48 0
48 0
49 0
50 0
51 1
51 1
52 1
53 1
53 0
54 1
55 1
56 1
56 1
57 1
57 1
59 1
59 1
60 1
61 1
61 1
62 1
63 1
63 1
64 1
65 1
65 1
66 1
67 1
68 1
68 1
69 1
70 1
70 1
71 1
72 1
73 1
73 1
74 1
75 1
75 1
76 1
77 1
78 1
78 1
79 1
80 1
81 1
81 1
82 2
83 1
83 1
84 2
85 1
85 1
86 1
87 2
87 2
88 3
89 1
90 2
91 2
91 3
92 3
93 3
93 2
94 2
94 3
95 2
96 3
97 3
97 5
98 4
99 2
99 4
100 5
101 3
102 4
102 5
103 6
104 3
104 4
105 5
106 4
107 5
107 5
108 4
109 4
109 4
110 6
111 7
112 6
112 7
113 6
114 7
114 8
115 6
116 6
117 6
118 7
118 8
119 6
120 7
120 8
121 7
121 8
