20 0
22 0
22 0
23 0
24 0
25 0
25 0
26 0
27 0
28 0
28 0
29 0
29 0
30 0
31 0
32 1
32 0
33 0
33 0
34 1
35 0
35 0
36 0
37 0
38 1
38 1
39 1
40 2
40 1
41 2
42 2
43 3
43 3
44 2
44 2
45 3
46 3
47 4
47 3
48 4
48 4
50 3
50 3
51 5
51 5
52 5
53 5
53 6
54 6
54 6
56 6
56 7
57 6
57 5
58 7
59 5
59 6
60 8
61 7
62 5
62 7
63 6
63 8
64 7
65 6
65 8
66 9
67 9
68 7
68 7
69 8
70 8
70 8
71 9
71 7
72 8
73 9
74 9
74 8
75 8
75 9
76 11
77 11
78 10
79 9
80 10
80 11
80 9
81 8
82 11
83 10
83 9
84 10
85 9
85 9
86 10
87 9
87 10
88 10
89 11
90 11
90 10
91 10
91 11
92 10
93 10
93 10
94 10
95 10
95 10
96 10
97 10
98 10
98 10
99 10
99 10
100 11
101 10
102 10
102 10
103 9
104 9
104 10
105 9
106 9
106 9
107 9
108 9
108 9
109 9
110 9
111 9
112 9
112 9
113 9
113 10
114 10
115 10
115 10
116 10
117 10
117 10
118 10
119 10
119 10
120 10
121 10
121 10
