20 0
22 0
22 0
24 0
24 0
25 0
25 0
26 0
27 0
28 1
28 0
29 0
30 0
30 0
31 0
32 0
32 1
33 1
34 1
34 1
35 1
36 1
36 1
38 1
38 1
39 1
39 1
40 2
41 2
41 1
42 1
43 2
44 2
44 1
45 2
46 2
47 2
47 2
48 2
49 2
50 2
50 2
51 2
52 2
52 2
53 3
54 2
54 2
55 3
56 4
56 3
57 3
58 2
59 2
59 2
60 3
61 4
61 3
62 3
63 3
63 3
64 3
65 4
66 3
66 4
67 5
68 5
68 4
69 4
70 5
70 4
71 4
72 4
73 3
74 3
74 5
75 5
76 5
77 4
77 5
78 7
79 8
79 7
80 6
81 5
81 7
82 7
83 7
84 7
85 8
85 7
86 6
86 6
87 6
88 7
89 7
89 6
90 8
91 8
91 7
92 7
93 7
93 7
94 7
95 7
96 7
96 7
97 7
98 6
98 7
99 7
100 8
100 7
101 7
102 7
103 8
104 7
104 7
105 8
106 7
107 8
107 8
108 7
109 8
109 8
110 9
111 9
112 7
112 8
113 8
114 8
114 8
115 8
115 8
117 8
117 8
118 9
118 8
119 8
120 8
120 8
121 8
