20 0
22 0
23 0
23 0
24 0
25 0
25 0
26 0
26 0
27 0
28 0
29 0
29 0
30 0
31 0
32 0
32 0
33 0
33 0
34 0
35 0
35 0
36 0
37 0
38 0
38 0
39 0
40 1
40 1
41 1
42 1
42 1
43 1
44 1
45 0
45 1
46 1
46 0
47 1
48 1
48 2
49 2
50 3
51 1
51 2
52 3
53 3
53 1
54 3
55 2
55 3
56 2
57 3
57 3
58 2
59 2
60 2
60 2
61 2
61 2
62 2
63 2
64 2
64 2
65 2
65 2
66 3
67 3
68 2
68 3
69 2
70 3
71 3
71 3
72 3
72 2
73 3
74 3
74 3
75 3
76 4
76 3
77 5
78 4
78 4
79 4
80 3
81 4
81 4
82 4
82 4
83 3
84 3
85 3
85 3
86 3
87 3
87 3
88 3
89 4
89 3
90 4
91 4
92 4
92 4
93 5
93 4
95 5
95 4
96 5
96 4
97 4
97 4
98 4
99 4
100 5
100 4
101 4
102 4
103 5
104 5
104 5
105 4
105 4
106 4
107 5
108 4
108 5
109 5
109 4
110 4
111 4
111 5
112 5
113 5
113 5
114 5
115 5
116 5
116 5
117 5
118 5
118 5
119 5
119 5
120 5
121 5
122 5
