20 0
22 0
23 0
23 0
24 0
25 0
26 0
26 0
27 0
27 0
28 0
29 0
30 0
30 0
31 0
32 0
32 0
33 0
34 0
35 0
35 0
36 0
37 0
37 0
38 0
39 0
40 0
40 0
41 0
42 0
42 0
43 0
45 0
45 1
46 1
46 1
47 1
48 1
48 1
49 1
50 1
50 1
51 1
52 2
53 1
53 1
54 2
55 2
55 1
56 2
57 1
57 2
58 3
59 3
60 2
60 3
61 3
62 4
62 4
64 5
64 4
65 4
65 3
66 5
67 4
67 6
68 5
70 6
70 6
70 7
72 7
72 7
73 7
74 7
74 7
75 7
75 7
76 7
77 7
78 8
79 8
79 8
80 9
81 9
81 8
82 9
83 8
83 8
84 8
85 9
86 8
86 8
87 8
88 9
88 9
89 9
90 9
90 9
91 9
92 9
93 9
93 9
94 8
95 9
96 9
96 8
97 9
98 9
98 8
99 8
99 8
101 8
101 7
102 7
102 9
103 8
104 8
105 8
106 8
107 8
107 9
108 8
108 8
109 8
110 8
111 8
111 8
112 8
113 8
114 8
115 8
115 8
115 8
117 8
117 8
118 8
119 9
119 8
120 8
121 8
121 8
