20 0
22 0
23 0
23 0
24 0
25 0
25 0
26 0
26 0
27 0
28 0
29 0
30 0
30 0
31 0
32 0
33 0
33 0
34 0
34 0
36 0
36 0
37 0
37 0
38 1
38 0
39 1
40 0
41 1
42 1
42 1
43 1
44 1
44 1
45 1
46 1
46 1
47 1
49 1
49 2
50 1
50 1
51 2
52 2
52 2
53 2
54 2
55 1
55 2
56 2
57 2
57 2
59 1
59 2
60 2
60 2
61 3
62 1
63 3
63 2
64 2
65 2
65 4
66 4
67 3
67 3
68 5
69 3
70 4
70 3
71 4
71 4
72 3
73 4
73 5
74 5
75 5
75 5
76 4
77 5
78 5
79 5
79 5
80 5
81 5
81 5
82 5
83 5
84 6
84 6
85 6
86 6
86 5
87 5
88 5
88 5
90 5
90 6
91 7
92 6
92 7
93 7
93 7
94 8
95 6
96 6
96 7
97 6
98 8
99 7
99 7
100 7
101 7
102 6
102 6
103 6
104 7
104 7
105 7
106 6
107 6
107 6
108 6
109 6
110 6
110 6
110 6
112 6
112 6
113 6
113 7
114 6
115 6
115 6
116 6
117 6
118 6
119 6
119 7
120 7
121 6
121 7
122 7
