20 0
22 0
22 0
23 0
24 0
25 0
25 0
26 0
27 0
27 0
28 0
29 0
29 0
30 0
31 0
31 0
32 0
33 0
33 0
34 0
35 0
35 0
36 0
37 1
38 0
39 1
39 1
40 0
40 0
41 0
42 0
42 1
43 1
43 0
45 0
46 2
46 1
47 2
47 3
48 3
49 3
49 3
50 3
51 4
52 4
52 4
53 3
53 4
54 4
55 4
55 3
56 3
57 3
57 3
58 3
59 4
59 4
60 4
61 4
61 4
62 4
63 4
64 3
64 4
65 3
66 4
66 4
67 4
67 5
68 5
69 5
70 5
70 4
71 4
72 4
72 4
73 5
74 4
74 4
75 5
76 4
76 4
77 4
78 4
78 4
79 5
79 5
80 4
81 5
82 4
82 6
83 5
84 5
84 5
85 5
85 5
86 5
87 5
88 5
89 5
89 5
90 5
91 6
91 6
92 6
93 5
93 6
94 5
95 5
96 6
96 5
97 5
97 5
98 6
99 6
100 5
100 5
101 5
101 6
102 4
103 4
104 5
104 5
105 5
105 4
106 5
107 6
107 4
108 5
109 6
110 6
111 6
111 6
112 7
112 6
113 6
114 6
114 6
115 7
116 6
116 7
117 7
118 6
118 7
119 8
120 6
120 6
121 6
