20 0
22 0
22 0
23 0
24 0
25 0
25 0
26 0
26 0
28 0
28 0
29 0
30 1
30 1
31 0
32 0
32 0
33 1
34 1
35 0
35 0
36 0
37 0
38 0
38 0
40 0
40 0
41 1
41 1
42 1
43 1
43 0
44 1
45 0
46 1
46 1
47 1
48 1
48 1
49 1
50 1
51 1
52 1
52 1
53 1
54 1
54 1
55 1
56 1
56 1
57 1
58 1
59 1
60 1
60 1
61 1
61 1
62 1
63 2
64 3
64 2
65 3
66 3
66 3
67 3
68 3
68 3
69 4
70 4
71 4
71 4
72 4
73 4
74 3
74 4
75 4
75 4
77 4
77 4
78 5
79 5
80 5
80 5
81 5
82 5
82 5
83 5
84 5
85 5
85 5
86 5
86 5
87 5
88 5
89 5
90 5
91 5
91 5
92 6
93 5
93 6
94 5
95 5
95 6
96 5
97 5
98 6
98 6
99 6
100 6
100 6
101 6
102 7
102 6
103 6
104 7
104 8
105 6
106 7
106 7
107 8
108 9
109 7
109 7
110 8
111 7
112 8
112 9
113 9
114 9
114 9
115 6
116 7
117 7
117 8
118 7
119 6
119 8
120 7
121 7
121 8
