20 0
21 0
23 0
23 0
24 0
25 0
26 0
26 0
27 0
27 0
28 0
29 0
30 0
30 0
31 0
32 0
32 0
33 0
34 0
35 0
35 0
36 0
37 0
37 0
38 0
39 0
40 0
40 0
41 0
42 0
42 0
43 0
44 0
44 0
45 0
46 0
46 0
47 0
48 0
49 0
49 0
50 1
51 0
51 0
52 2
53 0
54 1
54 1
55 2
56 1
57 1
58 3
59 4
59 4
60 4
61 3
61 3
62 4
63 4
63 4
64 4
65 3
66 4
66 6
67 5
68 6
69 4
69 5
70 5
71 6
71 5
72 4
73 4
73 6
74 5
75 6
75 6
76 6
77 6
78 6
78 6
79 6
80 6
80 6
81 6
82 7
83 7
83 7
84 7
85 7
85 7
86 7
87 7
87 7
88 7
89 7
89 7
90 7
91 7
92 7
92 7
93 7
94 7
94 7
95 7
96 7
97 7
97 7
98 7
98 7
99 7
100 7
100 7
101 6
102 6
103 7
103 7
104 7
105 7
105 8
106 7
107 7
108 8
108 7
109 7
110 7
111 8
111 7
112 7
113 7
113 8
114 8
115 8
115 8
116 9
117 10
117 8
118 7
119 8
120 8
120 7
121 7
