20 0
22 0
23 0
24 0
25 0
25 0
25 0
26 0
27 0
27 0
28 0
29 0
30 0
30 1
31 0
32 1
33 0
33 0
34 0
34 1
35 1
36 0
37 1
38 0
38 1
39 0
40 0
40 0
41 0
42 0
42 1
43 1
44 0
44 0
45 2
46 1
47 1
47 1
48 3
49 1
49 2
50 3
51 3
52 3
52 3
53 4
54 4
54 4
55 3
56 4
57 3
57 5
58 5
58 5
60 5
61 5
62 7
62 4
63 4
63 5
64 5
64 5
65 5
66 5
67 5
67 5
68 5
69 6
70 5
71 5
71 6
72 7
73 7
73 6
74 6
75 5
75 6
76 5
77 6
77 7
78 6
79 5
80 8
80 7
81 7
82 8
83 7
84 7
84 8
84 8
85 8
86 8
86 9
87 8
88 8
89 10
89 9
90 10
91 10
91 10
92 9
93 10
94 10
95 10
95 9
96 10
97 11
97 10
98 10
99 10
99 10
100 9
100 9
101 9
102 9
103 9
104 9
104 10
105 10
106 10
106 9
107 9
108 10
108 9
109 9
110 9
111 9
111 10
112 10
113 9
114 10
114 10
115 10
116 10
117 10
117 10
118 10
119 10
120 10
120 10
121 10
122 10
