20 0
22 0
23 0
23 0
24 0
25 0
25 0
26 0
27 0
27 0
28 0
29 0
29 0
30 0
31 1
31 0
32 0
33 1
33 1
34 1
35 1
36 1
36 1
37 1
38 1
38 1
39 2
40 2
40 2
41 2
42 2
42 2
43 2
44 2
45 2
45 2
46 2
46 2
47 2
48 2
49 3
49 2
50 2
51 3
52 4
52 3
53 4
53 4
54 4
55 4
55 3
56 3
57 3
58 4
58 3
59 4
60 4
60 4
61 4
62 5
62 6
63 5
64 4
64 4
65 4
66 5
67 5
67 6
68 5
68 6
69 5
70 6
70 6
71 6
72 6
73 5
74 5
74 6
75 7
76 6
76 6
77 5
78 6
79 6
79 7
80 6
80 6
82 6
82 6
83 6
84 6
84 6
85 6
86 6
86 6
87 6
88 6
88 6
89 6
90 6
90 6
92 7
92 7
92 7
93 7
94 8
95 8
95 7
96 7
96 7
97 7
98 8
99 8
99 10
100 7
101 7
101 9
102 8
103 8
104 8
105 8
105 8
106 8
106 8
107 8
108 8
108 8
109 8
110 9
110 8
111 9
112 8
112 9
113 9
114 10
114 8
115 9
116 9
117 9
117 8
118 9
119 9
120 10
120 8
120 8
121 8
122 9
