20 0
22 0
23 0
23 0
24 0
25 0
25 0
26 0
27 0
27 0
28 0
29 0
29 0
30 0
31 0
32 0
32 0
33 0
34 0
35 0
35 0
36 0
37 1
37 1
39 1
39 1
40 1
40 1
41 1
42 1
43 1
43 1
44 1
45 1
45 2
46 2
47 3
47 2
48 2
49 2
49 3
50 3
51 3
52 3
53 3
53 3
54 2
55 4
55 4
56 4
57 4
58 4
59 4
59 4
60 4
60 4
61 4
62 4
62 4
63 4
64 4
65 4
65 3
66 4
67 4
68 5
68 4
69 4
70 4
71 4
71 4
72 4
73 4
73 4
74 5
75 5
76 4
76 5
77 5
78 5
79 5
79 5
80 5
81 5
82 6
82 6
84 5
84 6
85 6
85 5
86 5
87 5
88 5
89 4
89 5
90 5
90 6
91 5
92 6
93 7
93 5
94 6
95 7
96 6
96 4
97 6
98 6
98 6
99 6
100 5
101 6
101 5
102 7
103 5
103 6
104 6
105 6
106 7
106 8
107 7
108 7
108 7
109 6
110 7
111 7
111 7
112 7
113 8
113 8
114 8
115 8
115 7
116 7
117 8
118 6
118 7
119 6
120 7
121 7
