20 0
22 0
22 0
23 0
24 0
25 0
25 0
26 0
27 0
27 0
28 0
30 0
30 0
31 0
31 0
32 0
32 0
33 0
34 0
35 0
35 0
36 0
37 0
37 0
38 0
39 0
40 0
40 0
41 0
42 0
42 0
43 0
44 0
44 0
45 0
46 0
46 0
47 0
48 0
48 0
49 0
50 0
51 0
51 0
52 0
53 0
53 0
54 0
55 0
56 0
56 0
57 0
57 0
58 1
59 1
60 1
61 0
61 1
62 0
63 1
63 0
64 2
65 1
65 1
66 1
67 1
68 1
68 0
69 0
70 0
70 2
71 0
72 1
72 1
73 0
74 1
75 1
75 2
76 2
77 1
77 1
78 1
79 1
80 2
80 1
81 2
82 2
82 2
83 2
84 2
84 3
85 2
86 2
86 2
87 3
88 2
89 3
90 3
90 2
91 2
92 2
92 2
93 3
94 2
94 2
95 3
96 3
97 3
97 3
98 3
99 3
100 3
100 4
101 3
102 3
102 3
103 3
104 3
104 4
105 5
106 5
107 4
108 4
109 5
109 5
110 5
111 5
111 6
112 5
112 5
114 5
114 5
115 5
115 5
116 5
117 5
117 5
118 5
119 5
120 5
120 5
121 5
122 5
