20 0
22 0
22 0
23 0
24 0
25 0
25 0
26 0
27 0
27 0
28 0
29 0
30 0
31 0
31 0
32 0
32 0
34 0
34 1
35 0
35 0
36 0
37 0
37 0
38 0
39 0
40 0
41 0
41 0
42 0
43 1
43 1
44 1
45 0
46 1
46 1
47 1
47 1
48 1
50 2
50 1
50 2
51 2
52 1
52 1
53 2
54 1
55 1
56 1
56 1
57 1
57 1
58 2
59 1
60 1
60 1
61 1
62 1
62 1
64 1
64 1
65 1
66 1
66 2
67 2
68 1
68 3
69 2
70 3
70 2
71 2
72 2
73 2
73 2
74 2
75 2
75 3
76 4
77 3
78 3
78 3
79 3
80 3
81 3
81 3
82 3
83 4
83 4
84 3
85 3
85 4
86 4
87 4
88 5
88 6
89 5
90 3
90 5
91 4
92 4
93 4
93 5
94 6
95 4
95 6
96 6
97 6
97 5
98 5
99 7
100 5
100 6
101 6
101 4
103 6
103 6
104 6
104 6
105 5
106 5
107 6
107 7
108 6
109 5
109 6
110 5
111 6
111 5
112 6
113 7
114 6
115 6
116 6
117 7
117 9
118 10
118 7
119 9
120 9
120 7
121 9
