20 0
22 0
23 0
23 0
24 0
24 0
25 0
26 0
27 0
27 0
28 0
29 0
29 0
30 0
31 0
31 0
32 0
33 0
34 0
34 0
35 0
36 0
36 0
37 0
38 0
38 0
39 0
40 0
40 0
41 0
42 0
42 1
43 1
44 1
44 1
45 1
46 2
46 2
47 3
48 2
48 2
49 3
50 3
50 3
51 3
52 3
52 3
53 3
54 3
55 3
55 3
56 3
57 3
57 3
58 4
59 4
60 4
60 4
61 4
62 4
62 4
63 5
64 5
64 4
65 6
66 6
67 6
67 7
68 6
69 7
69 6
70 7
71 7
71 7
72 7
72 7
73 9
75 8
75 8
76 6
76 8
78 7
78 9
79 8
79 6
80 7
81 8
81 7
82 7
83 7
83 6
84 7
85 7
86 7
86 7
87 8
88 7
88 7
89 6
89 8
90 8
91 8
91 7
92 7
93 6
93 7
94 6
95 6
96 6
96 5
97 6
98 6
98 6
99 7
100 6
100 6
101 6
102 6
103 6
103 6
104 6
105 6
105 7
106 6
106 7
107 6
108 6
109 6
109 6
110 6
111 6
111 6
112 6
113 7
113 6
114 6
114 7
115 6
116 6
117 7
117 7
118 7
119 7
119 7
120 7
121 7
122 6
