20 0
22 0
23 0
23 0
24 0
25 0
25 0
26 0
27 0
27 0
28 0
29 0
29 0
30 0
31 0
32 0
32 0
33 0
34 0
34 0
35 1
37 1
37 1
37 1
38 1
39 1
40 1
40 2
41 1
42 1
42 2
43 2
44 1
44 2
45 2
46 2
46 2
47 2
48 2
48 2
49 2
50 2
50 2
51 2
52 2
53 2
53 2
54 2
55 2
55 2
56 2
56 2
58 2
58 2
59 2
59 2
60 2
61 3
61 3
62 3
63 2
64 3
64 3
65 3
65 3
67 3
67 3
68 3
68 3
69 3
70 3
71 3
71 3
72 4
73 3
73 3
74 3
75 4
75 4
76 3
77 2
77 4
78 4
79 4
80 3
80 4
81 3
81 5
82 5
83 5
83 5
84 5
85 4
86 4
86 5
87 5
88 5
89 5
89 5
90 5
90 5
91 5
92 5
93 5
93 5
94 4
95 4
95 4
96 5
97 5
97 5
98 5
99 5
100 5
100 5
101 5
101 5
102 5
103 5
104 5
104 5
105 5
106 5
106 6
107 6
108 5
108 5
109 5
110 6
110 6
111 6
112 6
112 6
113 6
114 6
115 6
115 6
116 6
117 6
118 6
118 6
119 6
119 6
120 6
121 6
122 6
