20 0
22 0
22 0
23 0
24 0
25 0
25 0
26 0
26 0
27 0
28 0
29 0
29 0
30 1
31 1
31 1
32 2
33 2
33 2
34 2
35 2
35 2
36 2
37 2
37 2
38 2
39 2
40 2
40 2
41 4
42 4
42 3
43 2
43 4
45 5
45 5
46 5
47 6
47 5
48 6
49 5
49 4
50 7
51 6
52 6
52 7
53 6
53 8
54 6
55 8
55 7
57 7
57 8
58 7
58 9
59 9
60 8
60 7
61 8
61 7
62 8
63 7
64 9
64 8
65 9
65 8
66 8
67 8
67 9
68 10
69 8
70 8
70 8
71 8
72 8
73 8
73 9
74 8
74 9
75 9
76 10
76 9
77 9
78 9
78 9
79 8
80 7
81 8
81 8
82 9
83 7
83 8
84 7
84 7
85 8
86 7
86 10
87 8
88 8
88 8
89 8
90 9
91 8
91 9
92 8
92 9
93 8
94 8
95 8
95 8
96 9
97 8
97 8
98 7
98 9
99 9
100 8
101 9
102 9
103 9
103 9
104 9
104 9
105 9
106 9
106 9
107 9
108 9
108 8
109 8
110 9
110 9
111 9
112 8
112 8
113 8
114 8
114 8
115 8
116 8
116 8
117 8
118 10
119 10
119 10
120 9
121 8
121 8
122 9
