20 0
22 0
23 0
23 0
24 0
24 0
25 0
26 0
27 0
27 0
28 0
29 0
30 0
30 0
31 0
31 0
32 0
33 0
33 0
34 0
35 0
36 0
36 0
37 0
38 0
38 0
39 0
40 1
41 0
41 0
42 1
43 1
43 3
44 3
45 2
46 3
46 3
47 3
47 3
48 3
49 3
50 3
50 2
51 4
52 4
52 3
53 3
54 3
55 4
55 6
56 5
57 5
57 4
58 5
59 4
59 5
60 4
61 4
61 4
62 4
63 5
63 4
64 4
65 4
66 5
66 5
67 5
68 5
68 5
69 5
70 4
70 4
71 6
72 8
72 6
73 7
74 9
75 9
75 9
76 10
77 8
77 8
78 9
79 9
79 7
80 7
81 10
82 9
82 7
83 9
84 9
84 9
85 10
86 9
87 9
88 8
88 10
89 10
90 9
90 9
91 10
92 10
93 8
93 9
94 8
95 10
95 8
96 7
97 8
98 7
98 9
99 8
99 8
100 9
101 9
101 9
102 8
103 9
103 8
104 8
105 9
105 9
106 8
107 9
108 8
108 9
109 9
110 9
111 9
111 10
112 9
113 8
113 8
114 9
115 9
115 10
116 9
117 9
117 8
118 9
119 9
119 9
120 9
121 9
122 9
