20 0
22 0
23 0
23 0
24 0
25 0
25 0
26 0
26 0
27 0
28 0
28 0
29 0
30 0
31 0
31 0
32 0
33 0
33 0
34 0
35 0
36 0
36 0
37 0
37 0
38 0
39 0
39 0
40 0
41 0
42 0
42 0
43 0
44 0
44 0
45 0
45 0
46 0
47 0
48 0
48 0
49 0
50 0
50 0
51 0
52 0
52 0
53 0
54 0
54 0
55 0
56 0
57 0
58 0
59 1
59 1
60 1
60 1
61 0
61 0
62 2
63 2
63 2
64 2
65 2
66 2
66 2
67 1
68 2
68 2
69 2
69 2
70 2
71 2
72 2
72 2
73 2
74 2
74 2
75 2
76 2
76 2
77 2
78 2
79 2
79 2
80 2
80 4
81 3
82 2
83 3
83 4
84 4
85 4
85 4
86 4
87 3
87 4
88 5
89 4
89 5
90 6
91 5
91 3
92 5
93 5
93 5
94 4
95 4
95 4
96 4
97 4
97 5
98 5
99 4
99 4
100 4
101 5
102 4
102 4
103 3
104 3
104 3
105 4
106 3
106 4
107 3
108 3
108 3
109 3
110 3
110 3
111 3
112 3
113 3
114 3
115 3
115 4
115 3
116 3
117 4
118 4
119 4
120 4
121 4
121 4
122 4
