20 0
22 0
23 0
23 0
24 0
25 0
25 0
26 0
26 0
27 0
28 0
29 0
29 0
30 0
31 0
31 0
32 0
33 0
34 0
35 0
35 0
36 0
36 0
37 0
38 0
39 0
39 0
40 0
41 0
41 0
42 0
43 0
44 0
44 0
45 0
46 0
47 0
47 0
48 0
48 0
49 0
50 0
50 1
51 1
52 1
53 2
53 1
54 3
55 3
55 2
56 3
56 2
57 3
58 3
59 2
60 2
60 2
61 2
62 2
62 2
63 2
63 2
64 2
65 2
65 2
66 2
67 2
68 2
68 3
69 2
70 2
70 4
71 2
72 2
73 4
73 4
74 4
75 3
75 3
76 4
77 3
77 4
78 4
79 3
80 3
80 5
81 4
82 5
82 4
83 5
84 5
84 6
85 5
86 6
87 4
87 5
88 5
89 4
89 4
90 4
91 4
91 5
92 5
92 5
93 5
94 5
95 6
96 5
96 6
97 6
97 5
98 5
99 7
99 7
100 6
101 6
102 7
102 7
103 7
104 6
104 7
105 6
106 7
106 7
107 6
108 5
109 7
109 6
110 7
110 7
111 6
112 6
113 7
113 7
114 7
115 7
116 7
116 7
117 7
117 7
118 7
119 7
120 7
120 7
121 7
121 7
