20 0
22 0
22 0
24 0
24 0
25 0
25 0
26 0
26 0
28 0
28 0
29 0
30 0
30 0
31 0
32 0
32 0
33 0
34 0
34 0
35 0
36 0
37 0
38 0
38 0
39 1
39 2
40 1
41 2
42 3
42 3
43 2
44 2
44 2
45 3
46 3
46 4
47 4
48 4
49 4
49 4
50 3
51 3
52 3
53 3
53 3
54 3
55 3
56 3
56 4
57 4
57 4
58 4
59 5
59 5
60 5
61 4
62 4
62 5
63 5
64 4
64 4
65 4
66 4
66 4
67 5
68 6
69 6
69 6
70 5
71 6
71 6
72 6
74 4
74 6
75 5
76 5
76 6
77 6
77 6
78 6
79 6
79 6
80 6
81 6
82 6
82 6
83 6
83 6
84 7
85 6
86 6
86 6
87 7
88 7
89 5
89 5
90 5
91 6
91 5
92 6
93 6
94 7
95 6
95 6
96 6
97 6
97 6
98 6
99 6
99 7
100 6
100 6
101 6
102 6
103 7
104 6
104 7
105 7
105 7
106 7
107 6
108 7
108 7
109 7
111 7
111 7
111 7
112 7
113 7
114 7
114 7
115 7
116 7
117 7
117 7
118 7
119 7
119 7
120 7
121 7
121 7
