20 0
22 0
23 0
23 0
24 0
25 0
25 0
26 0
27 0
27 0
28 0
29 0
29 0
30 0
31 0
31 0
32 0
32 0
33 0
34 0
35 0
35 0
36 0
37 0
38 0
38 0
39 0
40 0
40 0
41 0
42 0
42 0
43 0
44 0
44 0
45 0
46 0
46 0
48 0
48 0
49 0
49 0
50 0
51 0
51 0
53 0
53 0
54 0
54 0
54 0
56 0
57 1
57 0
58 0
58 1
59 1
60 2
60 2
61 1
62 2
62 2
63 2
64 2
65 2
65 2
66 2
66 2
67 2
69 2
69 2
70 2
71 2
71 3
72 2
72 2
74 2
74 2
75 3
75 2
76 2
76 2
77 2
78 2
79 2
79 2
80 2
81 3
81 3
82 3
82 2
83 2
84 3
85 3
85 3
86 3
87 3
87 3
88 3
89 3
90 3
90 3
91 3
92 3
92 3
93 3
94 3
95 3
95 3
96 3
97 3
98 3
98 3
99 3
99 3
100 3
101 2
102 3
102 2
103 2
103 3
104 3
105 3
106 3
106 3
107 3
108 3
108 3
109 3
110 3
111 3
111 3
112 3
112 3
113 3
114 3
115 3
116 3
116 3
117 3
118 3
118 3
119 3
119 3
120 3
121 3
121 3
