20 0
22 0
23 0
23 0
24 0
25 0
25 0
26 0
27 0
27 0
28 0
29 0
30 0
30 0
31 0
32 0
32 0
33 0
34 0
35 0
35 0
36 0
37 0
37 0
38 0
39 0
40 0
41 0
41 0
42 0
42 0
43 0
44 0
45 0
45 1
46 1
47 1
47 0
48 1
48 2
50 2
50 1
51 2
51 3
52 3
53 5
54 4
54 4
55 4
56 4
56 2
57 2
58 2
58 3
59 2
60 5
61 3
61 3
62 5
63 5
64 5
64 5
65 5
66 5
67 5
67 4
68 5
68 4
69 5
70 4
71 6
71 5
72 5
73 5
74 6
74 8
75 6
76 6
77 6
77 8
78 5
79 6
79 6
80 7
81 6
81 8
82 8
82 9
83 8
84 7
85 8
86 9
86 10
87 9
88 10
89 10
89 10
90 10
90 9
91 10
92 10
93 9
93 11
94 10
95 10
95 11
96 10
97 10
97 11
98 10
99 10
100 10
100 10
101 10
102 11
103 11
103 12
104 10
105 11
106 10
106 10
107 10
107 10
108 10
109 10
110 10
111 11
111 10
112 12
113 11
114 10
114 12
115 11
115 11
116 12
117 11
117 10
118 10
119 11
120 9
121 10
121 10
122 9
