20 0
22 0
22 0
23 0
24 0
25 0
25 0
26 0
27 0
27 0
28 0
29 0
30 0
30 0
31 0
31 0
32 0
33 0
34 0
34 0
35 0
36 0
36 0
37 0
38 1
39 1
39 1
40 1
41 1
41 1
42 1
43 1
44 1
44 1
45 1
45 1
46 1
47 1
48 1
49 1
50 1
50 1
51 1
51 1
53 2
53 1
54 1
54 2
55 2
56 2
56 3
57 3
58 1
58 3
59 3
60 2
60 3
61 3
62 3
62 5
63 2
64 3
65 4
65 3
66 3
67 3
67 4
68 3
69 3
70 3
70 4
71 3
71 3
72 4
73 4
74 4
74 4
75 4
76 3
76 4
77 4
77 5
79 4
79 4
80 5
81 5
81 6
82 5
83 4
83 5
84 5
85 4
85 5
86 5
87 5
87 4
88 6
89 6
89 6
90 7
91 6
92 7
92 7
93 8
93 8
94 6
95 8
95 7
97 8
97 8
98 7
98 9
99 9
100 8
101 8
101 9
102 9
103 10
104 8
104 10
105 9
106 10
106 8
107 9
107 10
108 10
109 9
110 9
110 9
111 10
112 9
112 9
114 10
114 9
115 9
116 9
116 9
117 10
118 9
118 9
119 9
120 9
120 9
121 9
