20 0
22 0
23 0
23 0
24 0
24 0
25 0
26 0
27 0
27 0
28 0
29 0
29 0
30 0
31 1
31 0
32 1
33 1
33 1
34 1
35 2
36 2
36 2
37 3
38 3
38 3
39 2
40 2
40 2
41 2
41 2
42 3
43 3
43 3
44 3
45 3
46 2
46 2
47 2
48 3
48 2
49 3
50 3
51 3
51 3
52 3
52 4
53 3
54 3
55 3
55 3
56 3
56 3
57 3
58 3
59 3
59 3
60 3
61 3
61 3
62 4
63 3
64 3
64 4
65 5
65 4
66 6
67 5
67 6
68 5
69 5
70 5
70 6
71 6
72 6
72 6
73 5
74 6
75 6
75 6
76 6
76 7
77 6
78 6
78 6
79 7
80 6
81 6
82 6
82 7
83 6
83 7
84 7
85 7
86 7
86 7
87 7
87 7
88 7
89 6
89 7
90 6
91 6
92 6
92 6
93 8
94 8
94 7
95 7
96 8
96 8
97 7
98 8
98 8
99 7
100 7
101 9
101 9
102 7
103 7
103 7
104 7
105 7
105 7
106 7
107 8
107 8
108 8
109 9
109 8
110 8
111 8
111 8
112 8
113 8
113 9
114 8
115 9
115 8
116 9
118 9
119 9
119 8
119 8
120 8
121 8
122 8
