20 0
22 0
22 0
23 0
24 0
25 0
25 0
26 0
27 0
28 0
28 0
29 0
29 0
30 0
31 0
32 0
32 0
33 0
34 0
35 0
36 0
36 0
37 0
38 0
38 0
39 0
39 0
40 0
41 0
42 0
42 0
43 1
44 1
45 1
45 0
46 1
47 1
47 2
48 3
49 3
49 2
50 2
51 3
52 3
52 5
53 4
54 4
55 4
56 5
56 5
57 5
57 4
58 4
59 4
60 5
60 4
61 5
62 4
62 5
63 4
64 5
65 5
65 5
66 5
67 5
67 5
68 5
69 5
70 5
71 5
71 5
72 6
72 6
74 5
74 5
75 7
75 5
76 6
77 5
78 5
78 7
79 6
80 5
81 5
81 7
82 7
83 7
83 7
84 7
85 7
85 7
86 7
87 7
88 7
88 7
89 7
90 7
91 7
91 7
92 7
93 7
93 7
94 7
95 7
96 7
96 7
97 7
98 8
99 8
99 6
100 8
101 9
102 8
102 8
103 7
104 8
104 8
105 8
106 9
106 8
107 8
108 8
108 8
109 8
110 8
111 9
112 8
112 9
113 8
114 9
114 8
115 9
116 10
116 10
117 8
118 9
119 9
119 8
120 9
121 9
122 9
