20 0
22 0
22 0
23 0
24 0
25 0
25 0
26 0
27 0
27 0
28 0
29 0
29 0
30 0
30 0
31 1
32 1
33 0
33 1
34 1
35 0
36 0
37 1
37 1
38 1
38 2
39 2
40 2
41 2
41 2
42 2
43 2
43 2
44 3
45 3
45 5
46 4
47 3
47 4
48 5
49 5
49 4
50 5
51 7
51 6
52 6
53 5
53 5
54 5
55 5
56 5
56 6
57 5
58 5
59 6
59 6
60 6
61 7
61 6
62 6
62 6
63 5
64 7
65 8
65 7
66 7
67 8
67 8
68 8
69 8
69 7
70 7
71 7
71 7
72 7
73 7
73 7
75 6
75 7
76 7
77 7
77 7
78 7
79 7
79 7
80 7
81 7
81 7
82 7
83 7
84 7
85 7
85 7
86 7
87 8
87 7
88 7
88 7
89 8
90 8
90 7
91 8
92 8
93 8
93 8
94 8
95 8
96 9
96 8
97 8
97 9
98 10
99 9
99 9
100 9
101 8
102 9
102 9
103 9
104 9
104 9
105 9
106 9
107 9
108 9
108 9
109 9
109 9
110 9
111 10
111 9
113 9
113 10
113 9
114 9
115 9
116 9
116 9
117 9
118 9
118 9
119 9
120 9
120 9
121 9
