20 0
22 0
22 0
24 0
24 0
25 0
25 0
26 0
26 0
27 0
28 0
29 0
30 0
31 0
31 0
32 0
33 0
33 1
34 0
34 1
35 1
36 0
37 1
37 1
38 1
39 1
39 1
40 1
41 2
41 2
42 2
43 2
44 1
44 2
45 2
46 2
46 2
47 2
48 2
48 2
49 2
49 2
50 2
51 2
52 2
53 2
54 2
55 2
56 2
56 2
57 2
57 2
58 2
59 3
59 2
60 2
61 2
62 3
62 2
63 3
64 3
65 3
65 3
66 3
67 3
67 3
68 3
69 4
70 3
70 3
71 5
72 5
73 5
73 5
74 6
75 6
76 6
76 5
77 5
77 5
78 5
79 5
79 6
80 5
81 6
81 6
82 7
83 6
83 7
84 6
85 6
86 7
86 7
87 6
87 8
88 7
89 6
90 8
90 8
91 7
92 7
92 7
93 7
94 7
95 7
95 7
96 7
97 7
98 7
98 7
99 7
99 7
100 7
101 7
101 7
102 7
103 7
103 7
104 7
105 8
105 8
106 8
107 7
107 7
108 8
109 8
110 8
110 8
111 8
112 7
112 7
113 8
114 8
114 7
115 7
116 7
116 8
117 8
118 7
118 7
119 8
120 8
121 8
121 7
122 8
