20 0
22 0
22 0
23 0
24 0
25 0
25 0
26 0
27 0
27 0
28 0
29 0
29 0
30 1
31 0
31 0
32 0
33 0
34 0
34 0
35 1
35 1
36 1
37 0
38 1
38 1
39 1
40 1
41 2
41 2
42 2
43 2
43 3
44 2
45 2
45 2
46 2
47 2
48 2
48 2
49 2
50 2
50 2
51 2
52 2
53 2
53 3
54 3
54 3
55 2
56 3
56 3
57 3
58 3
59 3
59 2
60 2
61 3
61 3
62 4
63 4
63 3
64 3
65 3
66 4
67 4
67 4
68 4
68 4
69 5
70 5
71 5
71 5
72 5
73 6
73 6
74 7
75 6
75 6
76 7
77 6
78 6
78 7
79 7
80 7
80 8
81 7
82 7
82 8
83 8
84 9
84 10
85 10
86 9
86 9
87 11
88 9
89 10
89 11
90 8
92 8
91 8
92 9
92 8
93 9
94 8
95 8
95 10
96 9
97 10
98 10
98 11
99 10
100 10
100 8
101 8
102 10
103 8
103 8
104 9
105 8
106 9
107 8
107 8
108 7
109 8
109 8
110 7
111 9
111 9
112 8
113 8
113 8
114 10
115 10
116 10
116 11
117 12
118 10
119 12
119 11
120 10
120 11
122 9
122 10
