20 0
22 0
23 0
23 0
24 0
25 0
26 0
26 0
27 0
27 0
28 0
29 0
29 0
30 0
31 0
32 0
32 0
33 0
33 0
34 0
35 0
36 0
36 0
37 0
37 0
38 0
39 1
40 0
40 0
41 0
42 1
43 0
43 0
44 0
44 1
45 1
46 1
46 1
47 2
48 1
49 1
49 2
50 1
50 2
51 2
52 2
53 1
53 2
54 1
55 2
55 2
56 2
57 1
57 1
58 2
59 2
59 1
60 1
61 2
61 3
62 2
63 2
63 1
64 2
65 2
65 3
66 3
67 3
68 4
68 3
69 2
70 4
70 3
71 4
72 3
73 4
73 4
74 4
74 4
75 4
76 4
77 4
77 4
78 4
79 4
79 4
80 4
82 4
82 4
83 4
84 4
84 4
85 4
86 5
86 4
87 5
88 4
89 4
89 4
90 5
90 5
91 4
92 5
92 5
93 5
94 5
95 5
95 5
96 5
97 5
97 5
98 5
99 5
99 5
100 5
100 5
101 5
102 5
102 5
103 5
104 5
104 5
105 5
106 5
106 5
107 5
108 5
109 5
109 4
110 4
111 5
111 5
112 5
113 5
113 5
114 4
115 5
115 4
116 5
117 5
117 4
118 5
119 4
119 4
120 5
121 5
122 6
