20 0
22 0
22 0
23 0
24 0
25 0
25 0
26 0
27 0
28 0
28 0
29 0
30 0
30 0
31 0
32 0
32 0
33 0
33 0
34 0
35 0
36 0
36 0
37 0
38 0
39 0
39 0
40 0
41 0
41 0
42 0
43 0
44 0
44 0
45 0
45 0
46 0
47 0
47 0
48 1
49 0
50 1
51 2
51 2
52 2
53 2
53 2
54 1
55 1
55 2
56 2
57 2
58 2
58 2
59 2
60 2
60 2
61 2
62 2
63 2
63 2
64 2
65 2
66 2
66 3
67 3
67 3
68 3
69 3
69 3
70 3
71 3
71 3
72 3
73 3
74 3
74 3
75 4
75 3
76 3
77 3
78 4
78 5
79 5
80 4
81 4
81 4
82 4
83 4
84 5
84 5
85 5
85 4
86 5
87 4
88 4
88 5
89 5
90 4
91 5
91 5
92 4
92 5
93 4
94 5
95 5
95 5
96 5
97 4
98 5
98 5
99 4
100 5
101 5
102 5
102 4
103 4
103 6
104 5
104 5
105 5
106 5
107 5
107 5
108 5
109 5
110 5
110 5
111 4
112 4
112 4
113 4
114 4
114 4
115 4
115 4
116 4
117 4
118 4
118 4
119 4
120 4
120 4
121 4
