20 0
22 0
23 0
23 0
24 0
24 0
25 0
26 0
27 0
27 0
28 0
29 1
29 1
30 1
31 1
31 1
32 1
33 1
33 2
34 1
35 1
36 1
37 1
37 1
38 2
38 2
39 1
40 2
40 2
41 2
42 3
42 3
44 3
44 2
45 3
45 3
46 3
47 3
47 3
48 3
49 3
49 3
50 3
51 3
51 4
52 4
53 5
53 4
54 4
55 5
56 6
56 6
57 6
58 5
58 6
59 7
60 7
60 7
61 8
62 7
63 7
63 7
64 7
65 8
65 7
66 7
67 7
67 8
68 7
69 6
69 6
70 6
71 6
71 6
72 6
73 7
74 6
74 6
75 6
76 6
76 7
77 6
78 6
78 7
79 6
80 8
80 7
81 7
82 7
83 8
83 8
84 8
85 7
85 8
86 7
87 7
87 9
88 10
89 7
89 7
90 7
91 7
91 7
92 7
92 7
94 7
94 7
95 7
96 7
96 8
97 8
97 9
98 9
99 9
100 9
100 9
101 9
102 10
103 8
103 9
104 8
105 9
105 9
106 9
107 9
107 9
108 9
108 9
109 9
110 9
110 9
111 9
112 9
113 9
113 9
114 9
115 9
115 9
116 9
117 10
117 9
118 9
119 9
119 9
120 9
121 9
