20 0
22 0
22 0
23 0
24 0
25 0
25 0
26 0
27 0
27 0
28 0
29 0
30 0
30 0
31 0
32 0
32 0
33 1
34 1
34 1
35 1
36 1
36 0
37 0
38 0
38 0
39 0
41 1
41 1
42 0
42 0
43 0
44 1
45 0
45 1
46 1
47 1
47 1
48 1
49 2
49 2
50 2
52 2
52 2
52 2
53 2
54 2
55 2
55 2
56 2
57 2
58 2
58 3
59 3
60 2
60 2
61 2
62 3
62 2
63 3
64 1
65 3
65 2
66 2
67 2
67 2
68 1
69 1
69 2
70 2
71 2
72 2
72 2
73 2
74 2
75 2
75 2
76 2
77 2
77 2
78 3
79 2
79 3
80 3
81 3
82 3
82 3
83 4
83 4
84 2
85 3
86 4
86 5
87 4
88 5
88 5
89 6
90 5
90 5
91 6
92 6
93 6
94 6
94 6
95 6
96 6
96 6
97 6
98 6
98 6
99 6
100 6
100 6
101 6
102 5
102 5
103 5
104 5
105 5
105 5
106 5
107 5
107 5
108 5
109 5
109 5
110 5
111 5
111 5
112 5
113 5
114 5
114 5
115 5
116 5
117 5
117 5
118 5
119 5
119 5
120 5
121 4
121 4
