20 0
22 0
22 0
23 0
24 0
25 0
25 0
26 0
27 0
27 0
28 0
29 0
29 0
30 0
31 0
31 0
32 0
33 0
34 0
34 0
35 0
36 0
36 0
37 0
38 0
38 0
39 0
40 0
40 0
41 0
42 0
42 0
44 0
44 1
45 0
45 1
46 1
47 1
48 1
48 1
49 2
50 1
50 2
51 1
52 1
52 3
53 2
54 2
54 2
55 2
56 2
56 4
57 3
58 2
58 2
59 2
59 4
60 2
61 3
61 3
62 5
63 3
64 4
64 3
65 5
65 4
67 4
67 3
68 3
68 3
69 3
70 2
70 3
71 2
72 2
72 2
73 2
74 3
74 2
75 2
76 3
77 3
78 3
78 3
79 3
79 3
80 3
81 3
81 3
82 3
82 3
84 3
84 3
85 3
85 4
86 6
87 4
88 4
88 4
89 5
90 5
91 4
91 5
91 4
93 4
93 5
94 5
94 5
95 5
96 5
97 5
97 5
98 5
99 5
99 4
100 5
100 5
101 5
102 6
102 6
104 6
104 6
105 6
105 6
106 6
106 6
108 6
108 6
109 6
109 6
110 6
110 7
111 6
112 6
113 7
113 6
114 6
115 6
116 6
116 6
117 8
118 7
118 6
119 6
120 5
120 7
121 5
