20 0
22 0
23 0
23 0
24 0
24 0
25 0
26 0
26 0
27 0
28 0
29 0
30 0
30 0
30 0
32 0
33 0
33 0
34 0
34 0
35 0
36 0
36 0
37 0
38 0
38 0
39 0
40 0
41 0
41 0
42 0
43 0
43 0
44 0
45 0
45 0
46 0
47 0
48 0
48 1
49 1
50 0
50 0
51 0
51 1
52 0
53 1
54 0
54 0
55 0
55 0
57 0
57 0
58 0
58 0
59 0
60 0
60 0
61 0
62 1
62 1
63 0
64 0
65 1
65 1
66 1
67 1
67 1
68 1
69 1
69 1
70 1
70 1
72 1
72 1
73 1
74 0
74 1
75 1
76 0
76 1
77 1
78 1
78 2
79 1
80 2
81 2
81 2
82 2
82 2
83 2
84 2
84 2
85 2
86 2
86 2
87 2
88 3
88 3
89 3
90 3
91 3
91 2
93 3
93 3
94 3
94 3
95 3
95 3
96 3
97 3
97 3
98 3
99 4
99 4
100 4
101 4
101 4
102 4
103 4
103 4
104 4
105 4
105 4
106 4
107 4
107 4
108 4
109 4
110 4
110 4
111 4
112 4
112 4
113 4
114 4
114 4
115 4
116 4
116 4
117 4
118 4
119 4
119 4
120 3
120 3
121 3
122 3
