20 0
22 0
23 0
23 0
24 0
25 0
25 0
26 0
26 0
27 0
29 0
29 0
30 0
30 0
31 0
31 0
32 0
33 0
33 0
34 0
35 0
36 0
36 0
37 0
38 0
39 0
40 0
40 0
41 0
41 0
42 0
43 0
43 0
44 0
45 0
46 0
46 0
47 0
48 1
49 0
49 1
50 1
50 3
51 3
52 2
53 1
53 3
54 3
55 3
55 3
56 3
57 2
57 3
58 3
59 3
60 3
60 2
61 2
62 2
63 2
63 2
64 2
65 3
65 2
66 4
67 2
68 2
68 3
69 2
70 2
70 2
71 3
71 2
73 3
73 2
74 3
74 4
75 3
76 3
76 2
77 3
78 2
79 4
80 3
80 4
81 3
82 4
82 5
83 3
83 3
84 4
85 5
86 4
87 3
87 5
88 5
88 5
89 5
90 5
90 5
91 5
92 5
93 5
93 5
94 5
94 5
95 5
96 4
96 4
97 4
98 4
99 4
99 4
100 4
101 4
101 4
102 4
103 4
103 4
104 4
105 4
105 4
106 4
107 4
108 4
108 4
109 4
110 4
111 4
112 4
112 4
113 4
114 4
114 4
115 4
116 4
116 4
117 4
118 4
118 4
119 4
120 4
120 4
121 4
