20 0
22 0
22 0
23 0
24 0
25 0
25 0
26 0
27 0
27 0
28 0
29 0
30 0
30 0
31 0
31 0
32 0
33 0
34 0
35 0
36 0
36 0
37 0
37 0
38 0
39 0
40 0
41 0
41 0
42 0
43 0
43 0
44 0
44 0
45 1
46 1
47 1
48 2
48 1
49 2
50 2
50 3
51 3
52 3
53 3
54 3
54 3
55 3
55 3
56 3
57 3
58 3
58 4
59 3
59 3
60 3
61 4
62 4
63 5
63 5
64 5
64 4
65 5
66 5
66 6
67 6
68 5
68 6
69 6
70 5
71 6
71 6
72 5
73 5
73 6
74 4
75 5
75 4
76 5
77 5
77 5
78 5
79 5
80 6
80 5
81 5
82 5
82 6
83 5
84 5
85 5
85 5
86 5
87 5
87 5
88 5
89 5
90 5
90 5
91 5
92 5
92 5
93 5
93 5
94 5
95 5
95 5
96 5
97 5
98 5
99 5
99 5
100 6
101 5
101 5
102 5
103 5
103 5
104 5
105 5
106 5
107 5
107 5
108 5
109 5
109 5
110 5
111 5
111 5
112 5
113 5
114 5
114 5
115 5
116 5
116 5
117 5
117 5
118 5
119 5
120 5
121 5
121 5
122 5
