20 0
22 0
23 0
23 0
24 0
25 0
25 0
26 0
27 0
28 0
28 0
29 0
29 0
30 0
31 0
32 0
32 0
33 0
34 0
35 0
35 0
36 0
37 0
37 0
38 0
39 0
39 0
41 0
41 0
42 0
42 0
43 0
44 0
45 0
45 0
46 0
47 0
48 0
48 0
49 0
50 0
51 0
51 0
52 0
53 0
54 0
54 0
55 0
56 0
56 0
57 0
58 0
58 0
59 0
60 0
61 0
62 0
62 0
63 0
64 0
64 0
65 0
65 0
66 1
67 0
68 1
68 1
69 1
70 1
70 0
71 1
72 1
73 1
73 1
74 1
75 2
75 1
76 1
77 1
78 1
78 2
79 1
80 1
80 1
81 2
82 2
83 2
84 2
84 1
85 2
85 2
86 2
87 1
87 2
88 2
89 1
90 1
90 2
91 0
92 1
93 1
93 1
94 2
95 2
96 2
96 1
97 1
98 3
98 4
99 2
100 2
101 1
101 2
102 2
103 3
103 3
104 3
104 2
105 2
106 1
107 2
107 1
108 2
109 2
109 2
110 2
111 1
112 3
112 2
113 2
113 3
114 3
115 4
116 4
117 3
117 3
118 4
119 5
119 4
120 5
121 4
122 4
