20 0
22 0
23 0
23 0
24 0
25 0
25 0
26 0
27 0
27 0
28 0
29 0
29 0
30 0
31 0
31 0
32 0
33 0
33 0
34 0
35 0
35 0
36 0
37 1
37 1
38 0
39 1
40 0
41 1
41 1
42 1
43 1
43 3
44 2
44 1
45 2
46 3
47 1
47 1
48 3
49 2
49 3
50 3
51 2
51 2
52 4
53 2
54 3
54 2
55 4
56 4
56 5
57 4
57 5
58 4
59 5
60 5
60 5
61 5
62 5
62 4
63 5
64 4
64 4
65 4
66 4
66 6
67 4
68 4
69 5
69 6
70 6
71 6
71 5
72 6
73 6
74 6
74 5
75 4
76 5
76 4
77 4
78 5
79 5
79 5
80 5
80 5
81 5
82 5
83 5
83 5
84 5
84 5
85 5
86 5
86 6
87 6
88 6
89 6
89 7
90 5
91 5
91 6
92 6
93 6
94 6
94 6
95 6
95 6
96 6
97 6
97 6
98 7
100 6
100 6
100 7
101 6
102 6
103 6
103 6
104 6
105 7
105 7
106 7
107 7
108 7
108 7
109 7
109 7
110 7
111 8
112 8
112 8
113 7
114 8
115 8
115 8
116 8
116 8
117 8
118 8
118 9
119 8
120 8
120 9
121 9
