20 0
22 0
22 0
23 0
24 0
25 0
26 0
26 0
27 0
27 0
29 0
29 0
30 0
31 0
31 0
32 0
32 0
33 0
34 0
34 0
35 0
36 0
37 0
37 0
38 0
39 0
39 0
40 0
41 0
41 0
42 0
43 0
44 0
45 0
45 1
46 0
47 0
47 1
48 1
48 0
49 2
50 0
51 1
51 2
52 1
53 1
53 1
54 2
55 2
55 2
56 2
57 2
58 3
58 3
59 2
60 4
61 3
61 4
62 4
62 3
63 3
64 3
64 4
65 5
66 5
66 5
67 5
68 5
68 4
69 5
70 5
70 5
71 5
72 5
72 5
73 5
74 5
74 5
75 5
76 5
77 5
77 5
78 5
79 5
80 5
80 5
81 5
82 5
82 6
83 6
84 6
84 6
85 5
86 6
87 5
87 6
88 5
89 6
89 5
90 6
91 6
91 6
92 6
93 6
93 6
94 6
95 6
95 7
96 6
97 7
98 6
98 6
99 6
99 7
100 7
101 7
102 7
102 7
103 8
104 8
104 7
105 7
106 8
106 6
107 6
108 7
109 7
110 7
111 7
111 6
112 6
112 6
113 7
114 6
114 6
115 6
116 6
116 6
117 6
118 8
118 8
119 8
120 7
121 8
121 8
122 7
