20 0
22 0
23 0
23 0
24 0
25 0
25 0
26 0
27 0
27 0
28 0
29 0
29 0
31 0
31 0
32 0
32 0
33 0
34 0
35 0
36 0
36 0
37 0
37 0
39 0
39 0
40 0
40 0
42 0
42 0
43 0
43 0
44 0
45 1
45 1
46 1
47 1
47 1
48 1
49 1
50 1
51 1
51 2
52 1
53 1
53 1
54 2
55 2
55 1
56 2
57 2
57 1
58 1
59 1
60 2
60 2
61 2
61 2
62 2
63 2
64 2
65 2
65 2
66 2
67 3
67 3
68 3
68 3
70 3
70 3
71 3
71 3
72 3
73 3
74 3
75 3
75 3
76 3
77 3
77 3
78 3
79 3
79 3
80 3
81 3
82 3
82 3
83 3
84 3
84 3
85 3
86 3
86 3
87 3
88 3
88 3
89 3
90 3
91 3
91 3
92 3
92 3
93 3
94 4
95 5
96 5
96 4
97 6
97 4
98 4
99 6
100 5
100 6
101 6
102 6
103 5
103 6
105 6
105 6
106 6
106 5
107 6
108 7
108 6
109 5
110 7
110 6
111 6
112 5
113 6
113 6
114 6
115 6
115 6
116 5
117 6
117 6
118 6
119 6
119 6
120 6
121 6
