20 0
22 0
23 0
23 0
24 0
24 0
26 0
26 0
27 0
27 0
28 0
29 0
29 0
30 0
31 0
32 0
32 0
33 0
34 0
34 0
35 0
36 0
36 0
37 0
38 0
39 0
39 0
40 0
41 0
41 0
42 0
42 0
43 0
44 0
44 1
46 0
46 1
47 0
47 1
48 1
49 1
50 0
50 1
51 1
51 1
52 1
53 1
54 1
54 1
55 1
56 1
56 1
57 1
58 1
59 1
60 1
60 1
61 1
61 1
62 1
63 1
63 1
65 1
65 1
66 1
67 1
67 1
68 1
68 1
69 1
70 1
71 1
71 1
72 1
72 1
73 1
74 1
75 1
76 1
76 1
77 2
77 2
78 1
79 1
79 2
80 1
81 2
82 2
82 2
83 2
83 1
84 1
85 2
86 2
87 2
87 2
88 2
88 2
90 2
90 2
91 2
91 2
92 2
93 2
94 2
94 2
95 2
95 2
96 2
97 1
98 1
98 2
99 2
99 3
100 2
101 2
102 2
102 2
103 2
104 2
104 2
105 2
107 2
107 2
108 2
108 2
109 2
110 2
110 2
111 2
112 2
112 2
113 2
114 2
115 2
115 2
116 2
116 2
117 2
118 3
119 3
119 2
120 2
121 3
121 2
122 2
