20 0
22 0
23 0
24 0
24 0
25 0
25 0
26 0
27 0
27 0
28 0
29 0
29 0
30 0
31 0
31 0
32 0
33 0
33 0
34 0
35 0
36 0
36 0
37 0
38 0
38 1
39 1
40 1
40 1
41 1
42 1
42 1
43 1
44 1
45 1
45 1
46 1
47 1
47 1
48 1
49 2
50 1
50 1
51 1
52 1
52 1
53 2
54 2
54 1
55 1
56 1
57 2
57 2
58 2
59 2
59 1
60 2
61 2
61 1
62 1
63 2
63 2
64 1
65 2
66 2
66 2
67 2
68 4
68 5
69 3
70 3
70 4
72 5
72 6
72 5
73 5
74 5
75 4
75 4
76 4
77 4
78 5
78 5
79 6
79 6
80 6
81 5
82 6
82 5
84 6
84 5
84 6
85 6
86 6
87 6
87 6
88 7
88 6
90 6
90 6
91 5
92 6
92 6
93 7
93 6
94 6
95 8
95 7
97 7
97 7
98 7
99 6
99 6
100 6
101 6
101 6
102 7
103 6
103 6
104 6
105 6
106 6
106 6
107 6
108 5
108 7
109 8
110 9
110 7
111 7
112 7
113 7
113 9
114 7
115 6
115 8
116 9
117 8
117 6
118 7
119 8
120 7
121 8
121 7
