20 0
22 0
22 0
23 0
24 0
25 0
25 0
26 0
27 0
28 0
29 0
29 0
30 0
30 0
31 0
32 0
33 0
33 0
34 0
34 0
36 1
36 1
37 1
38 1
38 1
39 1
40 1
40 1
41 1
42 1
43 1
43 1
44 1
45 1
45 1
46 1
47 1
47 1
48 1
49 1
50 1
50 1
51 1
52 1
53 1
53 1
54 2
55 1
55 2
56 3
57 3
58 4
58 3
59 5
60 4
60 4
61 4
62 5
62 6
63 6
64 5
64 5
65 5
66 5
67 7
68 6
68 6
69 6
69 6
70 6
71 5
71 6
72 5
73 6
74 6
74 6
75 5
76 6
77 6
77 6
78 5
78 6
79 6
80 6
81 6
81 5
82 5
83 5
83 4
84 5
85 5
86 5
86 5
87 5
88 6
89 6
90 7
90 6
91 5
91 5
92 5
93 5
94 5
94 6
95 6
96 6
97 6
97 5
98 6
99 5
99 5
100 5
101 5
102 5
102 6
103 5
104 6
105 7
105 6
106 6
106 5
107 5
108 8
109 6
109 6
110 7
111 6
112 7
112 7
113 8
114 8
115 7
115 6
116 7
116 7
117 6
118 7
119 7
119 5
120 6
121 6
121 7
