20 0
22 0
23 0
23 0
25 0
25 0
26 0
27 0
27 0
28 0
29 0
29 0
30 0
31 0
32 0
32 0
33 0
34 0
35 0
35 0
36 0
37 0
37 0
38 0
38 0
39 0
40 0
41 1
41 0
42 1
43 1
43 1
44 0
45 1
45 2
47 2
47 1
48 1
48 1
49 1
50 1
51 1
51 1
52 1
53 2
53 2
54 2
55 2
56 1
56 1
57 1
57 1
58 2
59 1
60 1
60 1
61 1
62 1
63 2
63 1
65 1
65 1
66 1
66 1
67 2
68 2
68 2
69 2
70 3
70 2
71 2
72 2
73 2
73 2
74 2
75 2
75 2
76 2
77 2
78 2
79 2
79 2
80 4
81 2
81 3
82 2
83 3
84 3
84 4
85 3
85 3
86 5
87 5
88 5
88 5
89 4
90 4
91 5
91 6
92 5
93 5
93 7
94 5
95 7
96 7
96 6
97 5
98 6
98 6
99 5
100 5
100 6
101 6
102 5
103 6
104 7
104 5
105 6
106 5
106 5
107 4
108 5
109 6
109 6
110 6
111 6
111 6
112 6
113 5
114 7
114 7
115 7
115 8
116 8
117 8
118 9
118 9
119 9
120 8
120 8
122 8
