20 0
22 0
23 0
23 0
24 0
24 0
25 0
26 0
27 0
27 0
28 0
29 0
30 0
30 0
31 0
31 0
32 0
33 0
33 0
34 0
35 0
36 0
36 0
37 0
38 0
38 0
39 0
40 0
41 0
41 0
42 1
43 1
43 1
44 1
45 1
45 1
46 1
47 1
47 1
48 1
49 1
49 1
50 2
51 1
51 2
52 1
53 3
54 3
54 5
55 3
56 3
57 3
57 3
58 2
58 2
59 2
60 2
60 3
61 2
62 3
63 3
63 4
64 4
65 3
66 3
66 3
67 3
67 3
68 2
69 3
70 3
70 2
71 4
72 5
72 5
73 6
74 5
74 5
75 5
76 5
76 6
77 7
78 5
78 5
79 5
80 4
80 5
81 5
82 5
83 5
83 4
84 5
85 6
86 5
86 5
87 8
87 7
88 6
89 5
90 6
90 6
91 7
92 7
92 7
93 7
93 7
94 7
95 7
96 7
96 7
97 8
98 7
99 6
99 6
100 9
101 6
101 6
102 6
103 7
104 7
104 6
105 7
105 7
106 6
107 7
108 7
108 7
109 8
110 6
110 6
111 7
112 6
113 6
113 7
114 7
115 7
115 7
116 7
117 7
118 9
118 7
119 7
119 7
120 7
121 7
121 8
