20 0
22 0
22 0
23 0
24 0
25 0
25 0
26 0
27 0
27 0
28 0
29 0
30 0
30 0
31 0
31 0
32 0
33 0
34 0
34 1
35 0
36 0
37 0
37 1
38 0
39 0
40 0
40 1
41 2
41 2
42 0
43 1
44 2
45 2
45 3
47 1
47 3
47 3
48 4
49 3
49 3
50 3
51 3
52 3
52 5
53 4
54 4
54 4
55 5
56 5
57 3
57 4
58 4
59 4
60 4
60 5
61 4
62 5
63 4
63 3
64 3
64 3
65 3
66 3
67 3
68 4
69 3
69 3
70 3
70 4
71 4
72 5
72 5
73 4
74 4
75 5
76 5
76 4
77 6
78 5
79 5
79 5
80 6
80 5
81 6
82 7
83 5
83 5
84 6
85 6
85 6
86 7
87 6
88 7
88 7
89 7
90 7
90 7
91 7
92 6
92 8
93 8
94 6
95 8
96 7
96 8
97 8
98 8
99 6
99 6
100 7
101 6
101 6
102 6
103 5
103 6
104 7
105 10
106 9
107 9
107 10
108 9
108 8
109 9
110 9
110 10
111 11
112 10
113 10
113 10
114 9
115 9
115 10
116 10
117 10
118 10
119 10
119 9
120 9
121 9
121 9
