20 0
22 0
23 0
24 0
24 0
25 0
25 0
26 0
27 0
27 0
28 0
29 0
30 0
30 0
31 0
32 0
33 0
33 0
34 0
35 0
35 0
36 0
37 0
37 0
38 0
39 0
40 1
40 1
41 1
42 1
42 1
43 0
44 0
44 0
45 0
46 0
46 1
47 2
48 3
48 2
49 1
50 3
51 2
51 1
52 2
53 1
53 2
54 2
55 2
56 3
57 3
57 3
58 3
59 2
59 3
60 3
61 3
62 3
62 3
63 3
64 3
64 3
65 3
66 3
66 4
67 4
68 4
68 3
69 5
70 3
71 5
71 5
72 5
73 6
74 6
74 6
75 5
76 5
76 5
77 5
78 5
78 5
80 6
80 6
81 7
81 6
82 6
83 7
84 7
84 7
85 7
86 8
86 8
87 8
88 7
88 7
89 7
90 7
90 7
91 7
92 8
92 7
93 7
94 7
95 7
96 7
97 7
97 7
98 7
98 6
99 8
100 6
101 8
101 8
102 7
103 7
103 7
104 8
105 8
105 8
106 7
107 8
108 9
108 8
109 8
110 8
110 8
112 9
112 9
113 9
113 9
114 10
114 9
115 9
116 9
117 10
117 9
118 9
119 8
119 9
120 9
121 9
122 9
