20 0
22 0
23 0
23 0
24 0
24 0
25 0
26 0
27 0
28 0
28 0
29 0
29 0
30 0
31 0
32 0
33 0
33 1
34 0
35 0
36 0
36 0
37 0
38 0
38 0
39 0
40 0
40 0
41 0
42 0
42 1
43 0
44 1
44 0
45 1
46 0
47 2
48 2
48 2
49 2
49 2
50 2
51 3
51 2
52 3
53 2
54 4
55 2
55 2
56 3
57 4
58 4
58 3
59 4
59 3
60 4
61 3
62 6
62 5
63 3
64 6
64 4
65 3
66 5
67 6
67 6
68 6
69 6
69 6
70 5
71 6
72 6
72 5
73 6
74 6
74 5
75 5
76 7
77 6
77 5
78 5
78 6
79 4
80 7
81 6
82 7
82 6
83 7
84 6
84 6
85 6
86 6
87 7
87 6
88 6
88 6
89 6
90 6
91 7
91 6
92 6
93 6
94 6
94 6
95 7
96 6
97 8
97 8
98 8
99 7
99 7
100 8
101 8
101 8
102 9
103 9
104 8
104 8
105 9
106 9
106 9
107 9
108 9
109 10
109 9
110 8
111 8
111 9
112 9
113 8
113 9
114 11
115 10
116 9
116 10
117 10
117 11
118 9
119 9
120 9
120 11
121 11
