20 0
22 0
22 0
23 0
24 0
25 0
25 0
26 0
27 0
27 0
28 0
29 0
29 0
30 0
31 0
32 0
32 0
33 0
34 1
34 1
35 1
36 1
36 1
37 1
38 1
39 1
39 1
40 1
41 2
41 2
42 2
43 2
44 2
45 2
45 2
46 2
46 2
47 2
48 3
48 2
49 2
50 2
50 3
51 2
52 4
53 2
53 2
54 4
54 5
55 2
56 4
57 4
58 2
58 4
59 4
59 4
60 5
61 4
61 5
62 5
63 4
65 7
65 6
66 5
66 5
67 6
68 6
68 7
69 7
70 5
70 6
71 6
72 8
73 6
73 7
74 6
75 6
75 6
76 6
77 6
77 6
78 7
79 7
80 7
80 7
81 8
82 8
82 7
83 7
84 7
84 7
85 7
86 7
86 7
87 7
88 8
89 7
89 7
90 7
90 7
91 7
92 7
93 7
93 7
94 7
95 8
95 7
96 7
97 7
97 7
98 7
99 8
99 7
100 7
102 8
102 8
103 7
103 7
104 7
105 8
105 7
106 7
107 7
107 9
108 9
109 9
110 8
110 8
111 9
112 10
112 8
113 8
113 8
114 9
115 10
116 9
116 9
117 10
118 10
118 10
119 10
120 10
121 10
121 11
122 11
