20 0
22 0
23 0
23 0
24 0
25 0
25 0
26 0
27 0
28 0
28 0
29 0
30 0
30 0
31 0
32 0
32 0
33 0
34 0
34 0
35 1
36 0
36 0
37 0
38 1
38 0
39 1
40 1
40 1
42 1
42 2
43 1
43 1
44 1
45 1
45 1
46 1
47 1
47 1
48 1
49 1
50 1
50 3
51 4
52 4
52 3
53 4
54 4
54 4
55 4
56 3
57 3
57 3
58 3
58 4
59 3
60 5
61 4
61 7
62 6
63 5
63 7
64 7
65 6
65 6
66 7
67 7
67 6
68 7
69 6
69 6
70 6
71 6
72 6
72 6
73 6
74 6
75 6
75 6
76 6
77 6
77 6
78 6
79 6
80 6
80 6
81 6
82 6
82 5
83 5
83 6
84 6
85 6
86 6
86 6
87 6
88 6
88 6
89 6
90 6
90 7
91 6
92 6
92 7
93 6
94 7
95 7
95 7
96 7
96 7
97 7
98 7
99 7
99 7
100 7
100 7
102 7
102 8
103 8
104 8
104 8
105 8
106 8
106 8
107 8
107 8
109 8
109 8
110 8
110 8
111 8
112 8
113 8
113 8
114 8
114 8
115 8
116 8
117 8
117 8
119 8
119 8
120 8
121 8
121 8
