20 0
22 0
22 0
23 0
24 0
25 0
25 0
26 0
27 0
27 0
28 0
29 0
30 0
30 0
31 0
32 0
32 0
33 0
34 0
34 0
35 0
36 0
36 0
37 0
37 0
38 0
39 0
40 0
40 0
41 2
42 2
43 2
43 1
44 2
45 1
45 2
46 2
47 2
47 3
48 3
49 3
49 3
50 4
51 4
52 4
52 4
53 3
54 3
54 4
55 4
56 4
57 5
57 4
58 4
58 4
59 5
60 4
60 5
61 4
62 5
63 5
63 5
64 5
65 5
65 5
66 5
67 5
67 5
68 5
69 6
70 5
70 5
71 6
71 6
73 5
73 5
74 6
74 7
75 6
76 6
76 6
77 6
78 6
79 7
79 8
80 6
81 8
81 7
82 7
83 7
83 5
84 5
85 5
85 6
86 7
87 5
87 5
88 7
89 5
89 6
90 9
91 8
92 8
92 8
93 9
94 8
95 8
95 8
95 8
96 9
97 9
98 9
98 9
99 9
100 9
100 9
101 9
102 9
102 9
103 9
104 9
104 9
105 9
106 8
106 8
107 8
108 8
109 7
110 9
110 8
110 7
111 8
112 8
113 8
113 7
114 7
115 7
115 7
116 8
117 8
117 7
118 7
119 8
120 8
121 8
121 8
122 8
