20 0
22 0
23 0
23 0
24 0
25 0
25 0
26 0
26 0
27 0
28 0
29 0
29 0
30 0
31 0
32 0
32 0
33 0
34 0
34 0
35 0
36 0
36 0
37 0
38 0
39 0
39 0
40 0
41 0
42 0
43 0
43 0
44 0
45 0
46 0
46 0
46 0
47 0
48 0
49 0
50 0
50 0
51 0
52 0
53 0
53 0
54 0
55 0
55 0
56 0
57 0
58 0
58 0
59 0
60 0
61 0
61 1
62 1
62 1
63 1
64 1
66 1
66 1
66 1
67 3
68 1
69 1
69 1
70 2
71 2
71 3
72 3
73 2
74 2
74 3
75 2
76 1
76 1
77 1
78 2
79 3
80 2
80 2
81 3
81 4
82 3
83 3
84 3
84 4
85 3
86 3
86 4
87 4
88 3
88 5
89 3
90 4
90 5
91 4
92 5
93 5
93 5
94 7
95 6
95 6
96 6
97 5
98 5
98 7
99 6
100 4
100 7
101 6
102 7
103 6
103 5
104 7
105 5
105 5
106 4
107 5
108 5
108 5
109 5
110 4
111 5
111 3
112 3
113 5
113 5
114 5
115 5
116 6
117 6
117 5
118 7
118 5
119 7
120 6
120 5
121 7
122 7
