20 0
22 0
23 0
23 0
24 0
25 0
25 0
26 0
27 0
28 0
28 0
29 0
29 0
30 1
31 1
32 1
32 2
33 1
34 2
34 2
35 2
36 1
37 2
37 2
38 2
38 2
39 2
40 2
41 2
41 2
42 3
43 3
44 2
44 4
45 3
45 4
46 3
47 4
47 4
48 4
49 4
50 4
51 4
52 4
52 4
53 4
53 5
54 5
55 5
56 5
56 5
57 5
58 4
58 4
59 4
60 4
61 5
61 4
62 4
62 4
64 4
64 5
65 4
66 4
67 4
67 4
68 5
68 6
69 6
70 7
71 6
71 6
72 5
72 6
73 6
74 5
74 6
75 5
76 6
77 6
77 7
78 7
79 7
79 8
81 7
81 8
82 8
82 7
83 8
84 7
84 7
85 8
86 7
87 8
87 8
88 8
88 8
89 8
90 9
90 7
91 6
92 8
93 6
93 7
94 7
95 7
95 7
96 5
96 6
97 6
98 7
99 6
99 6
100 7
101 7
101 6
102 6
103 6
103 8
104 8
105 8
106 7
106 8
107 8
107 8
108 8
109 8
110 8
110 7
111 7
112 7
112 7
113 7
114 7
115 7
115 7
116 7
116 7
117 7
118 7
118 7
119 7
120 7
121 7
121 7
