20 0
22 0
22 0
23 0
24 0
25 0
25 0
26 0
27 0
27 0
28 0
29 0
29 0
30 0
31 0
32 0
32 1
33 0
34 0
34 0
35 0
36 1
36 0
37 0
38 0
39 0
39 0
40 1
41 1
42 1
42 2
43 2
43 1
44 1
45 3
45 1
46 1
47 2
47 3
48 3
50 2
50 2
50 1
51 1
52 2
53 1
53 3
54 3
54 3
55 3
56 4
57 3
57 3
58 3
59 4
60 4
60 3
61 5
62 5
62 4
63 5
64 7
64 7
65 7
66 6
66 6
67 7
68 7
68 7
69 8
70 7
71 7
71 7
72 7
73 9
73 7
74 8
75 9
76 8
76 9
77 9
77 9
78 9
79 9
79 10
80 10
81 10
81 10
82 10
83 10
84 10
84 11
85 10
85 10
86 10
87 11
88 11
88 12
89 12
89 12
90 12
91 11
92 12
92 12
93 12
94 12
94 12
95 12
96 12
96 12
97 12
98 11
99 13
99 12
100 12
100 12
101 12
102 12
103 12
103 12
104 11
105 11
106 11
107 11
107 10
108 10
108 10
109 11
110 10
110 10
111 10
112 11
113 11
113 10
114 11
115 10
115 10
116 11
116 10
117 10
118 11
119 11
119 11
121 11
121 12
122 11
