20 0
22 0
23 0
24 0
24 0
25 0
25 0
26 0
27 0
27 0
28 0
29 0
30 0
30 0
31 0
32 0
32 0
33 0
34 0
35 0
35 0
36 0
36 0
37 0
38 0
39 0
39 0
40 0
41 0
41 0
42 0
43 0
44 0
44 0
45 0
45 2
46 0
47 0
48 1
48 0
49 0
50 1
51 1
51 1
52 1
53 2
53 1
54 1
55 0
55 0
56 0
57 1
57 0
58 0
59 0
59 2
60 2
61 3
62 3
62 3
63 3
64 3
65 1
65 1
66 1
66 1
67 3
68 1
68 0
69 1
70 2
71 3
71 2
72 2
72 2
73 3
74 3
75 2
76 3
76 3
77 3
78 4
79 2
79 3
80 2
80 3
81 3
82 2
82 3
83 3
84 2
84 3
85 3
86 3
86 3
87 3
88 3
89 3
90 3
90 3
91 3
92 3
92 3
93 3
94 4
94 3
95 3
96 4
96 3
97 3
98 4
99 3
99 3
100 3
101 5
101 5
102 5
103 5
103 4
104 4
105 6
105 3
106 4
107 6
108 5
108 6
109 6
110 6
110 6
112 6
112 6
113 6
114 6
114 6
115 6
115 6
116 6
117 6
117 6
118 6
119 6
120 6
120 6
121 6
122 6
