20 0
22 0
22 0
23 0
24 0
25 0
25 0
26 0
27 0
27 0
28 0
29 1
29 0
30 1
31 1
31 1
32 1
33 1
34 1
35 1
36 1
36 1
37 1
37 1
38 1
39 1
39 1
40 1
41 1
42 1
42 1
43 1
43 1
44 1
45 1
46 1
46 1
47 2
48 1
48 1
49 1
50 1
51 1
51 1
52 2
52 1
53 1
54 1
55 1
56 2
56 2
57 1
58 3
58 2
59 2
60 3
60 3
61 3
62 2
62 3
63 3
64 3
64 3
65 3
66 3
67 3
67 3
68 3
69 3
69 3
70 4
71 3
71 4
72 3
73 3
74 3
74 3
75 3
75 3
76 4
77 5
78 3
79 4
79 4
80 4
80 4
81 5
82 5
83 4
83 4
84 5
85 4
86 5
86 5
87 4
88 4
88 5
89 4
90 4
90 4
91 5
92 5
92 4
93 5
94 4
95 4
95 4
96 4
97 4
97 4
98 6
99 4
100 4
101 4
101 5
101 5
102 5
103 5
104 5
105 5
105 6
106 5
106 5
107 5
108 5
108 5
109 5
110 5
111 5
112 5
112 5
113 5
113 5
114 4
115 6
116 6
116 6
118 5
118 6
118 6
120 6
120 6
121 5
121 5
