20 0
22 0
22 0
23 0
24 0
24 0
25 0
26 0
26 0
27 0
28 0
29 0
29 0
30 0
31 0
31 0
32 0
33 0
33 0
34 0
35 0
35 0
36 0
37 0
37 0
38 0
39 0
40 0
40 0
41 0
42 0
43 0
44 0
44 0
45 0
45 0
46 0
47 0
47 0
48 0
49 0
49 0
50 0
51 0
52 0
52 0
53 0
53 0
55 0
55 0
56 0
56 0
57 0
58 0
59 0
59 0
60 0
60 0
61 0
62 0
62 0
63 0
64 0
65 1
65 1
66 0
66 0
68 1
68 2
69 0
69 1
70 1
71 1
72 1
73 1
73 1
73 1
74 0
75 0
75 0
76 0
77 1
78 1
78 1
79 1
79 1
80 2
81 2
81 2
83 1
83 1
84 1
84 2
85 0
86 1
86 1
87 1
88 1
88 2
89 1
90 2
90 1
91 1
92 2
92 1
93 1
94 1
95 1
95 1
96 2
97 1
98 2
98 1
99 1
100 1
100 1
101 1
103 1
103 1
103 1
105 1
105 1
106 1
107 2
107 1
108 1
108 1
109 1
110 1
111 1
112 1
112 1
112 1
113 1
114 1
115 1
115 2
116 1
116 1
118 1
118 1
119 1
120 1
120 1
121 2
122 1
