20 0
22 0
23 0
23 0
24 0
25 0
26 0
26 0
27 0
27 0
28 0
29 0
29 1
31 1
31 1
32 1
32 1
33 1
34 2
34 1
35 1
36 2
36 1
37 1
38 1
38 1
39 1
39 1
40 1
41 1
41 2
42 2
43 2
44 2
44 1
45 1
46 3
46 3
47 2
47 4
48 4
49 3
50 7
51 4
51 4
52 5
53 6
53 6
54 6
55 6
55 7
56 7
57 7
57 6
58 6
59 7
59 6
60 6
61 7
62 7
62 6
63 7
64 7
64 7
65 6
66 6
66 6
67 7
68 6
68 7
69 8
70 8
70 7
71 7
72 7
72 8
73 8
74 8
74 8
75 9
76 9
77 8
77 9
78 8
78 8
79 8
80 8
81 8
81 9
82 10
82 10
84 11
84 10
85 11
85 10
86 10
87 11
87 9
88 11
89 10
89 11
90 11
91 10
92 10
92 11
93 11
94 11
94 11
95 11
95 12
96 12
97 10
98 10
98 10
99 11
100 10
100 11
101 10
102 11
102 11
103 11
104 11
104 10
105 11
106 11
106 10
107 10
108 11
109 9
109 9
110 9
110 9
111 9
112 9
112 9
113 9
114 9
115 9
115 9
116 9
116 9
117 9
118 9
119 9
119 9
120 9
121 9
121 9
