20 0
22 0
22 0
23 0
24 0
24 0
25 0
26 0
26 0
27 0
28 0
28 0
29 0
30 0
30 0
31 0
32 0
33 0
33 0
34 0
35 0
36 1
36 1
37 1
38 0
38 1
39 1
40 1
40 1
41 1
42 1
42 1
43 1
44 1
45 1
45 1
46 1
47 1
47 1
48 1
49 1
49 3
50 3
50 2
51 3
52 2
52 2
53 2
54 3
55 2
55 2
56 2
57 1
57 1
58 1
59 2
59 2
60 2
61 3
61 3
62 2
62 2
63 2
64 3
64 2
65 3
66 3
67 4
67 5
68 3
69 4
70 5
70 5
71 5
72 5
72 4
73 4
73 4
74 4
75 4
76 4
76 4
77 4
78 4
78 4
79 4
79 4
80 4
81 4
82 4
83 4
83 4
84 4
85 4
85 4
86 4
87 4
87 4
88 4
88 4
89 4
90 4
91 4
92 4
92 4
93 4
93 4
94 4
95 5
96 4
96 4
97 5
98 4
98 4
99 6
100 5
100 4
101 5
102 4
103 4
103 4
104 4
104 4
105 4
106 4
107 4
107 5
108 4
108 4
109 4
110 5
111 4
111 4
112 4
113 5
113 5
114 5
115 5
115 6
116 5
117 5
118 5
118 5
119 6
120 5
120 5
121 5
