20 0
22 0
23 0
23 0
24 0
25 0
26 0
26 0
27 0
27 0
28 0
29 0
30 0
30 1
31 1
32 0
33 1
33 1
34 1
35 1
36 1
36 1
37 1
37 1
38 1
39 1
40 1
40 1
41 1
42 1
43 1
43 1
44 1
44 1
45 1
46 1
47 1
48 1
48 1
49 1
50 1
51 1
51 1
52 1
52 2
53 1
55 1
55 1
56 2
56 2
57 1
58 1
58 1
59 1
60 1
60 2
61 2
62 1
63 1
63 1
64 1
65 2
66 2
66 1
67 1
68 1
68 3
69 3
70 3
71 2
72 2
72 2
73 3
74 2
74 3
75 3
76 3
76 3
77 3
78 4
79 4
79 4
80 4
81 4
81 4
82 4
83 4
83 5
84 4
85 5
85 4
86 4
87 5
88 4
89 4
89 4
90 5
91 5
91 6
92 4
92 5
93 4
94 5
95 5
95 4
96 5
97 4
97 6
98 6
99 6
100 6
100 5
101 6
102 6
102 6
104 6
104 6
105 6
105 5
106 6
107 6
107 6
108 5
109 6
110 5
110 5
111 6
112 5
112 5
113 5
114 6
115 5
115 5
116 6
116 6
117 6
119 6
119 6
120 6
120 6
121 5
