20 0
22 0
22 0
24 0
24 0
25 0
25 0
26 0
27 0
27 0
28 0
29 0
29 0
30 0
31 0
31 0
32 0
33 0
34 0
34 0
35 0
36 0
36 0
37 0
37 0
39 1
39 1
40 1
41 1
41 1
42 2
43 1
43 2
44 2
45 2
45 2
46 2
47 2
48 2
48 2
49 3
50 2
50 2
51 4
52 2
53 4
53 4
54 3
55 3
55 4
56 4
57 5
57 4
58 5
59 5
59 5
60 5
61 5
61 4
62 5
63 4
63 4
64 4
65 5
65 5
66 5
67 4
68 5
69 5
69 5
70 6
71 4
71 4
72 4
72 4
73 4
74 5
75 5
75 4
76 5
77 6
77 6
78 4
80 6
80 6
81 6
81 5
82 6
83 6
83 6
84 6
85 6
85 6
86 6
87 6
88 5
88 5
89 5
90 6
90 5
91 5
91 5
92 5
93 6
94 5
94 6
96 6
96 7
97 7
97 6
98 7
99 7
99 7
100 6
101 7
101 6
102 7
103 7
104 7
104 7
105 7
105 7
106 7
107 7
107 7
108 7
109 8
110 7
111 7
111 7
112 8
112 7
113 7
114 7
115 7
115 7
116 7
117 7
117 7
118 7
119 7
120 7
120 7
121 7
