20 0
22 0
22 0
23 0
24 0
25 0
25 0
27 0
27 0
28 0
28 0
29 0
30 0
30 0
31 0
32 0
32 0
33 0
34 0
34 0
35 0
36 0
37 0
38 0
38 0
38 0
39 0
40 0
41 0
42 0
43 0
43 0
44 0
44 0
45 0
45 0
46 0
47 0
47 0
48 0
49 0
50 0
51 0
52 1
52 1
53 1
53 1
54 1
55 1
55 1
56 1
57 1
57 1
58 1
59 1
59 1
60 1
61 1
62 1
62 1
63 1
64 1
64 1
65 1
66 1
66 1
67 1
68 1
68 1
69 2
70 1
70 2
71 2
72 2
72 2
73 1
74 1
74 2
76 1
76 2
77 3
78 1
78 1
79 2
80 3
81 3
81 3
82 2
83 3
83 3
84 3
85 3
85 3
86 3
87 3
87 3
88 3
89 3
89 3
90 3
91 3
92 3
92 4
93 3
94 3
95 3
95 3
96 4
96 3
97 3
98 3
98 3
99 3
100 3
100 3
101 4
102 4
103 4
103 4
104 4
105 4
105 4
106 4
107 4
107 4
108 4
109 4
110 5
110 4
111 4
112 4
112 4
113 4
114 4
114 4
115 4
116 5
117 4
117 5
118 5
118 5
119 5
120 5
120 5
121 5
122 5
