20 0
22 0
22 0
23 0
24 0
24 0
25 0
26 0
27 0
27 0
28 0
29 0
30 0
30 0
31 0
32 0
32 0
33 0
34 0
34 0
35 0
35 0
36 0
37 0
38 1
39 1
39 1
40 2
41 2
41 2
42 1
43 3
43 3
44 3
45 3
45 3
46 3
47 2
47 3
48 3
49 3
50 3
50 3
51 1
52 2
52 4
53 5
53 4
54 4
55 4
56 4
56 4
57 3
58 3
58 4
59 4
60 4
61 4
61 4
62 4
62 5
63 4
64 4
65 5
65 5
66 5
66 5
67 5
68 5
69 5
69 5
70 5
71 5
71 5
72 5
73 5
74 5
74 5
75 5
75 5
76 5
77 5
78 5
78 5
79 5
80 5
80 5
81 5
82 5
83 5
83 5
84 5
84 5
85 5
86 5
86 5
87 5
88 5
89 5
89 5
90 5
91 5
92 5
92 5
93 4
94 4
94 6
95 6
95 7
96 5
97 5
98 6
98 5
99 6
100 5
100 6
101 7
102 7
102 6
103 5
104 6
105 7
105 6
106 5
107 5
107 8
108 6
108 8
109 6
110 6
111 6
111 6
112 6
113 6
114 6
114 7
115 6
116 6
116 6
117 6
118 6
119 7
120 9
121 7
121 7
121 8
