20 0
22 0
23 0
23 0
24 0
25 0
25 0
26 0
27 0
28 1
28 1
29 1
30 1
30 1
31 1
31 1
32 1
33 1
34 1
35 2
35 1
36 2
36 2
37 2
38 3
39 2
39 4
40 4
41 3
41 3
42 3
43 3
43 3
44 3
45 3
45 4
46 3
47 3
48 3
48 4
49 4
50 5
51 5
51 5
52 5
52 5
53 5
54 5
55 5
55 5
56 5
57 4
57 5
58 5
59 4
59 5
61 5
61 4
62 5
62 5
63 5
64 5
64 5
65 5
66 5
66 5
67 4
68 4
69 5
69 5
70 5
70 5
71 4
72 6
73 5
73 4
74 6
74 7
75 6
76 5
77 5
77 6
78 5
79 5
80 6
80 5
81 4
82 5
82 5
83 5
84 6
84 6
85 6
86 6
87 6
87 6
88 6
89 6
89 6
90 6
91 5
91 5
92 5
93 5
93 5
94 5
95 5
95 5
96 5
97 5
97 5
98 5
99 5
100 5
101 5
101 5
102 5
103 5
103 5
104 5
105 5
105 5
106 5
107 6
107 5
108 5
109 5
110 5
110 5
111 5
111 6
112 6
113 5
113 5
114 6
115 6
115 6
116 6
117 6
118 6
118 6
119 6
119 6
120 6
121 6
121 6
