20 0
22 0
23 0
23 0
24 0
25 0
25 0
26 0
27 0
27 0
28 0
29 0
30 0
30 0
31 0
31 0
32 0
32 1
33 0
34 0
34 1
35 1
36 1
37 1
37 1
38 1
39 1
39 1
40 1
41 1
42 1
42 1
43 1
43 2
44 2
45 2
46 2
46 2
47 2
47 2
48 2
49 2
49 3
50 2
51 2
52 2
52 3
53 3
53 2
54 2
55 2
56 2
56 2
57 2
58 3
59 2
59 2
60 2
61 2
61 2
62 2
63 2
63 2
64 3
65 4
65 3
66 4
67 3
68 2
68 2
69 2
70 3
70 3
71 3
71 4
72 4
73 3
73 4
74 4
75 4
76 4
76 4
77 5
78 5
78 4
80 5
80 6
81 5
81 6
82 5
83 5
84 4
84 5
85 4
85 6
86 5
87 5
88 6
89 6
90 4
90 4
91 5
91 4
92 4
93 4
93 4
94 4
95 4
95 5
96 4
97 4
98 5
98 5
99 5
100 4
100 4
101 6
102 5
102 5
103 5
104 6
105 5
105 6
106 6
106 6
107 6
108 4
108 4
109 4
110 5
110 4
111 4
112 5
112 5
113 5
114 5
114 6
115 5
116 5
116 5
117 6
118 5
118 5
119 6
120 6
120 5
121 6
