20 0
22 0
23 0
23 0
24 0
25 0
26 0
26 0
27 0
28 0
28 0
29 0
30 0
30 0
31 0
32 0
32 1
33 1
34 1
35 1
35 1
36 1
37 1
37 1
38 1
39 1
39 1
40 2
41 1
41 2
42 1
43 1
44 1
44 1
45 1
46 1
46 1
47 2
48 2
49 1
49 1
50 2
51 2
51 2
52 3
53 2
54 3
54 3
55 3
56 3
56 3
57 4
58 4
59 4
59 4
60 4
61 4
61 5
62 5
63 4
63 4
64 5
65 5
65 4
66 5
67 5
67 5
68 5
69 5
70 5
70 6
71 6
72 7
72 6
73 6
74 8
75 6
75 5
76 5
77 6
78 8
78 7
79 9
79 8
80 8
81 9
81 7
82 7
83 8
84 9
84 9
86 9
86 9
86 10
88 8
88 8
89 9
90 9
90 9
91 9
92 9
93 8
93 8
94 10
95 9
95 9
96 9
97 9
97 10
98 9
99 9
100 10
100 9
101 11
102 10
103 11
103 10
104 10
105 11
105 11
106 11
106 11
107 11
108 11
109 11
109 10
110 11
111 9
112 10
112 10
113 9
114 10
115 11
115 11
116 11
117 11
117 11
118 11
119 10
120 11
120 11
121 10
122 10
