20 0
22 0
22 0
23 0
24 0
24 0
25 0
26 0
27 0
27 0
28 0
29 0
29 0
30 0
31 0
32 0
33 0
34 0
33 1
35 0
36 0
36 0
37 0
37 0
38 0
39 0
39 0
40 0
41 0
42 0
42 0
43 0
43 1
45 1
45 0
46 1
46 1
47 1
48 1
48 1
49 0
50 1
51 2
51 2
52 2
53 2
53 3
54 3
55 2
56 2
56 3
57 2
57 3
58 3
59 3
60 3
60 2
61 3
62 2
63 3
64 3
64 3
65 3
65 1
66 3
67 4
68 3
68 3
69 3
70 3
70 4
71 3
72 3
72 4
73 5
74 3
75 4
75 3
76 4
76 4
77 5
78 4
78 5
79 5
80 6
81 5
81 6
82 5
82 7
83 6
84 7
85 6
86 6
86 6
87 6
88 5
88 6
88 6
89 6
90 6
90 6
91 5
92 5
93 5
93 6
94 5
95 6
95 6
96 5
97 6
97 6
98 6
99 6
100 6
101 6
101 6
102 6
102 6
103 6
104 6
104 6
106 6
106 6
107 6
107 6
108 6
109 6
109 6
110 6
111 6
112 6
113 6
113 6
114 6
114 6
115 6
115 6
116 6
117 6
118 6
118 6
119 6
120 6
120 6
121 6
122 6
