20 0
22 0
22 0
24 0
24 0
25 0
26 0
26 0
28 0
28 0
29 0
29 0
30 0
30 0
31 0
32 0
32 0
33 0
34 1
35 2
35 1
36 1
37 1
37 1
38 1
39 2
39 1
40 2
41 1
41 1
42 2
43 2
44 2
44 2
45 2
46 2
46 2
47 2
47 2
48 2
49 2
49 2
50 2
51 2
51 2
52 2
53 2
54 2
54 2
55 2
55 3
57 4
57 2
58 2
58 2
59 2
60 2
60 2
61 2
62 2
62 2
63 2
64 2
65 2
66 3
66 2
67 2
67 2
68 2
69 3
70 2
70 4
71 3
72 3
72 2
73 3
74 4
74 4
75 3
76 3
77 5
77 4
78 3
79 5
79 4
80 5
81 3
82 5
82 4
83 4
83 4
84 4
85 5
86 5
86 4
87 6
88 5
88 6
89 5
90 5
91 4
91 5
92 7
93 5
93 6
94 6
94 5
95 5
96 7
97 6
97 6
98 5
99 7
100 8
100 6
101 8
101 6
102 9
103 9
103 8
104 7
105 6
105 7
106 7
107 7
107 8
108 7
109 7
110 7
110 8
111 8
112 7
112 7
113 8
114 8
115 8
115 8
116 8
117 8
117 7
118 8
119 7
119 7
120 6
120 6
122 7
