20 0
22 0
23 0
23 0
24 0
25 0
25 0
26 0
27 0
27 0
29 0
29 0
29 1
30 1
31 1
32 1
32 1
33 1
34 1
35 1
35 1
36 1
36 1
38 1
38 1
38 1
39 1
40 1
41 1
41 1
42 1
43 1
44 2
44 2
45 1
45 2
46 1
47 1
48 1
48 2
49 1
49 2
50 2
51 2
52 2
52 2
54 2
54 2
55 2
56 2
56 2
57 2
57 2
58 2
59 2
59 2
60 3
61 3
61 2
62 3
63 3
63 3
64 2
65 3
65 3
66 3
67 2
68 2
68 2
69 2
69 2
70 2
71 2
72 2
73 2
73 2
74 2
74 2
75 2
76 2
76 2
77 2
78 2
79 2
79 2
80 2
80 2
81 2
82 2
83 2
83 2
84 2
85 2
85 2
86 2
87 3
87 2
88 3
89 3
89 2
91 3
91 3
92 3
92 3
93 3
94 3
94 3
95 2
96 2
96 2
97 2
98 2
98 2
99 2
100 2
101 2
101 2
102 2
103 2
104 3
104 2
105 2
105 3
106 2
107 2
107 2
108 2
109 2
110 2
110 3
111 2
111 2
112 3
113 3
113 3
114 3
115 3
116 3
116 3
117 3
117 3
118 3
119 3
120 3
120 3
122 3
122 3
