20 0
22 0
23 0
24 0
24 0
25 0
25 0
26 0
27 0
27 0
28 0
29 0
29 0
30 0
31 0
32 0
32 0
33 0
34 0
34 0
35 0
36 0
37 0
37 0
38 0
38 0
39 0
40 0
40 1
41 2
42 1
42 0
43 0
44 0
44 1
45 1
46 1
46 2
47 2
48 2
49 2
49 3
50 3
51 4
52 4
52 3
53 2
53 3
54 3
54 3
55 3
56 3
57 3
58 2
58 2
59 2
59 2
60 3
61 3
61 3
62 3
63 3
64 3
64 3
65 4
66 3
66 3
67 3
67 3
68 3
69 3
70 4
70 3
71 3
72 4
72 3
73 3
74 4
74 4
75 4
76 3
76 3
77 3
78 4
78 3
79 4
80 3
80 4
81 4
82 4
82 3
83 3
84 3
85 3
85 3
86 3
87 4
87 3
88 3
89 3
90 3
90 3
91 3
91 3
92 3
93 3
93 3
94 3
95 3
96 3
96 3
97 3
98 3
98 3
99 3
100 3
100 3
101 3
101 3
102 3
103 3
103 3
104 3
105 3
106 3
106 3
107 3
107 3
108 3
109 3
110 3
111 3
112 3
112 3
112 3
113 3
114 3
114 3
115 3
116 3
117 3
118 3
119 3
119 3
120 3
120 3
121 3
122 3
