20 0
22 0
23 0
24 0
24 0
25 0
25 0
26 0
27 0
27 0
28 0
29 0
30 0
30 0
31 0
32 0
32 0
33 0
34 0
34 0
35 0
36 0
37 0
37 0
38 0
39 0
40 0
40 0
41 0
42 1
43 0
43 0
44 0
44 0
45 0
46 0
47 0
47 0
48 1
49 1
50 3
50 2
51 1
52 2
53 2
54 2
55 2
56 3
56 2
57 2
57 3
58 4
59 4
60 3
60 4
61 4
62 5
62 4
63 4
64 4
64 4
65 3
66 3
67 3
67 3
68 4
69 4
70 5
70 5
71 5
72 5
72 5
73 5
74 5
74 5
75 5
76 5
76 5
77 5
78 5
79 5
79 5
80 5
81 5
82 5
82 5
83 5
84 5
84 5
85 5
86 5
87 5
87 5
88 5
89 5
89 5
90 5
91 6
92 5
92 6
93 7
94 6
94 7
95 7
96 7
97 7
98 7
98 7
99 6
100 6
101 7
101 6
102 6
102 8
103 8
104 7
105 8
105 6
106 8
107 8
107 6
108 8
109 8
109 8
110 8
111 8
112 8
113 8
113 8
114 8
115 8
115 8
116 8
116 8
118 8
118 8
119 8
120 8
120 8
121 8
121 8
