20 0
22 0
23 0
23 0
24 0
24 0
25 0
26 0
26 0
27 0
28 0
29 0
29 0
30 0
31 0
31 0
32 0
33 0
33 0
34 0
35 0
36 0
37 0
37 0
38 0
39 0
39 0
40 0
40 0
41 0
42 0
42 0
43 0
44 0
45 0
45 0
46 0
47 0
47 0
48 0
49 0
49 0
50 0
51 0
52 0
52 0
53 0
53 0
54 0
55 0
56 0
56 2
57 1
58 1
59 1
59 1
60 1
61 1
61 1
62 1
63 1
63 2
64 2
64 1
65 2
66 2
67 2
67 2
68 2
69 2
70 2
70 2
71 2
71 3
72 2
73 3
73 2
74 2
75 2
75 3
77 2
77 3
78 3
79 3
79 2
80 2
80 2
81 2
82 2
83 4
84 3
84 3
85 3
86 3
86 3
87 3
87 2
89 4
89 3
90 3
90 4
91 4
92 3
92 3
93 4
94 3
94 3
95 3
96 3
97 3
97 4
98 4
99 3
99 3
100 4
101 4
101 3
102 5
103 4
103 6
104 3
105 4
106 5
106 5
107 5
108 4
108 4
109 6
110 5
110 5
111 6
112 4
112 5
113 5
114 5
114 6
115 6
116 6
116 6
117 5
118 6
119 6
119 6
120 6
120 5
121 5
