20 0
22 0
22 0
23 0
24 0
25 0
25 0
26 0
27 0
27 0
28 0
29 0
29 0
30 0
31 0
32 0
33 0
33 0
34 0
34 0
35 0
36 0
36 0
37 0
38 0
39 0
40 0
40 0
41 0
41 0
42 0
43 0
43 1
44 0
45 2
46 1
46 2
47 2
47 2
48 2
49 2
50 2
50 3
51 2
51 3
52 2
53 2
54 2
54 2
55 2
56 2
57 2
57 2
58 2
58 2
59 2
60 2
61 3
61 3
62 3
62 3
63 4
64 3
65 3
65 3
66 3
67 4
67 3
68 4
69 4
69 4
70 4
71 4
71 4
72 4
73 4
73 4
74 4
75 4
75 4
76 4
77 4
78 4
78 4
79 4
80 4
80 4
81 4
82 4
82 4
83 4
84 4
85 4
85 4
86 4
86 4
88 4
88 5
89 4
90 4
90 4
91 5
91 5
92 5
93 5
94 4
94 5
95 7
96 5
96 5
97 6
98 6
98 5
99 5
100 6
100 6
101 6
102 6
102 5
103 5
104 6
104 5
105 5
106 5
107 5
107 5
108 5
108 5
109 5
110 5
110 5
111 5
112 5
112 5
113 5
114 5
115 5
115 5
116 6
117 5
117 5
118 5
119 4
120 5
120 5
121 5
121 4
