20 0
22 0
23 0
23 0
24 0
25 0
25 0
26 0
27 0
27 0
28 0
29 0
29 0
30 0
31 0
31 0
33 0
33 0
34 0
35 0
35 0
36 0
36 0
37 0
38 0
39 0
39 0
40 0
41 0
41 0
42 0
43 0
44 0
44 0
45 0
46 0
46 1
47 1
48 0
48 1
49 0
50 0
51 2
51 1
52 1
52 2
53 2
54 2
55 2
55 2
56 3
57 3
57 3
58 3
59 3
60 3
60 3
61 3
62 3
62 3
63 3
64 3
64 3
65 3
66 3
66 3
67 3
68 4
68 3
69 4
70 4
71 4
71 3
72 3
73 4
73 4
74 3
75 3
75 3
76 3
77 4
78 4
78 4
79 4
79 4
80 4
81 5
82 6
83 5
83 5
84 5
84 4
85 4
87 5
87 6
88 5
88 7
89 7
90 8
90 7
91 7
92 6
92 8
93 8
94 7
95 7
95 8
96 8
97 8
97 8
98 8
100 8
100 7
101 6
102 8
102 8
103 8
103 8
104 7
105 7
106 8
106 7
107 6
108 8
109 9
109 7
110 7
110 8
111 9
112 8
112 8
113 9
114 9
115 9
115 9
117 9
117 10
118 9
118 10
119 9
120 9
120 8
121 8
