20 0
22 0
23 0
23 0
24 0
25 0
25 0
26 0
26 0
27 0
28 0
29 0
29 1
30 0
31 0
31 0
32 0
33 1
34 0
34 0
35 0
36 0
36 0
37 1
38 0
39 1
39 1
40 1
41 2
42 2
43 2
43 2
43 2
44 1
45 3
45 1
46 2
47 3
48 4
48 4
49 3
49 2
50 2
51 2
51 2
52 2
53 3
53 2
54 2
55 4
56 4
56 4
57 4
58 3
59 4
59 4
60 4
60 4
61 6
62 5
63 5
63 6
64 6
65 5
65 5
66 7
67 6
67 6
68 6
69 7
70 6
70 5
70 6
71 7
72 6
73 6
74 7
75 6
75 6
76 7
76 6
77 7
78 6
79 5
79 8
80 8
81 7
81 7
82 6
83 6
84 6
84 6
85 7
85 7
86 6
87 6
88 7
88 7
89 7
90 7
91 7
91 8
92 10
92 9
93 8
94 10
94 10
95 8
96 9
96 9
97 9
98 9
98 9
99 10
100 10
100 10
101 10
102 10
103 9
103 9
104 9
105 10
106 9
107 10
107 10
107 11
108 9
109 10
110 10
110 11
111 10
112 10
112 10
113 10
113 11
114 10
115 10
116 11
116 10
117 10
118 10
118 11
119 11
119 10
120 10
121 10
122 11
