20 0
22 0
22 0
23 0
24 0
25 0
25 0
26 0
27 0
27 0
28 0
29 0
30 0
30 0
31 0
32 0
32 0
33 0
34 0
35 0
35 0
36 1
37 1
37 1
38 0
39 0
40 0
40 1
41 1
41 1
42 1
43 1
44 1
45 1
45 1
46 1
46 1
47 1
48 1
48 1
49 1
50 1
50 2
51 1
52 2
52 1
53 3
54 3
54 3
55 3
56 3
56 3
57 3
58 3
59 3
59 3
60 3
60 3
61 3
62 3
63 3
63 3
64 3
65 3
66 3
66 3
67 3
67 2
68 2
69 3
70 4
70 3
71 3
72 3
72 3
73 3
74 3
74 3
75 3
76 3
76 3
77 3
78 3
79 3
79 3
80 3
81 3
81 3
82 3
83 3
84 3
84 4
85 4
85 3
86 3
87 4
87 4
88 4
89 4
90 5
91 4
92 4
92 5
93 5
93 6
94 6
95 7
95 7
96 6
97 7
97 6
98 5
99 6
100 7
100 7
101 8
102 7
102 8
103 8
103 8
104 8
105 8
105 8
106 8
107 8
108 8
108 8
109 8
110 8
111 8
111 8
112 8
112 8
113 8
114 8
114 8
115 8
116 8
116 8
117 8
118 8
119 8
119 9
120 8
121 9
121 9
