20 0
22 0
22 0
23 0
24 0
24 0
25 0
26 0
27 0
27 0
28 1
28 1
30 1
30 1
31 1
31 1
32 1
32 1
33 1
34 1
35 1
35 1
36 1
37 2
38 2
39 1
39 2
40 2
40 1
41 2
42 1
42 1
43 2
44 1
44 1
45 3
45 1
47 3
47 3
48 3
49 4
50 4
50 4
51 4
51 3
52 4
53 4
53 4
54 4
55 4
55 4
56 4
57 4
57 4
58 4
59 4
60 4
60 4
61 4
61 4
62 4
63 4
64 6
64 6
65 6
66 6
67 5
67 4
68 5
69 4
69 4
70 4
70 4
71 4
72 4
72 4
73 4
74 4
74 4
75 5
76 4
77 4
77 5
78 4
79 5
79 6
80 6
81 6
81 6
82 7
83 7
84 7
85 6
85 8
86 7
87 6
87 6
88 7
88 6
89 6
90 6
91 6
91 8
92 7
93 7
94 7
94 7
95 7
95 7
96 7
97 8
98 7
99 8
99 7
100 7
100 7
101 7
102 7
102 7
103 7
104 7
104 7
105 7
106 7
106 7
108 7
109 9
109 8
110 8
111 8
111 8
112 8
113 9
114 8
114 8
115 9
115 9
116 8
117 8
117 9
118 8
119 8
120 8
120 8
121 8
122 8
123 8
