20 0
22 0
22 0
23 0
24 0
24 0
25 0
26 0
27 0
27 0
28 0
29 0
29 0
30 0
31 0
32 0
33 0
33 0
34 0
34 0
36 0
36 0
37 0
38 0
38 0
39 0
40 0
40 0
41 0
42 0
43 0
43 1
44 2
45 0
45 1
46 2
47 1
47 1
48 2
49 2
50 2
50 2
51 2
51 2
52 2
53 2
54 2
54 3
55 3
56 3
56 3
57 3
58 3
58 3
59 3
60 4
61 4
61 3
62 3
63 3
64 3
64 3
65 3
66 4
66 4
67 4
68 4
69 4
69 4
70 5
71 5
72 4
72 6
73 4
73 4
74 5
75 5
75 5
77 4
77 5
78 5
79 5
79 5
80 5
81 5
81 5
82 6
83 5
84 6
84 6
85 7
86 7
87 7
87 7
88 7
88 7
89 7
90 5
91 7
91 7
92 7
93 7
93 8
94 7
95 8
96 8
96 8
97 8
98 7
98 6
99 7
100 7
100 6
101 6
102 7
103 6
104 6
104 6
105 6
105 7
106 6
107 6
108 7
109 6
109 7
110 8
110 7
111 8
112 8
113 8
113 7
114 8
115 8
115 10
116 8
117 8
118 8
118 8
119 8
120 8
120 8
121 8
