20 0
22 0
22 0
23 0
24 0
25 0
25 0
26 0
26 0
27 0
28 0
29 0
29 0
30 0
31 0
31 0
32 0
33 1
33 0
34 0
35 1
36 1
37 0
37 0
38 0
39 1
39 1
40 1
41 1
42 1
42 1
43 0
43 1
44 0
45 1
45 1
47 0
47 0
48 0
48 0
49 1
50 1
50 1
51 1
51 1
53 1
53 2
54 2
54 1
55 2
56 1
56 1
57 1
58 1
59 1
59 1
60 2
61 1
62 2
62 2
62 2
63 2
64 2
65 2
65 2
66 2
67 1
68 2
68 1
69 2
70 1
71 1
71 1
72 2
73 2
73 1
74 1
75 2
76 1
76 1
77 2
78 2
78 2
79 2
79 3
81 2
82 3
82 3
83 2
83 2
84 2
85 2
85 2
86 3
87 4
87 2
88 4
89 3
90 2
90 3
91 4
92 4
93 5
93 5
94 5
94 4
95 6
96 6
96 4
97 4
98 6
98 4
99 5
100 4
100 5
101 5
102 5
103 4
103 4
104 6
105 5
105 5
106 6
107 4
107 4
108 6
109 6
109 5
110 5
111 6
111 7
112 5
113 5
114 6
114 6
115 6
116 6
117 8
117 6
118 7
118 5
119 7
120 7
120 7
121 6
122 7
