20 0
22 0
22 0
23 0
24 0
25 0
25 0
26 0
27 0
27 0
28 0
29 0
29 0
30 0
31 0
32 0
32 0
33 0
34 0
34 0
35 0
36 0
36 0
37 0
38 0
39 0
39 0
40 0
41 0
41 0
42 0
42 0
43 0
44 0
45 0
46 0
47 0
47 0
48 0
48 0
49 0
50 0
51 0
51 0
52 0
53 0
53 0
54 0
55 0
55 0
56 0
57 1
58 1
58 0
59 0
59 1
60 1
61 1
62 1
62 1
63 1
63 1
64 1
65 1
66 1
66 2
67 1
68 1
69 2
69 2
70 2
71 1
71 1
72 1
73 1
74 1
74 1
75 1
76 1
76 1
77 1
78 1
79 1
79 1
79 2
81 1
82 1
82 2
82 1
83 2
84 1
84 1
85 1
86 1
87 2
88 2
88 1
89 2
90 2
90 2
91 2
91 2
92 2
93 2
93 2
94 1
95 1
96 1
96 2
97 1
97 1
98 2
99 3
100 2
100 2
101 2
102 2
102 2
103 2
104 2
104 2
105 3
106 2
107 2
107 2
108 2
109 2
109 2
110 2
110 2
111 2
112 2
113 2
113 2
114 2
115 2
115 2
116 2
117 2
118 2
118 2
119 2
120 2
120 2
121 2
