20 0
22 0
23 0
23 0
24 0
24 0
25 0
26 0
27 0
27 0
28 0
29 0
29 0
30 0
31 0
32 0
32 0
33 0
34 0
34 0
35 0
36 0
36 0
37 1
38 1
39 1
40 1
40 1
41 1
42 1
42 1
43 2
44 2
45 2
45 2
46 3
47 3
47 3
48 3
49 3
49 3
50 3
51 3
52 3
52 3
53 3
54 2
55 3
55 2
56 2
56 2
57 2
58 2
59 2
60 2
60 2
61 2
62 2
63 3
64 3
64 3
65 3
65 3
66 5
67 4
67 3
68 4
69 5
70 5
70 4
71 4
72 4
72 5
74 4
74 4
75 4
75 4
76 5
77 4
78 4
78 5
79 4
79 5
80 5
81 6
82 6
82 6
83 7
84 6
85 6
85 6
86 6
87 6
87 6
88 7
89 6
90 6
90 6
91 7
92 7
92 7
93 7
94 7
95 7
95 7
96 7
96 7
97 7
98 7
99 7
99 7
100 7
101 7
101 7
102 8
103 7
103 8
104 8
105 8
106 8
107 8
107 7
108 7
108 7
110 7
110 7
111 7
111 8
112 8
113 7
114 7
114 7
115 8
116 8
117 8
117 7
118 8
119 8
120 8
120 8
121 8
121 8
