20 0
22 0
22 0
24 0
24 0
25 0
25 0
26 0
27 0
27 0
28 0
29 0
30 0
30 0
31 0
32 0
32 0
33 0
34 0
35 0
35 0
36 0
37 1
37 0
38 1
38 2
39 1
40 2
40 2
41 2
42 2
43 2
44 2
44 2
45 2
46 2
46 2
47 2
48 1
48 1
49 2
50 1
50 2
51 3
51 3
52 3
53 3
54 4
54 4
55 4
56 4
56 4
57 5
58 4
59 5
59 5
60 6
60 6
61 5
62 5
62 5
63 5
64 5
64 5
65 5
66 5
66 5
67 5
68 5
69 5
69 5
70 5
70 5
71 5
72 5
73 5
73 5
74 5
75 5
75 5
76 5
77 5
77 5
78 5
79 5
80 5
80 5
81 5
81 5
82 5
83 6
83 5
84 5
85 5
86 5
86 5
87 5
88 5
88 5
89 6
90 5
90 6
91 5
92 6
92 6
93 7
93 6
94 6
95 5
95 4
96 4
97 5
98 4
98 4
99 6
100 7
100 6
101 5
102 7
103 7
103 7
104 7
104 7
105 7
106 7
106 7
107 8
108 7
108 7
109 6
110 7
111 7
112 7
112 7
113 7
113 7
114 7
115 7
115 7
116 7
117 7
117 7
118 7
119 7
120 8
120 7
121 7
