20 0
22 0
23 0
23 0
24 0
24 0
25 0
26 0
27 0
28 0
29 0
29 0
30 0
31 0
31 0
32 0
33 0
33 0
34 0
34 0
35 0
36 0
37 0
37 0
38 0
39 0
39 0
40 0
41 0
41 0
42 0
43 0
43 0
44 0
45 0
45 0
46 0
47 0
47 0
48 0
49 1
49 1
50 1
51 1
51 2
52 2
53 2
53 1
54 1
55 1
55 1
56 1
57 1
57 1
58 1
59 1
59 1
60 1
61 1
62 2
62 2
63 1
64 2
64 2
66 2
66 2
67 2
67 2
68 2
69 2
69 2
70 2
71 2
71 2
72 2
73 2
73 2
75 2
75 3
75 3
76 3
77 3
77 3
78 3
79 3
80 2
81 3
81 3
82 3
83 3
84 3
84 3
84 3
85 3
86 3
86 3
87 3
89 3
89 3
89 2
90 3
91 2
92 3
92 3
93 2
94 2
94 2
95 2
95 2
96 2
97 2
98 2
98 2
99 2
100 2
100 3
101 2
102 2
103 2
103 2
104 2
105 2
105 2
106 2
107 2
107 2
108 2
109 2
110 2
110 3
110 2
111 2
112 2
113 2
114 2
114 3
115 2
115 2
116 2
117 3
118 2
118 3
119 3
120 4
121 3
121 3
