20 0
22 0
23 0
23 0
24 0
24 0
25 0
26 0
27 0
27 0
28 0
29 0
29 0
30 1
31 0
32 0
32 1
33 1
34 1
34 1
35 1
36 1
36 1
37 1
38 1
38 1
39 1
40 1
41 1
41 1
42 1
43 1
43 1
44 1
45 2
46 1
46 2
47 2
47 2
48 2
49 4
50 3
50 4
51 4
52 4
52 4
53 4
54 4
55 3
55 4
56 4
57 4
57 4
58 4
59 4
59 4
60 4
60 4
61 4
62 4
63 4
64 4
65 4
65 4
66 4
67 4
67 4
68 4
69 4
69 4
70 4
71 4
72 4
72 4
73 4
74 4
74 4
75 4
76 4
76 4
77 4
78 4
78 4
79 4
80 4
81 4
83 4
82 4
83 4
83 4
84 4
85 4
85 4
86 4
87 4
88 4
88 4
89 4
90 4
90 4
91 4
92 4
92 4
93 4
94 4
94 4
96 5
96 4
97 4
97 5
98 5
99 4
100 4
100 4
101 5
102 5
102 5
103 5
104 5
104 5
106 5
106 5
107 5
107 5
108 5
109 5
109 5
110 5
111 5
112 5
112 5
113 5
114 5
115 5
115 5
116 4
116 5
117 5
118 4
118 5
119 5
120 5
121 5
121 5
