20 0
22 0
22 0
23 0
24 0
25 0
25 0
26 0
27 0
27 0
28 0
29 0
29 0
30 0
31 0
32 0
32 0
33 0
34 0
34 0
35 0
36 0
36 0
37 0
38 0
38 0
39 0
40 0
40 0
41 0
42 0
42 0
44 0
44 0
45 0
45 0
46 0
47 0
48 0
48 0
49 0
49 0
50 0
51 0
52 0
52 0
53 0
53 1
54 1
55 1
56 1
57 1
57 0
58 1
58 1
59 1
60 1
61 1
61 2
62 1
62 1
63 2
64 2
65 2
65 3
66 3
67 4
67 4
68 4
69 4
69 4
70 4
71 4
71 4
72 4
73 4
74 4
74 4
75 3
76 4
77 4
77 4
78 4
79 4
79 4
80 4
81 4
81 4
82 4
83 4
83 4
84 4
85 4
86 4
86 4
87 4
88 4
88 3
89 4
89 4
90 4
91 4
91 4
93 4
93 3
94 4
94 4
95 4
96 4
97 3
98 3
98 2
99 3
99 3
100 3
101 3
101 2
102 3
103 3
104 3
104 2
105 3
106 3
106 3
107 3
108 3
108 3
109 3
110 3
110 4
112 4
112 4
112 4
113 4
114 4
114 4
115 4
116 4
116 3
117 3
118 3
118 3
119 3
120 3
121 3
121 3
122 3
