20 0
22 0
23 0
23 0
24 0
25 0
26 0
26 0
27 0
28 0
28 0
29 0
29 0
31 0
31 0
32 0
33 0
33 0
34 0
34 0
35 0
36 0
37 0
37 0
38 0
39 0
40 1
40 1
41 0
42 0
42 2
43 2
43 2
44 2
45 2
46 2
46 2
47 2
48 2
49 2
50 2
50 2
51 2
51 3
52 3
53 4
53 3
54 4
55 2
56 2
57 2
57 2
58 2
59 2
59 3
61 3
61 3
62 3
62 4
63 4
64 3
64 3
65 4
66 4
66 5
68 6
68 4
69 4
69 4
70 7
71 6
71 6
72 6
73 7
74 6
75 6
75 6
75 5
76 9
77 7
78 6
78 7
80 7
80 8
81 8
82 8
82 8
83 9
84 9
84 8
85 8
86 8
87 8
87 8
87 8
88 8
89 10
90 9
91 9
91 9
92 10
92 10
93 10
94 10
95 10
95 10
96 10
97 10
97 10
98 10
99 10
99 10
100 10
101 10
101 10
102 10
103 10
104 10
104 10
105 10
106 10
106 10
107 9
108 9
108 9
109 9
110 9
110 9
111 9
112 9
113 9
114 8
115 8
115 8
116 8
116 8
117 8
118 8
118 8
119 8
120 8
121 8
121 8
