20 0
22 0
23 0
23 0
24 0
25 0
25 0
26 0
27 0
27 0
28 0
29 0
30 0
30 0
31 0
32 0
32 0
33 0
34 0
34 0
35 0
36 0
37 0
37 0
38 0
39 0
40 0
40 0
41 0
42 0
43 1
44 0
44 0
45 0
45 0
46 0
47 0
47 0
48 0
49 0
50 0
50 0
51 0
52 0
52 0
53 0
54 0
54 0
55 0
56 0
56 0
57 0
58 0
59 0
60 0
60 0
61 0
62 0
63 0
63 1
64 1
64 1
65 2
66 0
67 1
67 1
68 1
69 1
69 1
70 1
71 1
72 0
72 1
73 0
73 0
74 1
75 2
76 1
77 0
77 2
78 3
79 3
79 3
80 3
81 3
82 3
82 3
83 3
84 4
84 3
85 3
85 3
86 3
87 3
88 4
89 3
89 3
90 3
91 5
92 5
92 5
93 4
93 5
95 5
95 4
96 5
97 5
97 5
98 5
98 5
99 5
100 4
101 4
101 4
102 4
103 4
104 5
104 5
105 5
106 5
106 5
107 5
108 5
108 5
109 5
110 5
110 5
111 5
112 5
113 5
113 6
114 6
115 4
115 5
116 5
117 5
118 5
118 5
119 6
120 5
120 6
121 6
