20 0
22 0
23 0
23 0
24 0
25 0
25 0
26 0
27 0
27 0
28 0
29 0
30 0
30 0
31 0
32 0
32 0
34 0
34 0
35 0
36 0
36 0
37 0
37 0
38 0
39 0
40 0
40 0
41 0
42 0
42 0
43 0
44 0
45 0
45 0
46 0
47 1
47 0
48 0
49 0
50 1
50 1
51 1
52 0
52 0
53 0
54 0
55 0
55 1
56 1
57 2
58 1
58 1
59 0
59 0
60 0
61 1
62 0
62 2
63 0
64 1
65 2
65 2
66 1
67 1
67 2
68 1
69 1
70 2
70 2
71 1
72 2
72 4
73 2
74 3
75 3
76 2
76 3
77 3
77 3
78 3
79 4
80 4
80 3
81 3
82 4
82 4
83 4
84 6
84 5
85 7
86 5
86 6
87 7
88 6
89 5
89 8
90 6
91 7
92 7
92 6
93 8
94 7
94 8
95 7
95 7
96 8
97 8
98 8
98 10
99 6
100 7
101 8
101 7
102 6
102 7
103 7
104 8
105 7
105 7
106 8
107 6
108 6
109 6
109 9
110 9
110 9
111 9
112 9
113 9
113 8
114 8
115 9
115 9
116 9
117 11
117 11
118 9
119 11
120 11
121 11
121 11
