20 0
22 0
23 0
23 0
24 0
25 0
25 0
26 0
27 0
27 0
28 0
29 0
30 0
30 0
31 0
32 0
32 0
33 0
34 0
34 0
35 0
36 2
37 1
37 2
39 2
39 2
40 2
40 2
41 2
42 2
42 2
44 2
44 2
44 2
45 2
46 2
47 2
47 2
48 2
49 1
49 2
50 2
51 2
52 2
52 2
53 3
54 3
54 2
55 2
56 3
57 3
57 3
59 2
59 1
60 3
60 2
61 1
62 3
63 4
63 4
64 3
65 4
65 4
66 5
67 3
67 4
68 4
68 4
69 4
70 4
71 4
72 5
72 4
73 4
73 5
75 4
75 5
76 5
76 5
77 5
78 6
78 4
79 5
80 5
81 6
82 7
82 6
83 3
84 6
84 5
85 8
86 5
86 6
87 5
88 5
88 5
89 5
90 5
90 5
91 7
92 6
93 6
93 7
94 7
95 6
95 7
97 7
97 7
98 6
99 6
99 7
100 6
101 7
101 7
102 8
103 8
104 9
104 7
105 9
106 9
106 9
107 9
108 9
109 9
110 10
110 9
111 9
112 8
112 9
113 8
114 8
114 9
115 8
115 10
116 10
117 9
118 11
119 11
119 10
120 11
121 11
121 11
