20 0
22 0
22 0
23 0
24 0
24 0
25 0
27 0
27 0
27 0
28 0
29 0
29 0
30 0
31 0
32 0
32 0
33 0
33 1
34 1
35 0
36 0
36 0
37 0
37 1
38 2
39 0
40 0
40 0
41 2
42 1
42 1
43 1
44 2
45 1
45 1
46 3
46 3
47 3
48 5
49 5
49 5
50 5
51 5
51 5
52 5
53 5
54 5
54 5
55 6
56 6
57 6
57 5
58 5
58 6
59 7
60 8
60 7
61 7
62 7
62 7
63 7
64 7
64 7
65 7
66 7
66 8
67 7
68 7
68 7
69 7
70 8
70 7
71 8
72 8
72 8
73 8
74 8
74 8
75 8
76 8
76 8
77 8
78 8
79 8
79 8
80 8
80 8
81 8
82 8
82 8
83 8
84 8
84 8
85 8
86 8
87 8
87 8
88 8
89 8
90 8
90 8
91 8
92 8
93 8
93 8
94 8
94 8
95 8
96 8
96 8
98 8
99 8
99 8
100 8
100 8
101 8
102 8
102 8
103 8
104 8
104 8
105 8
106 8
107 8
107 8
108 8
109 8
109 8
110 8
111 8
111 8
112 9
112 9
114 8
114 9
115 9
115 9
116 9
116 9
117 8
118 9
119 8
119 9
120 9
121 9
121 9
