20 0
22 0
23 0
23 0
24 0
24 0
25 0
26 0
27 0
27 0
28 0
29 0
29 0
30 0
31 0
32 0
32 0
33 0
34 0
34 0
35 0
36 1
36 1
37 1
37 1
39 2
39 2
40 2
40 2
41 1
42 2
42 1
43 1
44 1
45 2
45 2
46 2
46 3
47 3
48 3
48 3
49 2
50 1
50 1
51 3
52 2
53 2
53 3
54 2
55 1
55 1
56 2
57 2
58 2
58 2
59 2
59 2
60 1
61 1
61 1
62 1
63 2
63 3
64 2
65 2
66 1
66 1
67 1
67 2
68 2
69 2
69 2
70 2
71 3
72 2
72 2
73 2
74 2
74 3
75 2
76 2
76 2
77 2
78 3
79 4
80 4
80 4
81 3
81 4
82 3
83 4
83 3
84 3
85 3
85 3
86 3
87 3
87 3
88 3
89 3
89 4
90 3
91 4
91 3
92 3
93 3
94 3
94 4
95 4
96 4
96 4
97 4
98 4
98 3
99 4
99 4
100 4
101 4
102 4
103 4
103 5
104 4
105 4
105 5
106 4
107 4
107 4
108 4
109 5
110 6
110 5
111 5
111 5
112 5
113 5
114 5
114 5
115 5
116 5
117 5
117 5
119 5
119 5
119 6
120 6
121 6
