20 0
22 0
22 0
23 0
24 0
24 0
25 0
26 0
27 0
28 0
28 0
29 0
29 0
30 0
31 0
31 0
32 0
33 0
34 0
34 0
35 0
36 0
36 0
37 0
38 0
38 0
39 0
40 0
40 0
41 0
42 0
43 0
43 1
44 2
45 1
45 1
46 3
47 2
47 3
48 3
49 3
50 4
50 6
51 5
52 5
52 6
53 5
54 6
54 5
55 5
56 6
56 6
57 7
58 8
59 5
59 7
60 7
61 7
62 5
62 6
63 5
63 6
64 7
65 6
65 5
66 6
68 6
68 7
69 8
69 7
70 6
70 8
71 7
72 7
73 7
73 7
74 8
74 7
76 7
76 8
77 7
78 8
78 8
79 9
80 9
80 9
81 9
81 10
82 9
83 10
83 9
84 10
85 9
86 9
87 9
87 9
88 9
88 9
89 9
90 9
91 9
91 10
92 11
93 10
93 9
94 9
94 12
95 9
96 9
96 10
97 10
98 10
99 10
99 12
100 11
101 11
101 10
102 11
103 11
104 10
104 11
105 10
106 11
106 8
107 10
108 10
108 11
109 10
110 10
110 10
111 10
112 10
112 11
113 10
114 10
115 10
116 11
117 11
117 12
118 11
118 11
119 11
120 11
120 10
121 10
122 12
