20 0
22 0
23 0
24 0
24 0
25 0
25 0
26 0
27 0
27 0
28 0
29 0
29 0
30 0
31 0
31 0
32 0
33 1
33 0
34 1
35 1
36 1
36 0
37 1
38 0
38 1
39 1
40 1
40 1
41 1
42 1
43 1
43 1
44 1
45 2
46 1
46 2
47 1
48 2
48 2
49 2
50 2
50 2
51 2
52 2
52 2
53 2
54 2
55 3
55 3
56 2
57 3
57 3
58 2
59 2
59 2
60 2
61 3
61 3
62 2
63 2
64 3
64 3
65 2
66 2
66 2
67 3
68 3
68 3
70 3
70 4
71 4
72 3
72 4
73 4
74 3
75 4
75 4
76 4
76 3
77 4
78 4
79 4
79 4
80 4
81 4
82 4
82 5
83 5
84 5
84 5
85 5
86 5
86 5
87 5
88 5
88 5
89 5
90 5
90 5
91 5
92 5
93 6
93 6
94 6
95 6
95 6
96 6
97 6
97 6
98 6
99 6
99 7
100 7
101 6
101 6
102 7
103 6
103 6
104 7
105 7
106 7
106 7
107 7
108 7
108 7
110 7
110 7
111 7
111 7
112 7
113 7
113 7
114 7
115 7
115 7
116 7
117 7
117 7
118 7
119 7
120 7
121 7
121 7
