20 0
22 0
23 0
23 0
24 0
25 0
25 0
26 0
26 0
27 0
28 0
29 0
29 0
31 0
30 0
31 0
32 1
32 1
33 1
34 1
35 1
35 1
36 1
37 2
37 1
38 1
39 1
39 1
40 1
41 1
42 2
42 1
43 2
43 3
44 3
45 2
46 3
47 3
47 2
48 3
48 4
49 3
50 3
51 3
51 3
52 3
53 4
53 5
54 4
55 4
55 3
56 6
57 6
57 6
58 6
59 6
59 6
60 5
61 5
61 5
62 6
63 5
63 6
65 6
65 6
65 7
66 7
67 7
68 8
68 6
69 8
70 6
70 6
71 6
72 6
73 6
73 6
74 7
75 7
75 6
76 6
77 6
77 7
78 6
79 8
79 8
80 7
81 9
81 8
82 9
83 9
83 8
84 9
85 9
86 9
86 9
87 8
88 9
88 8
89 8
89 8
90 8
91 7
92 7
92 9
93 7
94 7
94 8
95 8
95 8
97 10
97 8
97 8
98 8
99 8
100 8
100 8
101 9
102 8
102 9
103 8
104 7
104 9
105 9
106 8
107 8
107 8
108 8
108 8
109 8
110 9
111 8
111 9
112 8
113 6
113 9
114 9
115 7
115 7
116 8
117 8
117 8
119 8
119 8
119 9
120 8
121 8
121 8
