20 0
22 0
23 0
24 0
25 0
25 0
26 0
27 0
27 0
28 0
29 0
30 0
31 0
31 0
32 1
32 0
33 1
34 1
34 1
36 1
36 1
37 1
37 1
38 1
39 1
40 1
40 1
41 1
42 1
42 1
43 1
44 1
45 1
45 1
46 1
46 1
47 2
48 2
49 3
50 3
50 2
51 2
52 3
52 2
53 2
54 4
54 3
55 5
56 3
56 3
57 4
58 5
59 4
59 4
60 4
61 3
61 5
62 5
63 5
63 4
64 6
65 5
65 4
66 4
67 5
68 7
69 5
70 5
70 5
71 6
71 6
73 7
73 7
74 6
74 7
75 7
76 7
76 7
77 7
78 6
79 7
79 7
80 7
81 7
81 7
82 7
83 6
84 7
84 7
85 7
85 6
86 6
87 7
88 7
89 6
89 7
90 7
90 6
91 7
92 7
93 8
93 8
94 8
95 8
96 8
96 8
97 8
98 8
98 8
99 8
100 8
101 8
101 8
102 8
103 7
104 8
104 8
105 8
105 8
106 7
107 7
107 9
108 8
109 8
110 8
110 7
111 7
112 7
112 8
113 8
114 8
115 9
115 9
117 8
117 9
118 8
118 8
119 10
120 9
120 8
121 9
122 9
