20 0
22 0
23 0
23 0
24 0
25 0
25 0
26 0
27 0
27 0
28 0
29 0
29 0
30 0
31 0
32 0
32 0
33 0
34 0
35 0
35 0
36 0
37 0
37 0
38 0
39 0
39 0
40 0
41 0
41 0
42 0
43 0
43 1
44 1
45 1
46 1
46 1
47 1
48 1
49 1
49 1
50 1
51 1
52 1
52 1
53 1
53 1
54 1
55 1
56 2
56 1
57 3
57 1
58 2
59 1
60 1
60 2
61 2
62 2
62 2
63 2
64 2
65 3
65 2
66 2
67 2
67 2
68 2
69 2
69 2
70 2
71 2
72 2
72 3
74 3
74 3
75 2
75 3
76 4
77 3
77 3
78 4
79 3
79 3
80 3
81 3
81 4
83 3
83 3
84 4
84 3
85 4
86 3
87 4
87 3
88 3
88 4
89 3
90 3
91 3
91 3
92 3
93 3
94 4
95 5
95 4
96 4
97 4
97 4
98 4
99 4
100 5
100 4
101 4
102 4
102 4
103 4
103 4
104 4
105 4
106 4
106 6
107 5
108 4
109 5
110 5
110 4
111 5
111 5
112 4
113 5
113 4
114 5
115 4
115 4
116 5
117 4
118 4
118 4
119 4
120 4
120 4
121 5
122 4
