20 0
22 0
22 0
23 0
24 0
24 0
25 0
26 0
27 0
28 0
28 0
29 0
30 0
31 0
31 0
32 0
32 0
33 1
34 1
35 1
35 1
36 1
37 1
37 1
38 1
39 1
39 1
40 1
41 2
42 1
42 2
43 1
44 2
44 2
45 2
45 2
46 2
47 1
48 2
48 2
49 2
50 2
50 2
51 2
52 2
53 2
53 2
54 2
55 2
55 2
56 2
57 2
57 2
58 2
59 2
59 2
60 2
61 2
61 3
62 2
63 2
64 3
64 2
65 2
65 2
66 3
67 3
68 3
68 3
69 2
70 4
70 3
71 3
72 3
73 3
73 4
74 3
74 3
75 4
76 4
77 3
78 3
78 4
79 4
80 3
80 3
81 4
82 4
83 4
83 4
84 4
84 3
85 4
86 4
86 3
88 4
88 4
89 4
89 5
90 5
91 5
91 5
92 4
93 4
94 5
94 4
95 5
96 3
97 3
97 4
98 3
98 4
99 4
100 4
101 4
101 3
102 4
103 6
103 5
104 6
105 4
105 6
106 5
107 5
108 5
108 4
109 5
110 5
111 5
111 5
111 5
113 3
113 3
114 4
115 4
115 5
117 4
117 4
117 4
118 4
119 5
120 4
121 4
121 4
122 5
