20 0
22 0
23 0
23 0
24 0
25 0
25 0
26 0
27 0
27 0
28 0
29 0
30 0
30 0
31 0
32 0
32 0
33 0
34 0
35 0
35 0
36 0
37 0
38 0
38 0
39 0
40 0
40 0
41 0
42 0
43 0
43 0
44 0
45 0
45 1
46 1
47 0
48 0
48 1
49 1
50 1
51 1
52 1
52 0
53 0
53 0
54 1
55 1
56 2
56 0
57 0
58 1
58 1
59 0
60 1
60 1
61 0
62 0
63 1
63 1
64 1
65 1
65 1
66 2
67 1
68 1
68 1
69 2
70 1
70 1
71 2
72 1
73 1
74 1
74 1
75 1
75 2
76 2
77 2
78 2
78 2
79 2
80 2
80 2
81 2
82 3
82 2
83 2
84 3
85 4
86 3
86 3
87 3
88 3
88 4
89 4
90 3
90 4
91 4
92 4
93 4
93 4
94 3
95 3
96 4
96 4
97 4
98 3
98 3
99 3
100 4
100 4
101 4
102 3
103 3
103 3
104 3
105 3
105 3
106 3
107 3
107 3
108 3
109 3
110 3
110 4
111 3
112 4
113 4
113 4
114 4
115 4
115 4
116 3
117 4
117 4
118 4
119 5
120 4
120 4
121 3
