20 0
22 0
23 0
23 0
24 0
25 0
25 0
26 0
26 0
27 0
28 0
29 0
29 0
30 0
31 0
32 0
32 0
33 0
33 0
34 0
35 0
36 0
36 0
37 0
38 0
39 0
39 1
40 1
41 1
41 0
42 1
43 1
43 1
44 1
45 1
46 1
47 1
47 1
48 1
48 2
49 3
50 1
51 2
51 3
52 2
53 2
54 2
54 2
55 2
56 3
56 4
57 4
58 4
58 3
59 5
60 4
60 4
61 4
62 5
63 4
63 4
64 4
65 4
66 4
66 4
67 4
68 4
68 4
69 4
70 5
70 5
71 6
72 6
72 5
73 5
74 5
75 5
76 5
76 5
77 5
77 6
79 5
79 7
80 7
80 6
81 8
82 8
82 7
83 7
84 7
84 7
85 8
86 7
87 8
87 8
88 8
89 8
89 8
91 9
91 9
92 10
93 9
93 9
94 9
96 9
96 9
96 9
97 9
97 9
98 10
99 9
100 10
100 9
101 9
101 9
102 10
103 10
104 10
104 9
105 9
106 9
106 10
107 10
108 10
108 10
109 10
110 9
110 9
111 10
112 10
113 10
113 10
114 11
115 10
115 10
116 10
117 10
118 10
118 12
119 11
120 11
120 10
121 10
