20 0
22 0
22 0
23 0
24 0
25 0
25 0
26 0
27 0
28 0
28 0
29 0
30 0
30 0
31 0
32 0
32 0
33 0
34 0
35 0
35 0
36 0
37 1
38 1
39 1
39 1
40 1
41 1
41 2
42 2
43 1
43 2
44 2
45 2
45 2
46 2
47 2
47 2
48 2
49 2
50 2
50 2
51 3
52 2
52 2
53 4
54 4
54 3
55 3
56 2
57 2
57 4
58 3
59 4
60 3
60 3
61 4
62 4
63 3
63 3
64 5
65 4
66 4
66 5
67 4
68 4
69 4
69 5
70 4
70 4
71 5
72 5
73 5
73 5
74 5
76 5
76 5
77 5
78 5
78 6
79 5
80 5
80 5
81 6
82 6
82 7
83 6
84 5
84 6
85 6
86 6
87 7
87 7
88 7
89 7
89 6
90 6
91 7
91 7
92 6
93 6
94 6
94 7
95 6
96 7
97 7
97 7
98 7
99 8
99 7
100 7
101 7
102 7
102 7
103 7
104 7
104 7
105 7
106 8
106 8
107 7
108 8
108 7
109 7
110 8
111 7
111 7
112 7
113 7
113 7
114 7
115 8
115 7
116 8
117 8
118 8
119 9
119 7
120 7
121 9
122 8
