20 0
22 0
23 0
23 0
24 0
24 0
25 0
26 0
27 0
27 0
28 0
28 0
29 0
30 0
31 0
31 0
32 0
33 0
34 0
34 0
35 0
36 1
36 0
37 0
38 1
38 1
39 1
40 1
41 1
41 1
42 1
43 1
43 1
44 1
45 1
45 1
46 1
47 1
48 1
48 1
49 1
50 1
50 1
51 1
52 1
53 1
53 1
55 1
55 1
56 1
56 1
57 1
58 1
58 1
59 1
60 1
61 1
61 1
62 1
62 1
63 1
64 1
64 1
65 1
66 1
66 1
67 1
68 1
69 1
69 1
70 1
71 1
71 1
72 1
73 2
73 2
74 2
75 1
76 1
76 1
77 2
78 1
78 1
79 1
80 1
81 2
81 3
82 3
82 2
83 2
84 2
85 3
85 1
86 1
87 3
88 2
88 3
89 4
89 3
91 2
91 2
92 2
93 4
94 3
94 3
95 4
96 4
96 4
97 4
98 4
98 4
99 4
100 4
100 4
101 4
102 4
102 3
103 4
104 3
104 3
105 3
106 3
106 3
107 3
108 3
108 3
110 3
110 3
111 3
112 3
112 3
113 3
114 3
114 3
115 3
116 3
116 3
117 3
118 3
118 3
119 3
120 3
121 3
121 3
122 3
