20 0
22 0
22 0
23 0
24 0
25 0
25 0
26 0
27 0
27 0
28 0
29 0
29 0
30 0
31 0
32 0
32 0
33 0
34 0
34 0
35 0
36 0
37 0
37 0
38 0
38 0
39 0
40 0
41 0
42 0
42 0
43 0
43 0
44 0
45 0
46 0
46 0
47 0
48 0
48 0
49 0
50 0
50 1
51 0
52 0
53 1
53 1
54 1
54 1
56 0
57 0
57 1
58 1
58 0
60 1
60 1
60 2
61 1
62 1
62 0
64 2
64 2
65 2
65 3
66 4
67 2
68 2
68 2
69 4
70 3
71 3
71 3
72 4
72 3
73 2
74 3
74 3
75 3
76 4
77 4
77 4
78 4
79 4
80 4
81 3
81 3
82 4
82 4
83 4
84 3
84 2
85 4
86 2
86 3
87 1
88 3
88 1
89 3
90 4
91 4
92 3
92 3
93 3
94 3
95 4
95 5
96 5
97 4
97 5
98 5
99 5
99 5
100 5
101 4
102 5
102 7
103 6
104 6
105 6
105 5
106 6
107 6
107 6
108 5
109 5
109 5
110 4
111 3
112 4
112 5
113 4
113 5
114 4
115 5
116 4
117 4
117 6
118 7
118 6
119 7
120 7
121 6
122 7
122 7
