20 0
22 0
22 0
24 0
24 0
25 0
26 0
26 0
27 0
27 0
28 0
29 0
29 0
30 0
31 0
31 0
32 0
33 0
33 0
34 0
35 0
35 0
36 0
37 0
38 0
38 0
39 0
40 0
41 0
41 0
42 0
42 0
43 0
44 0
45 0
45 0
46 0
46 0
47 0
48 0
49 1
49 0
50 0
51 0
51 0
52 0
53 2
53 1
54 0
55 1
55 1
56 1
57 1
58 2
58 2
59 1
60 2
60 1
61 1
62 1
62 1
63 1
64 2
64 2
65 1
66 1
67 2
67 1
68 1
68 3
69 2
70 3
71 2
71 2
72 2
73 2
74 2
74 2
75 2
76 2
76 2
77 2
78 2
78 2
79 3
80 1
80 2
81 1
82 1
82 1
83 2
84 1
84 2
85 2
86 1
86 1
87 2
88 1
89 1
89 1
90 1
91 2
91 1
92 1
93 1
93 3
94 2
95 3
95 2
96 5
96 2
97 3
98 4
98 3
99 4
100 4
101 4
101 5
102 5
103 4
103 5
104 4
105 4
105 3
106 3
107 3
107 3
109 3
109 3
110 3
110 3
111 3
112 3
112 4
113 4
114 3
115 3
115 2
116 3
116 1
117 2
118 3
118 4
119 2
120 3
121 3
122 3
123 2
