20 0
22 0
23 0
23 0
24 0
25 0
25 0
26 0
27 0
28 0
28 0
29 0
29 0
30 0
31 0
32 0
33 0
33 0
34 0
35 0
35 0
36 0
37 0
37 0
38 0
38 0
39 0
40 0
41 0
41 0
42 0
43 1
43 2
44 2
45 2
45 2
46 2
47 3
48 3
48 3
49 3
50 3
50 3
51 3
52 3
52 3
53 3
54 4
54 4
55 4
56 4
57 4
58 4
58 4
59 4
59 4
60 4
61 4
61 4
62 4
63 4
63 4
64 4
65 4
66 4
66 4
67 4
68 4
68 3
69 3
70 3
70 3
71 3
72 3
72 2
73 2
74 2
75 2
75 2
76 2
77 2
77 2
78 2
79 2
79 2
80 2
81 2
82 2
82 2
83 2
83 2
84 2
85 2
86 3
86 2
87 3
88 3
88 3
89 3
90 3
90 3
91 3
92 3
92 3
93 4
94 3
95 3
95 3
96 4
97 3
97 3
98 3
99 3
99 3
100 3
101 3
102 3
102 3
103 4
104 3
104 3
105 3
106 3
106 3
107 3
108 3
108 3
109 3
110 3
110 3
111 3
112 3
112 3
113 3
114 3
115 3
115 3
116 3
117 3
117 3
118 4
119 4
119 3
120 4
121 3
121 3
