20 0
22 0
23 0
23 0
24 0
25 0
25 0
26 0
27 0
27 0
28 0
29 0
29 0
30 0
31 0
32 0
33 0
33 0
34 0
34 0
35 0
36 0
37 0
37 0
38 0
39 0
39 0
40 0
41 0
42 0
42 0
43 0
44 0
44 0
45 0
46 0
46 0
47 0
48 1
48 3
49 1
50 1
50 1
52 1
52 3
52 3
54 2
54 2
55 2
55 2
56 3
57 2
58 4
58 4
59 4
60 5
60 6
61 5
62 4
62 6
63 5
64 6
65 7
65 6
66 6
67 6
67 6
68 5
69 4
70 5
70 5
71 5
72 5
72 5
73 5
74 5
74 5
75 5
76 6
77 6
78 6
78 7
79 6
80 7
80 6
81 6
82 6
82 6
83 6
84 6
84 6
85 6
86 6
86 6
87 6
88 7
89 6
89 6
91 6
91 6
92 6
92 5
93 5
94 5
95 5
96 6
96 5
97 5
98 5
99 5
99 5
100 6
100 5
101 5
102 6
103 5
103 6
105 5
105 6
106 8
106 7
107 7
108 7
109 7
109 7
110 6
111 7
111 7
112 8
113 7
113 8
114 7
115 9
115 7
116 9
117 8
117 8
118 9
119 10
120 10
120 10
121 10
122 9
