20 0
22 0
23 0
23 0
24 0
25 0
26 0
26 0
27 0
27 0
29 0
30 0
30 0
32 0
32 0
33 0
33 0
34 0
35 0
35 0
36 0
37 0
37 0
38 0
39 0
39 0
40 0
41 0
42 0
42 0
44 0
44 0
44 0
45 0
46 0
47 0
47 0
48 0
49 0
49 0
50 0
51 0
51 0
52 0
53 0
54 0
54 0
55 0
56 0
56 0
57 0
58 0
59 0
59 0
60 0
61 0
61 0
62 0
63 0
63 1
64 0
65 1
66 2
66 2
67 2
68 2
68 3
69 2
70 2
70 2
71 2
72 2
72 2
73 2
74 2
75 2
76 2
76 3
76 2
78 3
78 3
79 3
80 2
80 2
81 4
82 3
82 3
83 2
84 4
84 3
85 3
87 3
87 3
88 2
89 3
89 2
90 3
90 3
92 4
92 4
93 3
93 4
94 3
95 2
96 4
96 4
97 3
98 3
98 3
99 3
100 4
100 4
101 4
102 3
102 3
103 2
104 3
105 3
105 3
106 3
107 3
107 3
108 3
109 3
109 3
110 3
111 3
112 3
112 3
113 3
114 3
114 4
115 3
116 4
116 3
118 3
118 4
119 4
119 3
121 3
121 3
122 3
122 3
