20 0
22 0
22 0
23 0
24 0
25 0
25 0
26 0
27 0
27 0
28 0
28 0
29 1
30 1
31 1
31 1
32 1
33 1
33 1
34 1
35 1
35 1
36 1
37 1
38 1
38 1
39 1
40 1
40 1
41 1
42 1
42 1
43 1
44 2
45 1
45 2
46 2
47 2
47 2
48 2
49 2
49 2
50 2
51 2
51 2
52 2
53 3
53 4
54 3
55 2
55 3
56 4
57 3
58 4
58 3
59 3
59 4
60 3
61 3
62 3
63 3
63 3
64 3
65 3
66 3
66 5
67 4
67 5
68 5
69 6
69 6
70 6
71 6
72 6
72 6
73 6
74 6
74 5
75 5
76 5
77 6
77 7
78 6
78 7
79 8
80 8
80 8
81 9
82 8
83 8
83 8
84 9
84 9
86 8
86 9
87 10
87 9
88 8
89 10
89 10
90 7
91 9
91 10
92 9
93 9
93 9
94 10
95 10
95 10
96 9
97 8
97 8
98 8
99 8
100 8
100 8
101 9
101 8
102 9
103 9
104 9
104 9
105 9
106 9
107 9
107 9
108 9
109 9
109 10
110 9
110 9
111 9
112 9
113 9
114 9
114 9
115 9
116 9
116 9
117 9
118 9
119 9
119 9
120 9
121 10
121 10
122 10
