20 0
22 0
23 0
23 0
24 0
24 0
25 0
26 0
27 0
27 0
28 0
29 0
29 0
30 0
31 0
31 1
32 1
33 0
33 1
34 1
35 1
36 1
36 1
37 1
38 1
38 1
39 2
40 3
40 3
41 4
42 3
43 4
43 4
44 5
45 6
45 5
46 5
47 7
47 7
48 7
49 6
49 6
50 6
51 8
51 8
52 6
53 6
54 6
54 6
55 7
56 7
56 6
57 7
58 8
59 6
59 7
60 8
60 7
61 6
62 7
62 8
63 7
64 9
65 9
65 8
66 8
67 8
68 7
68 8
69 8
70 7
71 8
71 8
72 8
72 8
73 10
74 10
74 9
75 8
76 9
76 9
77 9
77 9
78 9
79 9
79 10
80 9
81 8
82 8
82 8
83 8
84 8
84 9
85 8
86 8
86 8
87 8
88 8
89 8
90 8
90 8
91 8
91 8
92 8
93 8
93 8
94 8
95 8
96 8
97 8
97 8
98 9
98 8
99 8
100 9
101 9
101 9
102 9
103 9
103 9
104 9
104 9
105 9
106 9
107 9
107 9
108 9
109 9
109 9
110 10
111 9
112 9
112 9
113 9
113 9
114 9
115 9
116 9
117 9
117 10
118 9
118 9
119 10
120 9
120 9
121 10
