20 0
22 0
22 0
23 0
24 0
25 0
25 0
26 0
27 0
27 0
28 0
29 0
30 0
30 0
31 0
32 0
32 0
33 0
34 0
34 0
35 0
36 0
37 1
37 1
38 1
39 1
39 1
40 1
41 1
42 1
42 1
43 1
43 1
44 1
45 1
46 1
46 1
47 2
48 1
49 1
49 1
50 1
51 1
51 1
52 2
53 2
54 2
54 1
55 1
56 2
57 1
57 2
58 2
58 2
59 2
60 3
61 2
61 3
62 2
63 2
64 2
65 4
65 3
67 3
67 3
67 3
68 2
68 4
69 2
70 4
70 5
71 5
72 4
72 4
73 4
74 5
75 5
76 4
76 4
77 4
78 4
78 4
79 4
80 4
80 5
81 5
82 5
82 5
83 3
84 3
85 3
85 3
86 3
87 3
88 5
89 5
89 4
90 4
91 5
91 5
92 5
93 5
94 4
94 5
95 5
95 5
96 4
97 4
98 4
99 4
99 4
100 6
101 4
101 6
102 6
103 5
104 6
104 7
105 6
106 6
106 5
107 5
107 5
109 6
109 7
110 6
111 7
111 7
112 7
112 7
114 7
114 7
115 7
116 7
116 7
117 7
117 7
118 7
119 7
120 7
120 7
121 7
122 7
