20 0
22 0
23 0
23 0
24 0
25 0
25 0
26 0
27 0
27 0
28 0
29 0
29 0
30 0
30 0
31 0
32 0
33 0
33 0
34 0
35 0
35 0
36 0
37 0
37 1
39 1
39 1
40 1
40 2
41 3
42 3
43 4
43 3
44 4
45 4
45 4
46 4
47 4
47 5
48 4
49 5
49 4
50 4
51 4
52 4
52 4
53 4
53 4
54 5
55 4
55 4
56 4
57 4
58 4
58 4
59 5
59 6
60 6
61 7
61 7
62 7
63 7
64 7
64 7
65 7
66 8
66 8
67 8
68 8
68 8
69 8
70 8
71 8
71 8
71 8
72 8
73 8
74 7
74 8
75 7
76 7
77 7
77 7
78 7
79 7
80 7
80 7
80 7
81 7
82 7
83 7
83 7
84 7
85 7
86 7
86 7
87 7
87 7
88 7
88 7
89 7
90 7
91 7
92 7
92 7
93 7
93 7
94 7
95 7
95 7
96 7
97 7
98 7
98 7
99 7
100 7
100 7
101 7
102 7
102 7
103 7
104 7
104 7
105 7
106 7
106 7
107 7
108 7
108 7
109 7
110 7
111 7
111 7
112 7
112 7
113 7
114 7
115 7
115 7
116 7
117 7
118 7
118 7
119 7
119 7
120 7
121 7
121 7
