20 0
22 0
23 0
23 0
24 0
25 0
25 0
26 0
27 0
28 0
28 0
29 0
29 0
30 0
31 0
31 0
32 0
33 0
34 0
34 0
35 0
36 0
36 0
37 0
38 1
38 0
39 0
40 0
41 1
41 1
42 2
43 1
44 1
44 1
45 0
46 3
47 3
47 4
48 4
48 2
49 2
50 3
50 4
51 3
52 3
53 3
53 3
54 3
55 3
55 3
56 3
57 3
57 3
58 3
59 3
60 4
60 4
61 5
62 4
63 5
63 5
64 5
65 5
65 5
66 5
66 5
67 5
68 5
69 5
69 6
70 6
71 6
71 6
72 6
72 7
74 6
74 6
75 6
75 7
76 6
78 7
78 7
79 7
79 6
80 6
80 6
81 7
82 7
83 7
83 7
84 7
85 7
85 7
86 7
87 7
87 7
88 7
89 7
90 8
90 8
91 9
92 8
92 8
93 7
94 8
95 8
95 7
96 7
97 7
97 7
98 7
99 7
99 8
100 7
101 7
101 7
102 8
103 8
104 10
104 8
105 8
106 9
107 9
107 8
108 10
108 9
110 9
110 10
111 9
112 10
112 10
113 11
114 10
114 10
115 11
116 10
117 10
117 10
118 10
118 10
119 11
120 10
120 11
121 12
122 11
