20 0
22 0
23 0
23 0
24 0
25 0
25 0
26 0
26 0
28 0
28 0
29 0
30 0
30 0
31 0
32 0
33 0
33 0
34 0
35 0
35 0
36 0
37 0
37 0
38 0
38 0
39 1
40 1
41 1
41 1
42 1
42 1
43 1
44 1
45 1
45 1
46 1
47 1
48 1
48 1
49 1
50 1
50 1
51 1
52 1
52 1
53 1
54 1
54 1
55 1
56 1
56 1
57 1
58 1
58 1
59 1
60 1
60 1
61 1
62 1
63 1
63 1
64 1
65 1
65 1
66 1
67 1
68 1
68 1
69 1
69 1
70 2
71 1
72 1
72 2
73 1
73 1
74 1
75 1
76 1
76 2
77 2
78 2
78 2
79 2
80 2
81 2
81 3
82 2
83 2
83 2
84 1
85 2
86 2
86 1
87 1
88 2
88 1
89 1
90 1
90 2
91 1
92 1
92 2
93 2
94 1
95 1
95 1
96 2
97 1
97 1
98 1
98 1
99 1
100 1
100 1
101 1
102 2
103 1
104 1
104 1
105 1
105 1
106 1
107 3
107 2
108 2
109 1
110 1
110 1
111 1
111 1
112 2
113 2
113 2
114 2
115 1
116 2
116 1
117 1
118 2
118 1
119 2
120 2
120 2
121 3
122 3
