20 0
22 0
23 0
24 0
24 0
25 0
25 0
26 0
26 0
27 0
28 0
29 0
29 0
30 0
30 0
31 0
32 0
33 0
34 0
34 0
35 0
35 0
36 0
37 0
37 0
38 0
39 0
40 0
41 0
41 1
42 1
43 1
43 1
44 1
44 3
45 3
46 6
47 6
47 5
48 5
48 6
49 5
50 8
51 6
51 5
52 8
52 5
53 6
54 6
55 6
55 4
56 5
56 4
57 4
58 5
59 5
59 4
60 6
60 5
61 5
62 5
63 4
63 5
64 8
65 6
66 6
66 6
67 6
67 5
68 7
69 7
69 6
71 5
71 5
72 5
72 6
73 6
74 7
74 7
75 6
76 5
76 6
77 6
78 7
78 6
79 7
80 7
80 7
81 7
82 6
83 6
83 6
84 6
85 7
85 7
86 8
87 7
87 7
88 7
88 8
89 8
90 6
91 9
91 7
92 8
92 9
93 6
95 6
95 7
95 6
96 4
97 5
97 5
98 5
99 6
99 4
100 4
101 4
102 6
102 5
103 4
104 5
105 4
105 4
106 5
107 5
107 5
108 5
109 4
110 5
110 6
111 5
112 4
112 6
113 6
113 6
114 6
115 6
115 5
116 5
117 5
117 5
118 5
119 5
120 5
120 6
121 7
121 7
