20 0
22 0
22 0
23 0
24 0
25 0
26 0
26 0
27 0
28 0
28 0
29 0
29 0
30 0
31 0
32 0
32 0
33 0
34 0
34 0
35 0
36 0
36 0
38 0
38 0
38 0
39 0
40 0
41 0
41 0
42 0
43 0
43 1
45 0
45 1
46 0
47 1
47 1
48 1
48 1
49 1
50 1
51 1
52 1
52 1
53 1
53 1
54 1
55 1
55 1
56 1
56 1
57 1
58 2
59 1
60 2
60 1
61 1
62 1
62 1
63 1
64 1
64 1
65 2
66 2
67 1
67 1
68 2
68 2
69 2
70 2
71 2
71 2
72 2
72 2
73 2
74 2
74 2
75 2
76 2
77 2
77 2
78 2
79 2
80 2
80 2
81 2
82 3
82 2
83 3
84 3
85 3
85 3
86 2
87 3
88 3
88 2
89 3
90 3
90 3
91 3
91 3
92 3
93 3
93 3
94 4
95 5
95 4
96 4
97 4
98 4
98 5
99 4
100 4
100 4
101 5
102 4
102 5
103 5
104 5
105 5
105 6
106 5
107 6
107 6
108 6
109 6
109 6
110 6
111 5
112 6
112 6
113 6
113 6
114 6
115 6
116 6
116 6
117 6
118 6
119 6
119 6
120 6
121 6
121 6
122 6
