20 0
22 0
22 0
23 0
24 0
24 0
25 0
26 0
27 0
27 0
28 0
29 0
30 0
30 0
31 0
32 0
33 0
33 0
33 0
34 0
35 0
36 0
36 0
37 0
38 0
38 0
39 0
40 0
41 0
41 0
42 0
43 0
43 0
44 0
45 0
45 0
47 0
47 0
47 0
48 0
49 0
50 0
50 0
51 0
52 0
52 0
54 0
54 0
55 0
55 0
56 0
57 0
57 0
58 1
59 0
59 0
60 1
61 0
61 0
62 0
63 0
63 0
64 0
65 0
66 0
67 0
68 1
68 0
69 0
70 1
70 0
71 2
71 0
72 1
73 1
74 2
74 1
75 1
76 1
76 2
77 1
77 2
78 2
79 2
80 2
80 2
81 2
81 2
82 2
83 4
84 2
85 2
85 2
86 3
87 2
87 2
88 2
88 2
89 2
90 2
90 1
91 2
92 2
92 3
93 2
94 3
95 2
95 3
96 3
97 3
97 3
98 2
99 2
99 3
100 2
101 2
102 2
102 2
103 2
104 2
104 2
106 3
106 3
106 3
107 3
108 3
108 3
109 2
110 3
111 2
112 3
112 3
113 3
113 3
114 3
115 3
115 3
116 3
117 3
117 3
118 3
119 3
120 2
120 2
121 2
