20 0
22 0
23 0
23 0
24 0
25 0
25 0
26 0
27 0
27 0
28 0
29 0
30 0
30 0
31 0
32 0
32 0
33 0
34 0
34 0
35 0
36 0
37 0
37 0
38 0
38 0
39 0
40 0
41 0
41 0
42 0
43 0
43 0
44 0
45 0
46 0
46 0
47 0
48 0
49 0
49 0
50 0
51 0
51 0
52 0
53 0
53 0
54 0
55 0
55 0
56 1
57 0
58 1
58 1
59 1
60 2
61 2
61 2
62 1
63 1
63 1
64 1
65 1
65 2
66 4
67 4
67 4
68 4
69 4
70 3
71 3
71 3
72 4
73 4
73 3
74 2
75 3
75 3
76 3
77 3
78 4
78 3
79 3
80 3
80 3
81 3
82 2
82 3
83 4
84 4
84 4
85 4
86 5
86 5
87 5
89 5
89 5
90 5
90 4
91 4
92 4
92 4
93 5
94 4
94 4
95 4
96 4
96 4
97 6
98 3
99 6
99 4
100 3
101 5
101 4
102 4
103 4
103 5
104 6
105 6
105 7
106 7
107 6
107 5
108 5
109 5
109 6
110 4
111 6
112 6
113 6
113 6
114 6
115 6
116 6
116 7
118 6
118 6
119 7
119 7
120 8
121 7
121 7
