20 0
22 0
23 0
23 0
24 0
25 0
26 0
26 0
27 0
27 0
28 0
29 0
30 0
31 0
31 0
32 0
33 0
33 0
34 0
35 0
36 0
36 0
37 0
37 0
38 0
39 0
40 0
40 0
41 0
42 0
43 0
44 0
44 0
45 0
46 0
46 0
47 0
47 0
49 0
49 0
50 0
51 0
51 0
52 0
53 0
54 0
55 0
55 0
56 0
56 0
57 0
58 0
58 0
59 0
60 1
61 1
61 1
62 0
63 2
63 2
64 1
65 2
65 2
66 2
67 2
68 2
68 2
69 2
70 2
71 2
72 2
72 2
73 2
73 2
75 2
75 1
76 2
76 2
78 2
78 2
78 2
79 2
80 2
81 2
82 2
82 2
84 3
84 3
84 2
85 2
86 3
86 3
87 3
88 3
88 3
89 3
90 3
91 3
92 5
92 4
93 3
94 3
94 4
95 3
96 5
96 3
97 4
98 4
99 5
99 5
100 5
100 6
101 4
102 6
103 6
103 6
104 6
105 5
106 6
107 6
107 7
108 5
109 6
109 6
110 6
111 6
111 6
112 7
113 6
113 6
114 6
115 6
115 6
116 6
117 6
118 5
119 7
119 6
120 6
121 6
122 6
