20 0
22 0
23 0
23 0
24 0
25 0
25 0
26 0
27 0
27 0
28 0
28 0
29 0
30 0
31 1
32 1
32 0
33 0
33 1
34 1
35 1
36 1
36 1
37 1
38 1
38 1
39 2
39 1
40 1
41 2
42 2
43 1
43 2
44 3
44 2
45 2
47 3
47 2
47 3
48 2
49 3
50 2
50 3
51 4
51 4
52 3
53 6
53 4
54 4
55 4
56 4
56 5
57 6
58 5
59 5
59 5
60 5
60 5
61 5
62 5
63 5
63 5
64 6
65 5
65 6
66 5
67 5
68 6
68 7
69 7
70 6
71 7
72 7
73 8
73 7
73 6
75 6
75 7
76 7
77 7
77 8
78 7
79 8
80 7
81 8
81 7
82 7
82 8
83 8
84 8
84 9
85 10
86 9
87 9
87 10
88 9
89 11
89 11
90 10
91 10
91 10
92 10
93 11
93 10
94 10
95 11
95 11
96 11
97 11
97 11
98 11
99 11
100 11
101 10
101 12
103 10
103 11
104 11
104 12
105 11
106 12
106 12
107 12
108 12
109 12
109 12
110 12
110 12
111 12
112 12
113 13
113 13
114 13
115 13
115 14
116 13
117 14
118 14
118 14
119 14
119 13
120 14
121 13
122 14
122 12
