20 0
22 0
23 0
23 0
24 0
25 0
26 0
26 0
27 0
27 0
28 0
29 0
30 0
31 0
31 0
32 0
32 0
34 1
34 1
34 1
35 0
36 1
36 1
37 1
38 1
39 1
39 1
41 1
41 1
42 3
42 2
43 2
44 2
44 2
45 1
46 1
46 2
47 2
47 2
49 3
49 3
50 3
50 3
51 3
52 3
52 3
53 3
54 3
54 3
55 3
56 3
57 3
57 3
58 3
59 3
59 3
60 3
61 3
62 3
62 3
63 3
64 3
65 3
65 3
66 3
66 3
67 3
68 3
69 3
69 3
70 3
71 4
71 4
72 3
73 3
73 4
74 4
75 4
75 3
76 3
77 3
77 3
78 3
79 3
79 3
80 3
81 3
81 3
82 3
83 3
84 3
84 3
85 3
85 3
86 3
87 3
87 3
89 3
89 3
90 3
91 3
91 3
92 3
92 3
93 3
94 3
95 3
95 3
96 3
96 3
97 3
98 3
99 3
99 3
100 3
101 3
101 3
102 3
103 3
103 3
104 3
105 3
105 3
106 3
107 3
108 3
108 3
109 3
110 3
110 3
111 3
112 3
112 3
113 3
114 3
114 3
115 3
116 3
116 3
117 3
118 3
119 3
120 3
120 3
121 3
122 3
