20 0
22 0
22 0
24 0
24 0
25 0
25 0
26 0
27 0
27 0
28 0
29 0
29 0
30 0
31 0
32 0
33 0
33 0
34 0
34 0
35 0
36 0
36 0
37 0
38 0
39 0
39 0
40 1
41 1
41 1
42 1
43 2
44 2
44 1
45 2
46 2
46 2
47 3
48 3
48 3
49 3
50 3
50 3
51 3
52 3
52 3
53 4
54 4
54 4
55 4
56 3
57 3
57 3
58 3
59 3
60 4
60 3
61 5
62 5
62 4
63 4
63 5
65 4
65 5
66 6
66 6
68 5
68 5
69 5
69 4
70 5
71 6
72 6
72 4
73 6
74 7
74 7
75 6
76 7
76 7
77 8
78 8
78 8
79 7
80 7
80 6
81 7
82 6
83 7
83 6
84 7
85 7
85 7
86 7
87 7
87 9
88 8
89 8
90 8
90 8
91 8
92 8
92 9
93 7
94 8
95 9
95 10
96 8
97 8
97 9
98 9
99 9
99 9
100 9
101 10
101 9
102 10
103 10
103 11
104 9
105 9
106 12
106 9
107 10
108 9
109 10
109 9
110 10
111 10
112 11
112 8
113 9
114 9
115 9
115 9
116 8
117 8
117 10
118 9
119 10
120 9
121 10
121 10
