20 0
22 0
23 0
23 0
24 0
25 0
25 0
26 0
26 0
27 0
28 0
29 0
29 0
30 0
31 0
32 0
32 0
33 0
33 0
34 0
35 0
35 1
36 1
37 2
38 1
38 2
39 2
40 2
41 2
41 2
42 2
43 2
44 2
44 2
44 2
45 2
46 2
47 2
47 2
48 2
49 2
50 2
50 2
51 2
51 2
52 2
53 2
54 3
54 3
55 4
56 5
56 5
57 5
57 5
58 6
59 6
60 5
60 5
61 5
62 5
62 6
63 6
64 6
65 7
65 7
66 6
67 5
67 6
68 6
69 6
70 6
70 6
71 5
72 5
73 6
73 5
74 6
74 7
75 7
76 7
77 6
77 7
78 7
79 7
79 6
80 7
80 7
81 6
82 6
83 7
83 6
84 7
85 7
85 7
87 7
88 7
89 7
89 7
90 7
90 7
91 7
92 8
92 7
94 7
94 7
95 7
95 8
96 7
96 7
97 7
98 8
99 9
99 9
100 8
101 8
101 8
102 8
102 8
103 8
104 8
105 8
105 9
106 7
107 8
107 7
108 8
109 7
109 8
110 7
111 7
112 8
113 8
114 8
114 8
115 8
115 8
116 8
117 8
117 8
118 8
119 8
119 8
120 8
121 8
121 8
