20 0
22 0
23 0
23 0
24 0
25 0
25 0
26 0
27 0
27 0
28 0
29 0
30 0
30 0
31 0
32 0
32 0
33 0
34 0
35 0
35 0
36 0
37 0
37 0
38 0
39 0
40 0
40 0
41 0
42 0
42 0
43 0
44 0
45 0
45 0
46 0
47 0
47 0
48 0
49 1
50 0
50 1
51 0
52 1
53 2
54 1
54 3
55 3
55 3
56 3
57 3
58 3
58 3
59 3
60 3
60 3
61 4
62 3
62 3
63 3
64 4
65 4
65 4
66 4
67 4
68 4
68 4
69 4
70 4
70 5
72 5
72 5
73 5
73 5
74 4
75 4
76 5
76 5
77 5
77 4
78 5
79 5
80 5
81 6
81 5
82 5
82 5
84 5
84 5
85 5
85 5
86 5
87 4
88 4
88 5
89 5
89 5
90 5
91 4
92 5
93 5
93 5
94 5
95 5
96 5
96 5
97 4
98 5
98 5
99 4
99 5
100 4
101 4
102 4
103 5
103 5
104 5
105 5
106 4
106 6
107 6
108 5
108 5
109 5
110 5
110 5
111 5
112 5
113 5
113 5
114 5
115 5
116 5
116 5
117 5
118 5
118 5
119 5
121 6
121 6
122 6
