20 0
22 0
22 0
23 0
24 0
25 0
25 0
26 0
26 0
27 0
28 0
29 0
29 0
30 0
31 0
31 0
33 0
33 0
34 0
34 0
35 0
36 0
37 0
38 0
38 1
39 0
40 1
40 1
41 1
42 1
42 1
43 1
44 1
45 1
45 1
46 1
46 1
47 2
48 1
49 0
49 1
50 1
51 1
51 1
52 2
53 1
54 2
54 2
55 4
56 4
56 2
57 2
58 4
59 3
59 5
60 4
61 7
62 6
62 5
63 6
64 6
64 6
65 6
65 6
66 6
67 6
68 7
68 6
69 6
70 6
70 6
71 6
72 5
72 6
73 6
74 6
75 6
76 6
76 6
77 6
77 6
78 6
79 6
79 6
80 6
81 6
81 6
82 6
83 6
84 6
84 6
85 7
86 7
86 6
87 6
88 6
89 6
89 6
90 6
91 6
91 6
92 6
93 6
93 7
94 6
95 7
95 8
96 8
97 7
98 8
98 8
99 7
100 7
100 8
101 9
102 8
102 8
103 8
104 8
105 8
105 8
106 9
106 8
107 8
108 7
109 8
109 8
110 7
110 7
111 7
112 8
113 7
114 8
114 7
115 7
115 8
116 8
117 8
118 8
119 8
119 8
120 8
121 8
122 8
122 8
