20 0
22 0
22 0
23 0
24 0
25 0
26 0
26 0
27 0
27 0
28 0
29 0
30 0
30 0
31 0
32 0
32 0
33 0
34 0
34 0
35 0
36 0
37 0
37 0
38 0
39 0
40 1
40 0
41 0
42 0
43 1
43 0
44 0
45 1
45 0
46 1
47 1
47 2
48 2
49 1
49 1
50 1
51 2
52 1
52 2
53 1
54 1
55 1
55 1
56 1
57 4
58 2
58 1
59 1
60 2
60 1
61 2
62 2
63 2
63 2
64 2
65 2
65 2
66 2
66 2
68 2
68 2
69 2
70 2
70 2
72 2
71 2
72 2
73 2
74 2
75 3
75 2
76 2
77 3
78 4
78 3
79 3
80 4
81 4
81 3
82 3
83 6
83 3
84 3
85 5
85 5
86 5
87 4
87 5
88 4
89 4
89 4
90 4
91 5
92 4
92 7
93 5
94 7
94 7
95 7
96 7
97 7
97 6
98 8
98 8
99 7
100 6
101 6
102 7
102 8
103 7
104 6
105 7
105 7
106 7
106 7
107 8
108 8
109 7
109 7
110 9
111 7
111 8
112 8
113 8
113 8
114 8
115 9
115 8
116 8
117 8
118 8
118 9
119 9
120 9
121 10
121 9
