20 0
22 0
23 0
23 0
24 0
24 0
25 0
26 0
27 0
27 0
28 0
29 0
30 0
31 0
31 0
32 0
33 0
34 0
35 0
35 0
36 1
37 0
37 0
38 0
39 0
39 0
40 0
41 0
41 0
42 0
43 0
43 0
44 0
45 0
46 0
46 0
47 0
48 0
48 0
49 0
50 0
50 0
51 0
52 0
53 0
53 0
54 0
55 0
56 0
56 0
57 0
58 0
59 0
59 0
60 0
61 0
61 0
62 0
63 0
64 0
64 0
65 1
65 0
66 0
67 0
68 0
68 1
69 0
70 0
70 0
71 1
72 1
72 2
73 2
74 2
75 3
76 2
76 2
77 2
78 2
79 2
79 2
80 2
81 2
81 4
82 4
83 3
83 4
84 3
85 3
85 3
86 4
87 3
88 3
88 4
89 5
90 4
90 4
91 4
92 4
93 4
93 3
94 5
95 5
96 5
96 5
97 5
98 5
99 6
99 6
100 6
101 7
101 5
102 5
103 5
103 6
104 5
105 6
106 5
107 5
107 7
108 7
108 6
109 6
110 6
111 4
111 4
112 5
113 5
114 5
114 4
115 4
116 5
117 4
117 5
118 5
119 5
120 5
120 4
121 5
121 4
