20 0
22 0
23 0
24 0
24 0
24 0
25 0
26 0
27 0
27 0
28 0
29 0
30 0
31 0
31 0
32 0
33 0
33 0
34 0
35 0
35 0
37 0
37 0
37 0
38 0
39 0
40 0
40 0
41 0
42 0
42 0
43 0
44 0
45 1
45 2
46 2
47 2
48 2
48 2
49 2
50 2
50 2
51 2
52 3
52 2
53 2
54 2
55 2
55 2
56 2
57 2
58 2
58 2
59 3
59 3
60 3
61 3
62 4
62 4
63 4
64 4
65 5
65 4
67 3
67 4
68 4
68 5
69 4
70 5
70 5
71 5
72 6
73 5
73 7
74 5
75 5
75 8
76 7
76 5
77 6
78 5
79 5
79 5
80 6
81 7
81 6
82 5
83 5
83 8
84 8
86 8
86 8
87 9
88 10
88 9
89 8
89 8
90 9
91 8
92 7
92 6
93 6
93 7
94 5
95 5
96 6
97 7
97 7
98 7
99 6
99 7
100 7
101 6
101 6
102 7
103 6
104 7
104 6
105 6
106 7
106 6
107 7
108 7
108 9
109 8
110 9
111 9
112 8
112 7
113 9
113 9
114 9
115 10
115 8
116 8
117 9
118 10
119 9
119 10
119 9
120 9
121 9
122 10
