20 0
22 0
23 0
23 0
24 0
25 0
25 0
26 0
27 0
27 0
28 0
29 0
30 0
30 0
31 0
32 0
33 0
33 0
34 0
34 0
35 0
36 0
37 0
38 0
38 0
39 0
39 0
40 1
41 0
42 0
42 0
43 0
44 1
44 2
45 1
46 1
47 1
47 1
48 1
49 1
50 3
51 2
51 2
52 1
52 3
53 2
54 3
54 2
55 2
56 2
56 2
57 2
58 2
59 2
59 2
60 2
61 2
62 2
62 2
63 3
63 2
64 3
65 3
66 3
66 3
67 4
68 4
68 4
69 5
70 5
71 4
72 5
72 6
73 3
73 4
74 4
75 5
76 6
77 5
78 4
78 5
79 5
80 5
80 4
81 6
82 5
82 4
83 5
84 6
85 7
85 5
86 7
87 5
87 5
88 7
89 5
89 8
90 6
91 6
92 8
92 5
93 6
94 8
94 6
95 6
96 5
96 5
97 6
98 6
98 6
99 6
100 6
100 6
101 7
102 8
103 8
103 8
104 8
105 10
106 9
106 9
107 10
108 9
108 9
109 9
110 9
110 9
111 8
112 10
112 9
113 9
114 9
115 8
115 8
116 8
117 8
118 10
118 9
119 10
120 11
120 10
121 9
122 10
