20 0
22 0
22 0
23 0
24 0
24 0
25 0
26 0
26 0
27 0
28 0
29 0
29 0
30 0
31 0
31 1
32 1
33 1
33 1
34 1
35 1
36 1
36 1
37 2
38 2
38 2
39 2
40 2
40 2
41 3
41 4
43 2
44 3
44 2
45 2
45 3
46 3
47 3
48 3
48 3
49 4
49 3
50 3
51 3
51 3
52 3
53 3
53 3
54 3
55 5
56 3
56 4
57 3
58 3
58 3
59 5
60 5
60 4
61 6
62 5
63 4
63 7
64 6
65 5
65 4
66 6
67 3
67 6
68 5
69 5
69 5
70 5
71 6
72 8
73 8
73 8
74 7
75 7
75 7
76 7
76 6
77 8
78 7
79 8
79 8
80 8
81 9
81 7
82 7
83 8
84 8
85 7
85 7
86 7
86 8
87 9
88 8
89 7
89 8
90 8
91 7
91 7
92 7
93 7
94 7
94 7
95 7
95 7
96 7
97 7
97 7
98 7
99 7
99 7
100 7
101 7
101 7
102 7
103 7
103 7
104 8
105 7
105 7
107 8
107 8
108 8
108 8
109 7
110 9
110 8
111 8
112 7
112 8
113 8
114 9
115 9
115 8
116 8
116 8
117 8
118 8
118 8
119 8
120 8
121 8
121 9
