20 0
22 0
22 0
24 0
24 0
25 0
26 0
26 0
27 0
27 0
28 0
29 0
30 0
30 0
31 0
31 0
32 0
33 0
34 0
35 0
35 0
36 0
36 0
37 0
38 0
39 0
39 0
40 1
41 0
41 2
42 2
43 1
43 2
44 2
45 2
45 2
46 2
47 2
48 2
48 1
49 1
49 1
50 1
51 1
51 1
52 1
53 1
54 1
54 1
55 1
56 1
57 1
57 1
58 1
58 1
59 1
60 1
61 1
61 1
62 1
63 3
63 3
64 3
65 2
65 2
66 2
67 3
68 2
68 2
69 3
69 2
70 2
71 3
72 2
72 2
74 3
74 3
75 2
76 3
76 3
77 3
78 4
78 4
79 4
79 4
80 5
81 4
82 4
82 4
83 4
83 4
84 4
85 3
85 4
86 4
87 4
88 4
88 3
89 3
90 4
90 4
91 5
91 4
92 3
93 4
93 4
94 3
95 3
96 4
96 4
97 4
98 3
98 5
99 4
100 5
101 4
101 5
102 4
103 4
103 4
104 5
105 5
106 5
106 5
107 5
107 5
108 5
109 5
110 5
110 4
111 4
112 5
112 4
113 5
114 5
115 5
115 5
117 5
117 5
117 5
118 6
119 5
119 5
120 6
121 6
121 6
