20 0
22 0
23 0
23 0
24 0
25 0
25 0
26 0
27 0
28 0
28 0
29 0
29 0
30 0
31 0
32 0
32 0
33 0
33 0
34 0
35 0
35 0
36 0
37 0
38 0
39 0
40 0
41 0
41 0
42 0
42 1
43 1
44 1
44 1
45 1
46 1
47 1
47 1
48 1
49 1
49 1
50 1
50 1
51 1
52 1
53 1
53 1
54 1
55 2
56 1
56 1
57 1
57 1
58 1
59 1
60 1
60 1
61 2
62 1
62 1
63 1
63 1
64 1
65 1
66 1
66 2
67 1
68 2
68 2
69 2
70 3
70 2
71 2
72 2
72 2
73 3
74 4
75 3
75 4
76 4
77 4
77 5
78 4
79 4
79 5
81 5
81 4
81 4
82 4
83 5
84 4
84 5
85 5
86 5
86 4
87 5
88 5
88 5
89 5
90 5
90 4
91 5
92 5
92 5
93 5
94 5
94 5
95 5
96 5
97 5
98 5
99 6
99 5
100 5
101 5
101 5
102 6
102 5
103 5
104 6
104 6
105 5
106 6
107 6
107 6
108 6
109 6
109 7
110 6
111 6
111 6
112 5
113 6
113 5
114 5
115 6
115 5
116 5
117 5
117 5
118 5
119 6
120 6
120 6
121 6
