20 0
22 0
22 0
23 0
24 0
25 0
25 0
26 0
27 0
27 0
28 0
29 0
29 0
30 0
31 0
31 0
32 0
33 0
34 0
34 0
35 0
36 0
37 0
38 0
38 1
39 0
39 0
40 1
41 0
42 0
42 0
43 0
44 2
45 2
45 2
46 2
47 2
47 2
48 2
49 2
49 2
50 2
51 2
52 2
52 2
53 3
53 3
54 2
55 2
56 2
56 2
57 2
58 2
58 2
59 2
60 5
61 4
61 3
62 5
63 5
64 4
64 6
65 6
65 6
66 5
67 6
67 6
68 7
69 6
70 6
70 6
71 6
72 6
72 6
73 6
74 7
74 7
75 7
76 7
76 7
77 7
79 8
80 8
80 7
81 8
81 8
82 7
83 9
83 9
84 10
85 10
85 11
86 9
87 9
88 10
88 10
89 10
90 9
90 10
91 10
92 10
92 10
93 10
94 10
94 10
95 10
96 10
97 10
97 10
98 10
99 10
99 10
100 10
101 11
101 11
102 11
103 10
104 11
105 10
105 10
106 10
107 10
107 11
108 10
109 10
109 9
110 10
111 9
111 9
112 10
113 9
114 9
114 9
115 8
116 9
117 9
117 8
119 8
119 9
120 8
120 7
121 7
122 8
