20 0
22 0
22 0
23 0
24 0
25 0
25 0
26 0
26 0
28 0
28 0
29 0
29 0
30 1
31 1
31 1
32 1
33 1
33 1
34 1
35 1
36 1
36 1
37 1
38 1
38 1
39 1
40 1
41 1
42 1
42 1
43 1
44 1
44 1
45 1
46 1
47 1
47 1
47 1
48 1
49 2
50 1
50 1
51 3
52 3
53 2
53 2
54 2
54 3
55 3
56 2
57 3
57 3
58 3
59 3
59 3
60 3
61 3
62 3
62 3
63 4
64 4
64 4
65 4
66 5
66 4
67 4
68 6
69 4
69 5
70 4
71 4
71 3
72 4
73 5
74 6
74 5
75 4
76 5
76 5
77 5
78 5
78 5
79 5
80 5
81 5
81 5
82 5
83 5
83 5
84 5
85 5
86 7
87 8
87 9
88 8
88 7
89 7
90 8
91 8
91 9
92 9
93 9
93 8
94 10
95 9
96 10
96 8
96 8
97 7
98 8
99 7
100 6
100 7
101 5
101 7
102 6
103 6
104 7
104 6
105 7
106 7
107 7
107 6
108 8
108 7
109 9
110 9
111 8
111 9
112 6
113 7
114 7
114 8
115 7
116 8
116 9
117 7
117 8
118 7
119 7
120 7
120 7
121 7
122 7
