20 0
22 0
22 0
23 0
24 0
25 0
25 0
26 0
26 0
27 0
28 0
29 0
29 0
30 0
31 0
32 0
32 0
33 0
33 0
34 0
35 0
36 0
36 0
37 0
38 0
38 0
39 0
40 0
41 0
41 0
42 0
42 0
43 0
44 0
44 0
46 0
46 0
47 0
47 0
48 0
49 0
49 1
50 0
51 1
51 1
52 1
53 0
54 1
54 1
56 2
56 1
57 1
57 1
58 1
59 1
59 1
60 1
61 1
61 1
62 2
63 1
63 2
64 1
65 1
65 1
66 1
67 1
68 1
69 2
69 2
70 2
71 2
71 2
72 2
73 2
73 2
74 2
74 2
75 2
76 2
76 5
77 3
78 3
79 4
79 3
80 4
80 4
81 6
82 5
83 4
84 6
84 6
85 6
86 5
86 6
87 6
88 5
88 5
90 5
90 5
91 7
91 7
92 7
93 6
93 6
94 5
95 5
95 7
96 6
97 8
97 8
98 7
99 9
99 10
100 9
101 7
102 10
103 9
103 10
104 9
104 9
105 9
106 9
106 8
107 9
108 9
109 9
109 9
110 9
110 9
111 9
112 9
113 9
113 9
114 9
115 9
115 9
116 8
117 9
118 9
118 8
119 8
120 8
120 9
121 9
121 9
