20 0
22 0
23 0
23 0
24 0
25 0
25 0
26 0
27 0
27 0
28 0
29 0
30 0
30 0
31 0
32 0
32 0
33 0
34 0
34 0
35 0
36 0
37 0
38 0
38 0
39 0
40 0
41 0
41 0
42 0
42 0
43 0
44 1
45 0
45 1
46 1
47 1
47 3
48 1
49 1
49 1
50 1
51 1
51 1
52 2
53 2
54 3
54 4
55 1
56 2
57 3
57 3
58 3
58 2
59 4
60 3
61 3
61 3
62 3
63 3
63 3
64 3
65 3
66 3
66 4
67 3
68 5
68 3
69 4
70 6
70 4
71 4
72 5
73 5
73 5
74 5
75 5
75 6
76 6
77 6
78 7
78 7
79 6
80 7
80 7
81 7
82 7
83 8
83 8
84 8
84 8
85 8
86 7
87 8
88 7
88 7
89 7
90 8
91 7
91 7
92 7
92 8
93 8
94 8
95 8
95 8
96 8
97 8
97 8
98 9
98 8
99 9
100 9
101 9
102 9
102 8
103 9
103 8
105 8
105 9
106 9
106 9
107 8
108 8
108 8
109 8
110 9
111 8
111 8
112 8
113 9
114 9
114 8
115 9
116 8
116 8
117 8
117 8
119 8
119 9
119 9
120 9
121 9
122 9
