20 0
22 0
23 0
23 0
24 0
25 0
26 0
26 0
27 0
27 0
28 0
29 0
30 0
30 0
31 0
32 0
32 0
33 0
34 0
35 0
35 0
36 0
37 0
38 0
38 0
39 0
40 0
40 0
41 1
42 0
42 0
43 0
44 1
44 2
45 2
46 1
46 2
47 0
48 1
48 0
49 1
50 1
51 2
51 2
52 1
53 2
53 2
54 2
55 2
56 3
56 3
57 3
58 3
58 3
59 2
59 3
60 3
61 3
61 3
62 2
63 2
64 3
64 3
65 3
66 3
66 3
67 3
68 3
69 3
69 3
70 3
70 4
71 4
72 4
72 4
73 4
74 4
75 4
76 4
76 4
77 5
77 4
79 4
79 5
79 5
80 4
81 4
81 4
82 5
83 5
84 5
84 5
85 5
86 5
87 5
87 5
89 5
89 5
90 5
90 5
91 5
92 5
93 5
93 5
94 5
94 6
95 5
96 5
97 4
97 4
98 4
99 4
99 4
100 4
101 4
101 5
102 4
104 4
104 4
105 4
106 4
106 5
107 4
107 4
108 4
109 4
109 4
110 6
111 5
111 5
112 5
113 6
114 6
114 7
116 7
116 7
117 6
117 7
118 7
119 7
119 7
120 7
121 7
121 7
