20 0
22 0
23 0
23 0
24 0
25 0
26 0
26 0
27 0
28 0
28 0
29 0
30 0
31 1
31 0
32 1
32 1
33 1
34 2
34 2
35 2
36 1
37 2
37 1
38 1
38 1
39 2
40 2
41 2
41 2
42 2
43 2
43 2
44 2
45 2
46 2
46 2
47 2
48 2
48 3
49 2
50 3
50 2
51 3
52 4
52 3
53 4
54 4
54 4
55 5
56 5
56 6
57 5
58 6
59 6
59 5
60 5
61 6
61 6
62 5
63 5
63 6
64 7
65 6
65 7
66 6
67 6
67 6
68 6
69 7
70 7
70 7
71 7
72 8
73 7
73 7
74 8
74 8
75 7
76 6
77 8
77 8
78 7
79 7
79 7
80 7
81 7
81 7
82 7
83 7
84 7
84 7
85 7
86 8
86 7
87 7
87 7
89 7
89 7
90 7
91 7
91 8
92 8
93 7
94 8
94 7
95 7
95 7
96 7
97 7
98 7
98 7
99 7
100 7
100 7
101 7
101 7
103 7
103 7
104 7
105 7
105 7
106 7
107 7
107 7
108 7
109 7
109 7
110 7
111 7
111 7
112 7
112 7
113 7
114 7
114 7
115 7
116 7
117 7
117 7
118 7
119 7
119 8
120 8
121 7
