20 0
22 0
23 0
23 0
24 0
25 0
25 0
26 0
27 0
28 0
28 0
29 0
30 0
30 0
31 0
32 0
33 0
33 0
34 0
34 0
36 0
36 0
37 0
37 0
38 0
39 0
40 0
40 0
41 1
42 0
43 1
43 2
44 1
45 2
45 1
46 1
47 2
47 2
48 1
49 2
49 2
50 1
51 2
52 4
52 3
53 3
54 3
54 4
55 5
56 3
57 4
57 4
58 4
59 6
60 5
60 5
61 5
62 5
62 4
63 5
64 5
65 4
65 6
66 5
67 4
67 6
68 6
69 5
69 6
70 6
71 5
72 6
73 6
73 5
74 5
74 5
75 5
76 6
77 5
77 5
78 5
79 6
80 5
81 4
81 7
82 5
83 7
83 7
84 7
84 6
86 7
86 8
87 7
87 7
88 7
89 6
90 7
90 6
91 7
92 6
92 6
93 5
94 8
95 7
95 7
96 7
97 7
97 7
98 7
99 6
99 9
100 5
101 6
102 8
102 7
103 6
104 6
105 7
105 7
106 7
107 7
107 6
108 8
109 8
109 8
110 8
111 9
112 10
113 11
113 9
114 9
115 10
115 10
116 10
117 11
117 10
118 10
119 11
119 10
120 10
121 11
121 11
