20 0
22 0
23 0
23 0
24 0
25 0
25 0
26 0
27 0
28 0
28 0
29 0
30 0
30 0
31 0
32 0
32 0
33 0
34 0
34 0
35 0
36 0
37 0
37 0
38 0
39 0
39 0
40 0
41 0
41 1
42 1
43 1
43 1
44 1
45 1
45 1
46 1
47 1
48 1
49 1
49 1
50 2
51 2
51 1
52 2
53 1
53 2
54 2
55 2
55 2
56 2
57 2
57 2
58 2
59 1
60 2
60 1
61 1
62 1
63 2
64 1
64 1
65 1
66 2
66 1
67 3
67 3
68 2
69 3
70 3
70 3
71 3
72 3
72 2
73 5
74 5
74 4
75 4
76 3
77 3
77 5
78 3
79 4
80 4
81 4
81 5
82 5
82 5
83 5
84 4
84 4
85 4
86 5
87 5
87 6
88 5
89 5
90 5
90 6
91 5
92 5
92 5
93 7
94 5
94 6
95 6
96 6
96 6
97 5
98 5
98 5
99 7
100 6
100 6
101 6
102 6
103 6
104 6
104 7
105 7
106 8
106 7
107 7
108 7
108 6
109 7
110 7
110 7
111 7
112 6
112 7
113 7
114 8
115 7
116 7
116 7
117 7
118 8
118 7
119 6
120 6
120 6
121 6
122 6
