20 0
22 0
23 0
23 0
24 0
25 0
26 0
26 0
27 0
27 0
29 0
29 0
30 0
30 0
31 0
32 0
32 0
33 0
33 1
34 0
35 1
36 0
37 1
37 1
38 1
39 1
40 1
40 1
41 1
43 1
42 1
43 1
44 2
44 1
45 1
46 1
46 2
47 2
48 2
49 2
50 2
51 2
51 2
52 2
53 2
53 3
54 2
54 3
55 2
56 2
57 4
57 3
58 4
59 4
59 4
60 5
61 4
62 4
62 4
63 5
64 4
65 5
65 5
66 5
67 6
67 7
68 7
69 6
70 5
70 5
71 5
72 5
72 4
73 7
74 6
75 9
75 8
76 7
76 7
77 8
78 7
79 7
79 7
80 7
81 7
81 8
82 7
83 7
84 8
84 8
85 7
86 8
87 9
87 9
88 9
88 10
89 10
90 9
91 10
92 10
92 9
93 9
94 9
94 8
95 8
96 10
96 9
97 9
98 9
99 7
100 8
100 7
101 7
101 7
102 7
103 9
103 8
104 8
105 8
106 11
106 8
107 9
108 11
108 11
109 10
110 9
110 9
111 10
112 10
113 9
113 8
114 8
115 11
116 8
116 8
117 8
118 8
118 7
120 8
120 8
121 7
122 8
122 7
