20 0
22 0
23 0
23 0
24 0
24 0
25 0
27 0
27 0
28 0
28 0
29 0
30 0
31 0
31 0
32 0
32 0
33 0
33 0
34 0
35 0
35 0
36 0
37 0
38 0
39 0
39 0
40 0
40 0
41 0
42 0
43 0
44 0
44 1
45 1
45 1
46 1
47 1
48 1
48 1
49 2
50 2
51 1
51 1
52 2
52 3
53 3
54 3
55 2
55 4
56 4
57 4
57 5
58 5
59 4
60 5
60 5
61 5
62 5
62 5
63 5
64 5
65 5
65 5
66 5
67 4
68 4
68 5
69 5
69 4
70 4
71 4
71 4
72 4
73 4
74 4
75 4
75 4
76 4
77 4
77 4
78 4
78 4
79 4
80 4
80 4
81 5
82 4
83 4
83 4
84 4
85 4
86 5
86 5
87 5
88 5
88 5
89 5
90 5
90 5
91 5
92 5
92 4
93 4
93 5
94 4
95 4
95 5
96 4
97 5
98 5
98 5
99 5
100 5
100 5
101 5
102 5
102 5
103 5
104 5
104 5
105 5
106 5
106 4
107 4
109 4
109 4
109 4
110 4
111 4
112 5
112 5
113 4
114 4
114 4
116 4
117 4
117 4
118 4
118 4
119 5
120 4
120 4
122 4
122 4
