20 0
22 0
23 0
23 0
24 0
25 0
25 0
26 0
27 0
27 0
28 0
29 0
29 0
30 0
31 0
32 0
32 0
33 0
34 0
35 0
35 0
36 0
36 0
37 0
38 0
39 0
39 0
40 0
41 0
41 0
42 0
43 0
43 0
44 0
45 0
45 0
46 1
47 0
47 0
48 0
49 0
49 0
50 0
51 0
51 0
52 0
53 0
53 0
54 0
55 0
55 0
56 0
57 0
57 0
58 0
59 0
60 0
60 0
61 2
62 1
63 1
63 1
64 1
65 1
65 1
66 1
67 2
67 1
68 2
69 1
70 2
70 2
71 2
72 2
73 2
73 2
74 2
75 2
75 3
76 3
77 3
77 3
78 3
79 3
79 2
80 3
81 3
82 2
82 4
83 4
84 3
84 4
85 3
86 4
86 4
87 5
88 5
88 6
89 6
90 6
90 6
91 6
92 6
93 7
94 7
95 7
95 6
96 6
96 6
97 6
98 6
99 6
99 7
100 6
101 6
101 6
102 6
103 6
103 6
104 6
105 6
105 6
106 6
106 6
107 6
108 6
108 6
109 6
110 6
111 6
111 6
112 6
113 7
113 7
114 6
115 6
116 6
116 6
117 6
118 6
118 6
119 6
120 6
120 7
121 7
