20 0
22 0
23 0
24 0
24 0
25 0
26 0
27 0
27 0
28 0
29 0
30 0
30 0
31 0
32 0
33 0
33 0
34 0
34 0
35 0
36 0
36 0
37 0
38 0
39 0
40 0
40 0
41 0
42 0
42 0
43 0
44 0
44 1
45 1
45 0
46 1
47 1
48 1
49 2
49 1
50 1
51 2
51 1
52 2
53 1
53 2
54 1
55 2
55 2
56 3
57 4
57 3
58 4
59 4
60 3
60 4
61 4
62 4
62 5
63 4
64 5
64 4
65 5
66 5
66 5
67 5
68 6
69 7
69 9
71 8
71 9
72 9
72 9
73 8
74 7
74 8
75 9
76 8
77 8
77 9
78 9
79 9
79 9
80 9
81 9
82 9
82 9
83 9
84 9
85 9
85 9
86 9
86 9
87 9
88 8
88 9
89 8
90 8
91 8
91 8
92 8
93 8
93 8
94 7
95 7
96 7
96 7
97 7
98 8
98 7
99 7
100 7
100 7
101 8
102 8
102 7
103 8
104 8
104 7
105 8
106 8
107 8
107 8
108 8
109 8
109 8
110 8
111 8
111 8
113 8
113 8
114 8
114 8
115 8
116 8
116 8
117 8
118 8
119 8
119 8
120 8
121 8
121 8
