20 0
22 0
23 0
23 0
24 0
24 0
25 0
26 0
26 0
27 0
28 0
29 0
29 0
30 0
31 0
31 0
32 0
33 0
34 0
34 0
35 0
35 0
36 0
37 0
38 0
38 0
39 0
40 0
41 0
41 1
42 1
43 1
43 2
45 2
45 1
46 2
47 2
47 2
48 2
49 2
49 2
50 2
51 2
52 2
52 2
53 2
53 2
54 2
55 2
56 2
56 3
57 2
58 2
58 2
59 3
60 3
60 3
61 3
61 3
62 3
63 3
64 3
64 3
65 4
66 3
66 3
67 3
68 4
68 5
69 4
70 5
70 4
71 6
72 6
72 4
73 4
74 5
75 4
76 6
76 5
77 7
77 7
78 7
79 8
79 8
80 8
81 8
81 8
82 8
83 8
83 8
84 8
85 8
85 9
86 9
87 9
87 9
88 9
89 9
89 9
90 9
91 8
91 7
92 8
93 7
94 8
94 7
95 7
96 7
97 7
97 7
98 7
99 7
99 8
100 8
101 8
101 8
102 8
103 8
103 8
104 8
105 8
105 8
106 8
107 8
108 8
108 9
109 8
110 8
111 8
111 8
112 8
112 8
113 8
114 8
114 8
115 8
116 8
116 8
117 8
118 8
118 8
119 8
120 8
120 8
121 8
