20 0
22 0
22 0
23 0
24 0
24 0
26 0
26 0
27 0
28 0
28 0
29 0
30 0
30 0
31 0
32 0
33 0
33 1
34 1
35 1
35 0
36 1
37 1
37 2
38 1
39 1
40 2
41 1
41 2
42 2
42 2
43 2
44 1
45 1
45 1
46 1
47 1
48 1
48 1
49 1
50 1
50 1
51 1
52 1
52 1
53 1
54 1
55 1
55 2
56 2
57 2
57 2
58 2
59 2
60 4
60 2
61 2
62 2
63 2
63 2
64 2
65 2
66 2
66 3
67 2
67 3
68 2
69 3
70 3
71 3
71 4
72 3
72 3
73 3
74 3
74 3
75 3
76 3
77 4
77 3
78 4
79 5
80 5
80 5
81 5
82 6
82 5
83 6
84 6
84 5
85 6
86 5
87 4
87 4
88 4
89 4
89 4
90 4
91 4
92 4
92 4
93 5
94 5
95 5
95 4
96 5
97 5
97 5
98 4
99 4
99 4
101 4
101 4
102 5
102 4
103 4
104 4
105 5
105 4
106 5
107 5
108 5
108 4
109 4
109 4
110 5
111 5
112 5
112 5
113 5
114 5
115 5
116 5
116 5
116 5
117 5
118 5
119 5
120 5
120 5
121 5
