20 0
22 0
22 0
23 0
24 0
25 0
25 0
26 0
27 0
28 0
28 0
29 0
30 0
30 0
31 0
32 0
33 0
33 0
34 0
34 0
35 0
36 0
37 0
38 0
39 0
39 0
40 0
40 0
41 0
42 0
43 0
43 0
44 0
45 0
46 0
46 0
47 0
48 0
48 0
49 1
50 1
51 1
51 1
52 1
53 0
53 1
54 1
55 0
55 1
56 1
57 1
57 1
58 1
59 1
59 0
60 0
61 2
61 2
63 2
63 2
64 2
64 2
65 1
66 2
66 2
68 1
68 2
69 2
69 2
70 1
71 2
72 2
73 2
73 1
74 2
74 2
75 1
76 2
77 1
77 1
78 1
79 1
79 1
81 1
81 1
82 1
82 1
83 1
84 1
84 1
85 1
86 1
86 1
87 1
89 1
89 1
90 1
91 1
91 1
92 1
92 1
93 1
94 1
95 1
96 1
96 1
97 1
98 1
98 1
99 1
99 1
100 1
101 1
102 2
102 1
103 1
103 1
104 1
105 1
106 1
106 2
107 1
108 2
108 2
109 1
110 2
111 3
111 3
112 3
113 4
114 3
114 4
115 4
116 4
116 4
118 4
118 4
119 4
119 4
120 4
121 4
121 4
