20 0
22 0
22 0
23 0
24 0
24 0
25 0
26 0
27 0
27 0
28 0
29 0
29 0
30 0
31 0
32 0
32 0
33 0
34 0
34 0
35 0
36 0
36 0
37 0
38 0
39 0
39 0
40 0
41 0
42 0
42 0
43 0
44 0
45 0
45 1
46 0
47 0
47 1
48 1
48 2
49 0
50 1
51 0
52 0
52 1
53 2
54 1
54 1
55 2
56 2
56 2
57 2
58 3
58 2
59 3
60 3
61 3
62 2
62 3
63 3
64 3
65 3
65 2
66 4
66 4
67 4
68 4
69 3
70 4
70 5
71 4
72 4
72 4
73 4
74 4
75 4
75 4
76 5
77 4
77 4
78 5
79 4
79 6
80 6
81 6
82 4
82 5
83 5
84 5
84 5
85 7
86 7
86 7
88 6
88 7
89 7
89 7
90 7
90 7
91 7
92 7
93 8
93 7
94 8
95 8
95 8
96 8
97 8
97 8
98 8
99 8
99 8
100 8
101 8
102 8
102 9
103 9
104 9
104 9
105 9
106 9
106 9
107 9
108 9
109 9
110 9
111 9
111 9
112 10
112 9
113 9
114 9
114 10
115 11
116 10
116 11
118 10
118 11
119 11
120 12
120 12
122 12
122 12
123 12
