20 0
22 0
23 0
23 0
24 0
24 0
25 0
26 0
27 0
28 0
29 0
29 0
30 0
30 0
31 0
32 0
33 0
33 0
34 0
34 0
35 0
36 0
36 0
37 0
38 1
39 1
39 1
40 1
40 1
41 1
42 1
42 1
43 2
44 2
45 2
45 1
46 2
47 2
48 1
48 1
49 2
49 2
50 1
51 2
51 2
52 2
53 2
54 2
54 2
55 2
56 2
56 5
57 5
58 5
58 6
59 6
60 6
61 6
61 6
62 6
62 6
63 6
64 6
65 5
65 7
66 7
67 7
67 5
68 5
69 5
69 5
70 5
71 5
71 5
73 5
73 6
73 6
74 6
75 6
76 5
76 5
77 5
77 5
78 5
79 5
79 5
80 5
82 5
83 5
83 6
84 6
84 6
85 6
86 6
86 6
87 6
88 6
88 6
89 5
90 6
90 6
91 7
92 7
93 6
93 6
94 7
95 7
95 7
96 7
96 7
97 6
98 7
98 7
99 6
100 6
100 7
101 6
102 8
103 7
103 6
104 6
105 7
105 7
106 7
107 7
107 7
108 7
109 6
109 6
110 7
111 7
112 7
112 7
112 7
113 7
114 7
115 7
115 7
116 7
117 7
117 7
118 7
119 7
119 7
120 8
121 7
121 7
