20 0
22 0
22 0
23 0
24 0
25 0
25 0
26 0
27 0
28 0
28 0
29 0
30 0
30 0
31 0
32 0
33 0
33 0
34 0
35 0
36 0
36 0
37 0
37 0
38 0
39 0
40 0
41 0
41 0
42 0
42 0
43 0
44 0
46 0
46 0
47 0
48 0
48 0
49 1
50 0
50 1
51 1
52 1
53 1
53 1
54 2
55 2
56 1
56 1
57 1
57 2
58 2
59 2
60 2
60 2
61 2
62 1
63 1
63 1
64 1
65 2
65 1
66 1
67 1
68 1
68 1
69 3
69 4
70 2
71 3
72 2
72 2
73 2
74 4
75 4
76 4
77 6
78 5
79 5
79 6
79 5
80 5
80 5
81 5
82 5
83 6
83 6
84 5
85 5
86 6
86 7
87 7
88 7
89 7
89 7
90 6
91 6
92 7
92 6
93 7
94 7
94 7
95 7
95 7
96 7
97 7
97 7
98 6
99 7
100 7
100 6
102 6
102 7
103 6
103 6
104 6
105 7
105 6
106 7
107 6
108 6
109 6
109 6
110 6
110 7
111 8
112 8
112 8
113 8
114 8
115 8
115 8
116 8
117 7
117 8
118 8
119 8
120 8
120 7
121 8
