20 0
22 0
22 0
23 0
24 0
25 0
25 0
26 0
27 0
27 0
28 0
29 0
30 0
31 0
31 0
32 0
32 0
33 0
34 0
35 0
35 0
36 0
37 0
37 0
38 0
39 0
40 0
40 0
41 0
42 0
43 0
43 0
44 0
45 0
45 0
46 0
47 0
47 0
48 0
49 0
50 0
51 0
51 0
52 0
52 0
53 0
54 0
55 0
55 0
56 0
57 0
57 1
58 1
59 1
60 1
61 2
61 1
62 2
63 4
63 3
64 3
64 3
65 3
66 4
67 3
68 3
68 4
69 2
70 4
70 4
71 4
72 4
72 4
73 4
74 4
75 5
75 5
76 6
77 8
78 6
78 7
79 8
80 7
81 7
81 7
82 6
82 7
83 8
84 9
85 9
86 7
86 6
87 8
88 8
88 9
89 9
90 9
91 9
91 8
92 10
93 9
94 10
95 8
95 9
96 10
97 9
97 9
98 9
99 9
99 10
100 9
101 9
101 9
102 9
103 10
103 9
104 8
106 10
106 9
106 9
107 10
108 10
109 9
109 10
110 9
111 10
111 10
112 9
113 10
113 10
115 10
115 11
116 11
116 10
117 10
118 10
118 10
119 10
120 10
121 11
121 11
