20 0
22 0
22 0
23 0
24 0
25 0
26 0
26 0
27 0
28 0
28 0
29 0
30 0
31 0
31 0
32 0
33 0
33 0
34 0
34 0
35 0
36 0
37 0
37 0
38 0
39 0
40 0
40 0
41 0
41 0
42 0
43 0
44 0
45 0
45 0
47 0
47 0
47 0
48 0
48 0
49 0
50 0
51 0
51 0
52 0
53 0
54 0
54 0
55 0
55 0
56 0
57 0
58 1
59 1
59 1
60 1
60 2
61 2
62 2
63 2
64 4
64 3
65 4
65 4
66 4
67 5
67 5
69 5
69 5
70 5
71 5
72 4
72 5
72 5
73 5
74 6
75 5
76 4
77 5
77 4
78 5
79 5
79 7
80 5
80 6
81 6
82 6
83 7
83 8
84 7
84 8
85 7
86 7
87 7
87 8
88 7
89 7
89 7
90 7
91 7
91 8
92 8
93 8
93 8
94 8
95 8
96 8
96 8
97 8
98 8
99 8
99 8
100 8
101 8
101 8
102 8
103 10
103 8
105 8
105 8
106 7
106 8
107 8
108 7
108 7
109 8
110 8
111 7
111 8
112 8
112 8
113 8
114 8
115 8
115 8
116 8
117 8
118 8
119 8
119 7
120 8
120 8
121 8
122 7
