20 0
22 0
22 0
23 0
24 0
25 0
25 0
26 0
27 0
27 0
28 0
29 0
30 0
30 0
31 0
32 1
32 0
33 1
34 0
35 1
35 1
36 2
37 1
37 1
38 1
39 1
40 1
40 1
41 1
42 1
43 1
43 1
44 1
45 1
46 1
47 2
47 2
48 4
48 3
49 3
50 3
50 3
51 3
52 3
52 3
53 3
54 5
55 3
56 3
56 5
57 4
58 5
58 5
59 3
60 4
60 3
61 4
62 4
63 4
63 3
64 3
65 4
65 4
66 4
67 4
68 4
68 3
69 3
70 3
71 3
71 3
72 3
73 3
73 3
74 3
74 3
76 3
76 3
76 3
77 3
78 3
79 3
80 4
81 3
81 3
82 3
83 3
83 5
84 3
85 3
85 4
86 4
87 4
87 4
88 5
89 5
90 5
90 5
91 6
92 6
92 5
93 5
94 6
95 6
95 5
96 6
97 5
98 6
98 7
99 6
99 7
100 7
101 6
102 6
102 7
103 7
104 7
105 7
105 7
106 7
107 7
107 7
108 6
109 6
110 6
110 6
111 6
112 6
112 6
113 6
114 6
114 6
115 6
116 6
117 7
117 6
118 6
119 6
119 6
120 6
121 6
121 6
