20 0
22 0
23 0
23 0
24 0
25 0
25 0
26 0
27 0
27 0
28 0
29 0
29 0
30 0
31 0
32 0
32 0
33 0
33 0
34 0
35 0
36 0
36 0
37 0
38 0
39 0
39 0
40 0
41 0
41 0
42 0
43 0
43 0
44 0
45 1
45 1
46 1
47 1
48 1
48 1
49 1
50 2
50 1
51 2
52 1
52 2
53 4
54 4
54 2
55 3
56 3
56 2
57 3
58 2
59 3
59 5
60 4
61 4
61 4
62 7
63 5
64 4
64 5
65 6
66 7
66 8
67 6
68 7
69 8
69 9
70 8
71 9
72 7
72 7
72 7
73 7
74 7
75 7
75 8
76 7
76 7
77 7
78 7
79 8
79 8
80 8
81 8
82 7
82 8
83 7
83 8
84 9
85 8
86 9
87 9
87 8
88 10
88 9
90 8
90 8
91 8
92 8
92 9
92 9
93 9
94 9
94 9
95 9
96 9
96 9
98 9
98 9
99 8
99 8
100 8
101 9
102 7
102 9
103 9
104 9
104 8
105 8
106 8
106 7
107 7
108 8
109 7
110 7
110 8
111 8
112 8
112 7
113 7
113 8
114 8
115 8
116 8
116 8
117 7
118 7
118 7
119 7
120 8
120 8
121 8
122 8
