20 0
22 0
22 0
23 0
24 0
24 0
25 0
26 0
27 0
28 0
28 0
29 0
30 0
31 0
31 0
32 0
32 0
33 0
34 0
35 0
35 0
36 0
37 0
38 0
38 0
39 1
40 1
40 0
41 1
42 1
43 1
44 1
44 1
45 1
45 2
46 2
47 2
47 3
48 3
49 3
50 3
51 4
51 4
52 4
53 4
53 5
54 4
55 4
55 4
56 5
57 4
57 4
58 4
59 4
60 5
60 5
61 4
62 5
62 5
63 4
64 5
65 4
65 4
66 5
67 5
67 5
68 5
69 5
70 5
71 5
71 5
72 6
73 5
73 6
74 6
74 7
75 6
76 8
77 7
78 7
78 8
79 6
80 6
80 6
81 7
82 6
83 7
83 7
84 7
85 6
85 6
86 8
87 9
87 9
88 8
89 9
90 7
90 7
91 8
91 7
92 7
93 7
94 8
94 8
95 8
96 7
97 8
98 8
98 9
99 8
99 8
100 9
101 7
102 8
102 8
103 7
103 8
104 8
105 8
105 8
106 9
107 8
108 9
109 8
109 9
110 9
111 8
112 8
113 9
113 8
114 9
114 9
115 9
116 9
117 8
117 9
118 9
119 9
119 8
120 9
121 9
122 9
