20 0
22 0
23 0
23 0
24 0
25 0
25 0
26 0
27 0
27 0
28 0
29 0
30 0
30 0
31 0
31 0
32 0
33 0
34 0
34 0
35 0
36 0
37 0
37 0
38 0
39 0
40 1
40 1
41 0
42 1
42 0
43 1
44 0
44 1
45 3
46 3
46 2
47 2
48 5
49 4
49 3
50 4
50 4
51 5
52 6
53 6
53 6
54 6
56 6
56 6
57 4
57 5
58 6
59 7
59 6
60 7
61 5
61 5
62 6
63 7
63 6
64 7
65 7
65 7
66 7
67 7
67 7
68 7
69 7
70 8
70 7
71 6
71 8
72 7
73 7
74 7
74 7
75 8
75 8
77 8
77 8
78 8
78 8
80 8
80 8
80 9
81 8
82 8
83 9
83 9
84 9
84 9
86 9
86 8
87 9
87 9
88 9
89 10
89 9
90 9
91 9
91 9
92 9
93 9
94 9
94 10
95 9
96 9
96 10
97 11
99 10
99 12
99 11
100 11
101 11
102 11
102 11
103 11
103 11
104 11
105 11
105 11
106 12
107 10
107 11
108 10
109 11
109 9
110 9
111 9
112 9
112 9
113 9
114 9
114 9
115 10
116 9
116 9
117 9
118 9
118 9
119 9
120 9
121 9
121 8
122 8
122 8
