20 0
22 0
23 0
23 0
24 0
25 0
25 0
26 0
27 0
28 0
28 0
29 0
29 0
30 0
31 0
32 0
32 0
33 0
34 0
34 0
35 0
36 1
37 0
37 0
38 0
38 1
39 1
40 1
41 1
42 1
42 1
43 1
44 1
44 1
45 1
46 2
46 1
47 1
48 1
49 2
50 1
50 1
51 2
52 2
52 2
53 2
54 1
54 2
55 2
56 2
56 2
58 2
58 2
59 2
59 2
60 2
61 2
61 2
62 2
63 2
64 2
64 2
65 2
66 2
66 2
67 2
68 2
69 2
69 2
70 2
71 2
72 2
72 2
73 2
73 2
74 2
75 2
75 2
76 2
77 2
78 2
79 2
79 2
80 2
81 2
81 2
82 3
83 2
84 2
84 2
85 2
85 3
86 3
87 3
87 3
88 4
89 3
90 3
90 3
91 3
92 3
92 4
93 5
94 3
94 3
96 4
96 3
97 4
98 5
98 5
99 5
100 4
100 4
101 4
102 4
102 5
103 4
104 4
105 5
106 4
106 4
107 5
107 5
109 5
109 5
110 5
110 5
111 5
112 5
113 5
113 4
114 5
114 5
115 5
116 5
117 5
117 5
118 5
119 5
120 6
120 6
121 5
