20 0
22 0
23 0
23 0
24 0
25 0
25 0
26 0
27 0
28 0
28 0
29 0
30 0
30 0
31 0
32 0
32 0
33 0
34 0
34 0
35 0
36 0
36 0
37 0
38 0
39 0
39 0
40 0
41 0
42 0
42 0
43 0
44 1
44 1
46 1
46 0
47 2
47 0
48 0
49 1
50 0
50 1
51 0
52 2
52 1
53 2
54 1
54 2
55 2
56 2
57 2
57 2
58 2
59 2
59 2
60 2
61 3
61 3
62 4
63 4
64 4
64 4
65 4
66 5
66 4
67 6
68 5
69 6
70 6
70 6
71 5
71 5
73 7
73 6
73 7
74 7
75 6
76 4
77 5
77 5
78 5
79 5
79 5
80 6
81 5
81 6
82 6
83 5
83 5
84 5
85 6
85 5
86 5
87 5
88 6
88 6
89 6
90 6
90 6
91 6
92 5
92 6
93 6
94 6
95 6
95 6
96 6
97 6
97 6
98 6
99 6
100 6
100 6
101 6
102 6
102 6
104 7
104 6
104 7
105 7
106 6
107 6
107 6
108 6
109 6
109 7
110 7
111 7
112 7
112 7
113 6
114 6
115 5
115 6
116 6
117 6
118 6
118 6
119 6
119 6
121 6
121 6
