20 0
22 0
22 0
23 0
24 0
25 0
25 0
26 0
27 0
28 0
28 0
29 0
30 0
30 0
31 0
32 0
32 0
33 0
34 0
34 0
35 0
36 0
37 0
37 0
38 0
39 0
39 0
40 0
41 0
42 0
43 1
43 0
44 0
44 0
46 1
46 2
47 1
47 1
48 2
49 1
49 2
50 2
50 3
52 4
52 3
53 3
53 3
54 3
55 3
56 4
57 4
58 4
58 4
59 4
59 4
60 4
61 4
61 4
62 4
63 4
63 5
64 4
65 4
65 5
66 3
67 3
68 4
69 3
69 4
70 4
71 3
71 5
72 5
72 5
73 5
74 5
74 4
75 5
76 5
76 5
77 5
78 5
78 5
79 5
80 5
80 5
81 5
82 5
83 5
83 6
84 5
85 5
85 5
86 5
87 5
87 5
88 5
89 5
90 5
90 5
91 5
92 5
92 5
93 5
94 5
94 5
95 6
96 5
96 5
97 5
98 6
99 6
100 5
100 6
101 5
102 5
102 5
103 5
103 5
104 5
105 5
106 5
107 5
107 5
108 7
109 6
109 6
110 6
110 7
111 6
112 7
113 6
114 7
115 6
116 6
116 6
116 6
117 6
118 5
119 6
119 6
120 5
121 7
122 6
