20 0
22 0
22 0
23 0
24 0
25 0
25 0
26 0
27 0
27 0
28 0
29 0
29 0
30 0
31 0
31 0
32 0
33 0
34 0
34 0
35 0
35 0
36 0
37 0
37 0
38 0
39 0
40 0
40 0
41 0
41 0
42 0
43 0
43 0
44 0
45 0
46 0
46 0
47 0
48 0
49 0
49 0
50 0
51 0
51 0
52 0
52 0
54 0
54 0
55 0
55 0
57 0
58 0
58 0
59 0
60 0
60 0
61 0
61 0
62 0
63 0
63 0
64 0
65 0
65 1
66 1
67 2
68 1
68 1
69 1
69 1
70 1
71 1
71 1
72 1
73 2
74 1
74 1
75 2
76 1
77 1
77 1
78 1
78 0
79 1
80 1
81 1
81 1
82 1
83 1
84 1
84 1
85 1
85 1
86 1
87 1
88 1
88 1
89 1
90 1
90 1
91 2
92 1
92 2
93 1
94 1
94 1
95 1
96 1
96 1
97 1
98 1
98 1
99 2
100 2
101 2
101 1
102 1
103 1
103 1
104 1
105 1
106 2
106 1
107 2
108 1
108 3
109 2
110 2
110 2
111 2
112 2
112 3
113 3
114 2
115 3
115 3
116 2
117 3
117 3
118 3
119 3
119 3
120 3
120 3
121 3
122 3
