20 0
22 0
22 0
23 0
24 0
25 0
25 0
26 0
27 0
27 0
28 0
29 0
29 0
30 0
31 0
31 0
32 0
33 0
34 0
34 0
35 0
35 0
36 0
37 0
38 0
38 1
39 0
40 0
40 0
41 0
42 0
43 0
43 0
44 0
45 0
45 0
46 0
47 0
48 0
48 0
49 0
49 0
50 0
51 0
51 0
52 0
53 0
54 0
54 0
55 0
56 0
56 0
57 0
58 0
58 0
59 0
60 0
61 0
62 0
62 0
62 0
63 0
64 0
65 0
66 0
66 0
66 0
67 1
68 0
69 0
69 0
70 1
71 0
72 1
72 1
73 0
73 1
74 0
75 1
75 1
76 1
77 1
78 1
78 1
79 1
79 1
80 1
81 1
82 1
83 1
83 1
84 2
84 2
85 3
86 2
87 3
87 2
88 3
89 4
89 4
90 3
91 3
91 2
93 3
93 3
94 4
94 5
95 4
96 4
96 3
97 3
98 5
98 4
99 5
100 5
100 5
101 6
101 4
102 4
103 4
104 4
104 3
105 3
106 4
106 3
107 4
108 5
108 4
109 5
110 5
110 6
111 5
112 5
112 6
113 6
114 6
115 6
115 6
116 5
117 5
117 6
118 5
119 5
120 6
120 6
121 6
121 6
