20 0
22 0
22 0
23 0
24 0
25 0
25 0
26 0
27 0
27 0
28 0
29 0
29 0
30 0
31 0
32 0
32 0
33 0
34 0
34 0
35 0
36 0
36 0
37 0
38 0
39 0
39 0
40 0
41 0
42 0
42 0
43 0
44 0
44 1
45 0
46 0
46 1
47 1
48 0
49 0
49 0
50 0
51 1
51 1
52 1
53 0
54 0
54 0
55 1
56 2
56 0
57 2
58 2
58 1
59 1
60 2
61 2
62 2
62 2
63 2
64 2
64 3
65 1
66 2
66 3
67 3
68 3
68 3
69 4
70 3
71 3
72 4
73 4
73 3
74 4
74 4
75 4
76 3
77 4
77 4
78 4
79 3
79 2
80 4
81 3
81 2
82 3
83 3
83 2
84 3
85 3
86 2
86 3
87 2
88 4
89 3
89 4
90 3
91 3
91 3
92 4
93 3
94 4
94 5
95 4
96 5
96 4
97 4
98 4
98 4
99 4
100 5
101 4
101 6
102 5
103 5
104 5
104 4
105 4
106 5
106 6
107 5
108 4
109 4
109 6
110 5
111 6
111 6
112 6
113 7
113 6
114 6
115 7
115 7
116 7
117 7
118 7
118 7
119 8
120 7
120 7
121 9
122 9
