20 0
22 0
23 0
23 0
24 0
25 0
26 0
26 0
27 0
27 0
29 0
29 0
30 0
31 0
31 0
32 0
32 0
33 0
34 0
35 0
35 0
36 0
37 0
38 0
38 0
39 0
40 1
40 1
41 1
42 1
43 1
43 1
44 1
45 2
45 1
46 1
47 2
47 2
48 2
49 2
50 2
50 2
51 2
52 2
52 2
53 2
54 2
55 2
56 2
56 2
57 2
57 2
58 2
59 2
60 2
60 2
61 3
62 3
62 3
63 3
64 2
64 3
65 2
66 3
67 3
68 3
68 3
69 4
69 3
70 3
71 3
72 3
72 4
73 4
74 3
74 4
75 3
76 3
77 3
77 3
78 4
79 4
79 5
80 4
81 4
81 4
82 4
83 4
84 4
84 5
85 5
86 6
87 5
87 5
88 5
89 5
90 5
90 5
91 5
92 4
93 5
93 6
94 5
94 6
95 4
96 4
97 5
97 5
98 4
98 5
99 6
100 5
101 5
102 5
102 5
103 5
104 6
104 5
105 5
106 5
106 5
107 5
108 5
108 5
109 6
110 6
111 5
111 5
112 6
113 5
114 6
114 7
115 6
116 5
117 6
117 7
118 7
119 8
119 8
120 7
121 7
