20 0
22 0
23 0
23 0
24 0
24 0
25 0
26 0
26 0
28 0
28 0
29 0
30 0
30 0
30 0
32 0
32 0
33 0
33 0
34 0
35 0
36 0
36 0
37 0
38 0
38 0
39 0
40 0
40 0
41 0
42 0
42 0
43 0
44 0
44 0
45 0
46 0
46 0
47 0
48 0
49 0
49 0
50 0
51 0
51 0
52 0
52 0
53 0
54 0
55 0
55 0
56 0
57 0
57 0
58 0
59 0
60 0
60 0
61 0
61 0
62 0
63 0
63 0
64 1
65 1
66 1
66 1
67 1
68 1
69 1
69 2
70 1
70 1
71 1
72 1
73 1
74 0
74 1
75 0
75 0
76 0
77 1
78 1
78 0
79 1
80 1
80 1
81 2
82 2
83 1
83 1
84 3
85 2
85 2
86 1
87 1
87 3
88 3
89 3
90 3
91 3
91 4
92 3
93 5
93 3
94 3
95 5
95 4
96 4
97 5
97 4
98 4
99 5
100 4
100 4
101 4
102 4
102 4
103 4
104 4
105 5
105 5
105 5
107 4
107 4
108 4
108 5
109 4
110 5
111 4
112 4
113 5
113 4
113 4
114 5
115 5
115 4
116 5
117 5
117 5
118 5
119 5
120 5
120 5
121 5
121 5
122 5
