20 0
22 0
23 0
23 0
24 0
24 0
25 0
26 0
27 0
28 0
28 0
29 0
29 0
30 0
31 0
32 0
32 0
33 0
34 0
34 0
35 0
36 0
36 0
37 0
38 1
39 1
39 1
40 1
41 2
41 2
42 3
43 1
43 2
44 4
45 3
45 0
46 2
47 4
48 4
48 3
49 5
50 3
51 3
51 4
52 4
52 5
53 5
54 5
55 5
55 6
56 5
57 4
58 6
58 5
59 5
60 6
60 8
61 7
62 5
62 5
63 6
64 6
64 7
65 6
66 7
66 6
67 6
68 6
69 7
69 6
70 6
71 6
72 6
72 6
73 6
73 6
74 6
75 6
75 9
77 7
77 7
78 7
78 7
79 6
80 6
80 7
81 8
82 8
82 8
83 7
84 8
84 8
85 9
86 8
87 12
88 9
88 10
89 8
90 8
90 9
91 7
92 8
93 8
93 9
94 8
94 8
95 9
96 9
96 11
97 8
98 8
99 10
99 9
100 9
101 10
101 10
102 9
102 10
104 9
104 9
105 10
105 9
106 9
107 9
108 9
108 9
109 10
110 9
110 9
111 10
111 9
112 10
113 10
113 10
114 10
115 10
116 10
117 9
117 10
118 10
119 10
119 10
120 10
121 10
121 10
