20 0
22 0
23 0
23 0
25 0
25 0
25 0
26 0
27 0
27 0
28 0
29 0
29 0
30 0
31 0
31 0
32 1
33 0
33 1
34 1
35 1
35 1
36 1
37 1
38 1
38 1
39 1
40 1
40 1
41 1
42 1
42 1
43 2
44 1
45 1
45 1
46 2
47 3
47 1
48 2
49 2
49 1
50 2
51 4
51 2
52 3
53 3
53 3
54 3
55 4
56 5
56 4
57 4
58 4
59 5
59 6
60 4
61 6
61 6
62 5
63 6
63 6
64 6
65 6
65 7
66 6
66 6
67 6
68 6
69 6
69 6
71 6
71 7
72 7
72 7
73 6
74 7
74 7
75 6
76 7
76 7
77 7
78 5
78 8
79 8
80 8
80 8
81 8
81 8
82 9
83 8
84 9
85 9
85 8
86 9
87 10
87 7
88 6
89 6
89 9
90 9
91 9
91 9
92 9
93 9
94 9
94 9
95 9
96 8
96 8
97 9
98 9
98 8
99 8
100 9
101 9
101 10
102 9
102 9
103 9
104 10
104 10
107 10
107 10
108 10
108 10
109 10
109 10
110 9
111 10
112 10
112 9
113 9
114 10
114 9
115 9
116 9
116 9
117 11
118 9
118 9
119 9
120 9
121 10
121 10
