20 0
22 0
23 0
23 0
24 0
25 0
25 0
26 0
27 0
27 0
28 0
29 0
29 0
30 0
31 0
31 0
32 0
33 0
34 0
34 0
35 0
36 0
37 0
37 0
38 0
39 1
39 0
40 0
41 1
41 1
42 1
43 1
44 1
44 1
45 1
45 1
46 1
47 2
48 1
49 2
49 2
50 2
50 1
51 2
52 1
53 2
53 2
54 2
55 2
55 2
56 2
57 3
57 2
58 2
59 2
60 3
60 2
61 2
62 2
63 2
63 3
64 2
65 2
66 2
66 3
67 1
68 3
69 2
69 1
70 2
71 2
71 3
72 3
73 3
73 3
74 3
75 3
75 3
76 3
77 3
78 3
78 3
79 3
80 3
80 3
81 4
82 5
83 5
83 3
84 3
85 5
85 3
86 3
87 6
88 4
88 7
89 7
89 6
90 6
91 6
92 5
92 5
93 5
94 6
94 5
95 5
96 6
96 6
97 6
98 7
99 7
99 6
100 6
101 6
101 5
102 6
103 6
103 6
104 7
105 6
105 6
106 7
107 6
108 6
108 7
109 7
110 6
110 7
111 8
111 7
112 7
113 7
114 6
114 8
115 7
116 7
116 7
117 7
118 7
119 7
119 7
120 7
121 7
121 7
122 7
