20 0
22 0
23 0
24 0
24 0
25 0
25 0
26 0
26 0
27 0
28 0
28 0
29 0
30 0
30 0
31 0
32 0
33 0
33 0
34 0
35 0
35 0
36 0
37 0
37 1
38 0
39 0
40 1
40 1
41 2
41 2
42 2
43 2
43 2
44 2
45 2
45 2
46 2
47 2
47 2
49 2
50 3
50 2
50 2
51 2
52 2
53 3
53 3
54 3
55 2
55 4
56 3
57 3
58 4
58 4
59 4
59 4
60 4
61 4
61 4
62 4
63 3
64 3
64 3
65 3
66 3
66 3
67 3
68 3
68 3
69 3
70 3
70 3
71 3
72 3
72 3
73 3
73 3
74 3
75 3
75 3
76 3
77 3
78 3
79 4
80 4
81 4
81 4
82 5
83 5
83 5
84 4
85 3
85 4
86 3
87 4
87 4
88 5
88 4
89 5
90 5
91 5
91 4
92 5
93 5
93 5
94 5
95 5
95 5
96 5
97 5
97 5
98 5
99 5
99 5
100 5
101 5
101 5
102 5
103 5
103 5
104 5
105 5
105 5
106 5
107 5
107 5
108 5
109 5
109 5
110 5
111 5
112 5
112 5
113 5
113 5
114 5
115 6
116 6
116 5
117 6
117 5
118 5
119 6
119 6
120 6
121 6
122 6
