20 0
22 0
23 0
23 0
24 0
25 0
25 0
26 0
27 0
28 0
28 0
29 0
30 0
30 0
31 0
32 0
33 0
33 0
34 0
35 0
35 0
36 0
37 0
38 0
38 0
39 0
40 0
41 0
41 0
42 0
43 0
43 0
44 0
45 0
45 0
46 0
47 0
48 0
49 0
49 0
49 0
50 0
51 0
52 0
52 0
54 0
54 1
55 0
55 1
56 1
57 1
57 0
58 1
59 1
59 0
60 1
61 1
62 0
62 1
63 1
64 1
65 1
65 1
66 1
67 1
68 1
68 1
69 1
69 2
70 2
71 1
72 1
72 2
73 2
74 2
74 2
75 2
76 1
77 1
78 2
78 2
79 2
80 2
81 2
81 2
82 3
83 2
84 2
84 4
85 2
85 3
86 3
87 3
88 3
88 3
89 2
90 4
90 3
91 3
92 3
93 3
93 4
94 3
95 4
95 4
96 5
97 4
97 5
98 3
99 5
100 6
100 6
101 6
102 4
103 5
103 5
104 5
105 4
106 6
107 5
107 5
108 7
108 7
109 6
110 5
111 8
111 6
112 6
113 6
113 6
114 6
115 7
115 5
116 5
117 5
118 5
118 6
119 5
120 7
121 5
121 5
