20 0
22 0
22 0
23 0
24 0
25 0
26 0
26 0
27 0
28 0
28 0
29 0
30 0
30 0
31 0
31 0
32 0
33 0
34 0
34 0
35 0
36 0
36 0
37 0
38 0
38 0
39 0
40 1
40 0
41 0
42 0
43 1
43 1
44 1
45 1
45 1
46 1
47 1
48 2
48 1
49 1
50 1
50 1
51 2
52 1
52 2
53 2
54 2
54 3
55 3
56 2
56 2
58 2
58 2
59 2
59 2
60 2
61 2
62 3
62 2
63 4
63 3
64 2
65 4
65 3
66 3
67 3
68 4
69 2
69 3
70 3
71 4
71 5
72 4
73 4
73 4
74 4
75 3
75 4
76 6
77 3
77 3
78 3
79 3
80 3
80 3
81 3
82 5
83 5
83 4
84 5
84 5
85 4
86 4
87 6
87 6
88 5
89 6
90 5
90 5
91 5
92 5
92 6
93 6
94 6
94 6
95 5
95 5
96 5
97 7
98 7
99 7
99 5
100 7
101 7
101 7
102 7
103 6
103 6
105 7
105 7
105 7
106 7
107 7
107 8
108 6
109 8
110 8
110 7
111 7
112 7
113 8
113 8
114 8
114 8
115 8
116 8
117 9
118 8
118 8
119 8
119 8
120 8
121 9
121 9
