20 0
22 0
23 0
24 0
24 0
25 0
25 0
26 0
27 0
27 0
28 0
29 0
30 0
30 0
31 0
32 0
33 0
33 0
34 0
34 0
35 0
36 0
36 0
37 0
38 0
39 0
39 0
40 0
41 0
41 0
42 0
43 0
43 0
44 0
45 0
46 0
46 0
47 1
48 1
48 0
49 1
50 1
50 1
51 0
52 1
53 1
53 1
54 1
54 1
55 1
57 1
56 1
58 1
58 1
59 1
59 1
60 1
61 1
62 2
63 1
63 1
64 1
65 1
65 1
66 2
67 2
68 2
68 2
69 2
69 2
70 2
71 2
72 2
72 3
73 3
74 3
75 3
75 2
76 2
77 3
77 3
78 3
79 4
80 3
80 3
81 3
82 3
82 2
83 2
83 5
84 3
85 3
85 4
86 3
87 4
88 3
88 5
89 5
90 4
90 5
91 4
92 4
93 5
93 4
93 5
95 5
95 6
96 5
96 6
97 6
98 6
98 6
99 6
100 6
101 6
101 7
102 6
103 7
103 7
104 6
104 8
106 7
106 8
107 8
108 8
108 8
109 7
110 7
110 7
111 6
112 7
112 7
114 6
114 6
115 7
115 6
117 7
117 7
117 7
118 7
119 6
120 5
120 5
