20 0
22 0
23 0
23 0
24 0
25 0
25 0
26 0
27 0
27 0
28 0
29 0
30 0
30 0
31 0
31 0
32 0
33 0
34 1
35 1
35 1
35 1
36 1
37 1
37 2
38 0
39 0
40 1
40 0
41 1
41 1
43 1
43 3
44 3
44 1
45 2
46 2
47 2
47 1
48 2
48 2
49 2
50 2
51 3
51 3
52 2
53 2
53 2
54 3
55 5
56 4
56 4
57 4
58 5
58 3
59 6
60 6
61 6
61 6
62 7
63 7
63 7
64 8
65 8
65 8
66 8
66 8
67 8
68 8
69 8
70 8
70 8
71 8
71 9
72 8
73 7
73 8
74 7
75 7
76 8
76 8
77 9
77 8
78 9
79 9
79 9
80 9
80 9
81 9
82 9
83 9
83 9
84 9
85 10
85 9
86 9
87 9
87 10
88 9
89 10
90 9
91 10
91 9
92 10
93 10
93 10
94 11
94 9
95 9
96 10
97 9
98 11
98 10
99 10
99 11
100 11
100 10
101 11
102 10
103 11
103 11
104 11
105 11
105 11
106 11
107 11
107 11
108 11
109 11
109 11
110 11
111 11
111 11
112 11
113 11
113 11
114 11
115 11
116 11
116 11
117 11
118 10
118 10
119 11
120 10
120 11
121 11
