20 0
22 0
23 0
23 0
24 0
25 0
25 0
26 0
27 0
27 0
28 0
29 0
29 0
30 0
31 0
32 0
32 0
33 0
33 0
34 0
35 0
36 0
36 0
37 0
38 0
38 0
39 0
40 0
41 0
41 0
42 0
43 0
43 0
44 0
45 0
46 0
46 0
47 0
48 0
48 0
49 0
50 0
51 0
51 0
52 0
52 0
53 0
54 0
55 1
56 1
56 1
57 1
58 1
58 1
59 2
60 1
60 2
61 2
62 1
63 1
64 2
64 3
65 3
66 3
66 3
67 3
67 3
68 3
69 3
70 3
70 3
71 3
72 3
73 3
73 3
74 3
75 4
75 4
76 4
77 4
77 4
79 4
79 4
80 4
81 3
81 4
82 4
83 4
83 4
84 4
85 4
85 4
86 4
87 4
87 4
88 4
89 3
90 4
90 4
92 4
92 4
92 4
93 4
94 4
95 4
95 4
96 4
97 4
97 4
98 4
99 4
100 5
100 5
101 4
102 4
102 5
103 4
104 5
104 5
105 5
106 5
107 5
107 5
108 5
109 6
109 6
110 6
111 6
111 6
112 6
113 6
113 6
114 5
115 6
115 6
116 6
117 5
117 5
118 5
119 5
120 5
120 5
121 5
122 5
