20 0
22 0
23 0
23 0
24 0
25 0
25 0
26 0
27 0
27 0
28 0
29 0
30 0
30 0
31 0
31 0
32 0
33 0
34 0
34 0
35 0
35 0
36 0
37 0
38 0
39 0
39 0
40 0
41 0
41 0
42 0
43 0
43 0
44 0
45 0
45 0
46 0
47 0
48 0
49 0
50 0
50 0
51 0
52 0
52 0
53 0
54 0
54 0
55 0
56 0
56 0
57 0
58 0
58 1
59 0
60 0
60 0
61 0
62 0
62 1
63 0
64 0
64 0
65 1
66 1
67 0
67 1
68 3
69 2
69 3
70 2
71 3
72 4
72 3
73 3
74 4
75 2
75 2
76 2
76 4
77 3
78 3
78 2
79 4
80 3
80 3
81 3
82 3
82 3
83 4
84 4
85 4
86 4
86 4
87 5
87 4
88 5
89 4
90 4
91 4
91 4
92 5
93 4
93 4
94 4
95 3
95 4
96 5
97 4
97 5
98 3
99 4
100 5
100 4
101 5
102 5
102 4
103 4
104 4
104 5
105 4
106 5
106 4
107 5
108 4
109 5
109 5
111 5
111 6
111 6
112 4
113 5
114 4
114 5
115 5
115 6
116 5
117 5
118 5
118 5
119 5
120 5
121 5
121 5
