20 0
22 0
22 0
23 0
24 0
24 0
25 0
26 0
26 0
27 0
28 0
29 0
29 0
30 0
31 0
32 0
32 0
33 0
34 0
34 0
35 0
36 0
36 0
37 0
38 0
38 0
39 0
40 0
40 0
41 0
41 0
42 0
43 1
44 1
44 1
45 0
46 0
47 0
47 0
48 1
49 1
50 1
50 2
51 1
51 1
52 2
53 1
53 2
54 1
55 1
55 1
56 1
57 1
57 2
58 1
59 1
60 1
60 2
61 2
62 2
62 1
63 2
64 2
64 1
65 1
66 2
66 2
67 1
68 2
69 1
69 1
70 1
70 1
71 1
72 1
72 2
73 2
74 2
75 2
75 2
76 3
77 2
77 3
78 3
79 3
79 3
80 2
81 2
82 4
82 3
83 4
84 4
84 4
85 3
86 4
86 4
87 4
87 4
88 4
89 4
90 3
90 3
91 3
92 3
92 3
93 3
94 3
94 3
95 3
96 3
96 3
97 3
98 3
98 3
99 3
100 3
100 3
101 3
102 3
103 3
103 3
104 3
104 3
105 3
106 3
106 3
108 3
108 3
108 3
109 3
110 3
110 3
111 4
112 4
113 4
113 3
114 3
115 4
115 4
116 3
117 4
117 4
118 4
119 3
119 4
120 4
121 5
