20 0
22 0
23 0
24 0
24 0
25 0
25 0
26 0
27 1
27 0
28 0
29 0
29 1
30 1
31 1
31 1
32 2
33 2
34 3
34 3
35 3
36 3
36 3
38 4
38 3
39 4
39 4
40 4
40 4
41 4
42 4
43 4
43 4
44 4
45 5
46 4
46 4
47 5
47 5
48 5
49 5
49 5
50 5
51 5
51 5
52 5
53 5
54 5
54 5
55 5
56 5
56 5
57 5
58 5
58 5
59 4
60 4
60 4
61 4
62 4
62 4
63 4
64 4
65 4
65 4
66 4
67 4
67 4
68 5
69 5
69 5
70 5
71 5
71 5
72 4
73 4
74 4
75 5
75 5
76 5
77 4
77 4
78 4
78 4
79 4
80 6
80 5
81 5
82 5
82 5
83 5
84 6
85 6
85 6
86 6
87 5
87 7
88 7
89 5
90 7
90 8
91 8
91 8
92 8
93 7
94 9
94 8
95 8
96 8
97 9
97 7
98 7
99 7
99 7
100 7
100 6
101 6
102 8
103 6
103 8
104 8
105 8
105 8
106 8
107 8
107 8
108 8
109 8
110 8
110 8
111 8
112 8
112 7
113 8
113 8
114 8
115 8
116 7
116 7
117 8
118 8
118 9
119 8
120 8
121 8
121 8
122 9
