20 0
22 0
23 0
23 0
24 0
25 0
25 0
26 0
27 0
27 0
28 0
29 0
29 0
30 0
31 0
31 0
32 0
33 0
34 0
34 0
35 0
36 1
36 1
37 0
37 1
38 1
39 4
40 1
40 4
41 5
42 3
42 5
43 5
44 7
45 5
45 6
46 6
47 6
47 5
48 5
49 7
49 6
50 8
50 8
52 8
52 9
53 8
53 9
55 9
55 8
55 7
56 9
57 8
58 8
59 7
59 7
59 7
60 8
61 8
61 8
62 8
63 8
64 10
64 9
65 10
66 10
67 10
67 10
68 11
68 10
69 10
70 10
70 12
71 12
72 10
73 10
73 11
74 10
74 11
76 11
76 9
77 11
77 10
78 10
79 11
79 11
80 9
81 10
82 10
82 12
83 11
84 11
84 9
85 10
86 11
86 9
87 10
87 9
88 10
89 10
89 9
90 10
91 8
92 11
93 9
93 10
94 10
94 9
95 9
96 10
97 9
97 10
98 9
98 10
99 10
100 9
100 9
101 9
102 9
103 9
103 8
104 10
105 10
106 9
107 9
107 9
107 9
108 9
109 9
110 9
110 9
111 9
112 9
112 10
113 10
114 9
114 9
115 9
116 10
116 10
117 9
118 10
119 10
119 9
120 9
121 9
121 11
