20 0
22 0
23 0
23 0
24 0
25 0
25 0
26 0
27 0
27 0
28 0
29 0
29 0
30 0
31 0
31 0
32 0
33 0
34 0
34 0
35 0
36 0
36 0
37 0
38 0
38 0
39 1
40 0
40 0
41 0
42 2
42 1
43 3
44 2
44 1
45 2
46 2
46 2
47 3
48 2
48 2
49 2
50 2
51 2
51 2
52 1
52 2
53 2
54 5
55 4
55 4
56 5
57 3
57 6
58 5
58 5
59 5
60 6
61 6
61 6
62 6
63 6
63 6
64 6
65 6
65 5
66 6
67 5
67 6
68 6
69 6
70 7
71 7
71 7
72 7
72 7
73 7
74 8
75 7
75 7
76 8
76 8
77 9
78 8
78 10
79 10
80 9
81 9
81 9
82 9
82 9
84 9
84 9
85 9
86 9
86 9
87 9
88 9
89 9
89 9
90 9
90 9
91 9
92 9
93 9
93 9
94 9
95 9
95 9
96 9
97 9
97 9
98 9
99 9
99 9
100 9
100 9
101 9
102 9
103 9
103 9
104 9
105 8
106 9
106 9
107 9
108 9
108 8
109 8
110 9
110 9
111 8
112 8
112 8
114 8
114 8
115 7
115 7
116 8
117 7
117 7
118 9
119 7
120 7
121 8
