20 0
22 0
22 0
23 0
24 0
24 0
25 0
26 0
27 0
27 0
28 0
28 0
29 0
30 0
31 0
31 0
32 0
33 0
33 0
34 0
35 0
36 1
36 0
37 1
38 2
38 2
39 1
40 2
40 2
41 2
42 3
42 2
43 3
43 3
44 3
45 3
46 3
46 3
47 3
48 3
48 3
49 3
50 3
50 5
51 5
52 5
52 5
53 5
54 5
54 5
55 6
56 6
57 6
57 5
58 6
59 6
59 6
60 6
61 6
62 6
62 6
63 6
64 6
64 6
65 7
65 6
66 6
67 7
68 6
68 6
69 6
70 6
70 6
71 6
72 6
72 7
73 7
74 6
74 7
75 6
76 7
77 6
77 7
78 7
78 7
79 7
80 7
81 7
81 7
82 7
82 6
83 6
84 6
85 6
85 6
86 6
87 6
87 6
88 6
89 6
89 6
90 6
91 6
91 6
92 6
93 6
93 6
94 6
95 7
96 6
96 6
97 6
97 6
98 6
99 6
99 6
100 6
101 6
102 6
102 6
103 7
104 6
104 6
105 6
106 7
106 7
107 7
108 7
108 7
109 7
110 7
110 7
111 7
112 7
113 7
113 7
114 7
114 7
115 7
116 7
116 7
117 7
118 7
118 7
119 7
120 7
121 7
121 7
