20 0
22 0
23 0
23 0
24 0
25 0
25 0
26 0
27 0
27 0
28 0
29 0
29 0
30 0
31 0
32 0
32 0
33 0
34 0
35 0
35 0
36 0
37 0
37 0
38 0
39 0
39 1
40 2
41 2
42 2
42 2
43 2
43 2
44 3
45 3
46 2
46 3
47 2
48 2
48 3
49 2
50 3
50 3
51 3
52 3
52 2
53 2
54 3
55 4
55 4
56 3
57 3
57 5
59 4
59 5
60 4
60 5
61 5
62 6
63 7
64 6
64 6
65 6
65 8
66 5
67 6
67 7
68 6
69 7
70 5
70 7
71 8
72 6
72 6
73 9
74 10
75 8
75 9
76 7
76 7
78 9
78 10
79 11
80 11
80 10
81 12
82 11
83 12
83 12
84 12
84 12
85 13
86 10
86 12
88 12
89 11
89 13
90 12
91 12
92 14
93 11
93 11
94 12
94 12
95 12
96 12
97 12
97 13
98 13
99 12
100 13
100 11
101 11
101 11
102 11
103 11
104 11
104 11
105 9
106 11
106 10
107 11
108 11
109 10
110 11
111 11
111 10
112 10
114 10
115 10
116 10
117 10
117 10
118 10
118 10
120 10
120 10
121 10
121 10
