20 0
22 0
22 0
23 0
24 0
25 0
25 0
26 0
27 0
27 0
28 0
29 0
29 0
30 0
31 0
32 0
32 0
33 0
34 0
34 0
35 0
36 0
36 0
37 0
38 0
39 0
40 0
40 0
41 0
41 0
42 0
43 1
44 1
45 1
45 1
46 1
47 1
47 1
48 1
49 1
49 1
50 1
50 1
51 1
52 1
53 2
53 1
54 1
55 1
55 2
56 2
57 2
58 2
58 2
59 2
60 2
60 2
61 2
62 2
62 2
63 2
64 2
64 2
65 2
66 2
66 2
67 2
68 2
68 3
69 2
70 3
71 2
71 3
73 2
73 2
74 2
74 2
75 2
76 2
77 2
77 2
78 3
78 3
79 2
80 2
81 4
81 4
82 3
83 3
83 2
84 3
85 3
86 3
86 4
87 3
88 3
88 3
89 3
90 3
91 4
91 3
92 3
92 3
93 3
94 4
95 4
95 4
96 4
97 4
98 4
98 4
99 4
99 4
100 4
101 4
101 5
102 5
103 5
103 5
104 4
105 6
106 6
107 6
107 7
108 6
108 6
109 6
110 6
111 7
111 7
112 7
113 8
113 8
114 8
115 8
116 7
117 8
117 8
118 8
119 8
119 8
120 9
120 8
121 8
