20 0
22 0
23 0
23 0
24 0
25 0
26 0
26 0
27 0
27 0
28 0
29 0
29 0
30 0
31 0
31 0
33 0
33 0
34 0
35 0
35 0
36 0
37 0
37 0
38 0
39 0
40 0
40 0
41 0
42 0
42 1
43 1
43 1
44 0
45 1
46 1
47 1
48 1
48 1
49 1
49 1
50 1
51 1
51 1
52 2
53 1
54 1
54 1
55 1
55 1
57 2
57 2
58 2
58 2
59 2
60 3
61 1
61 1
62 1
63 2
63 3
64 2
65 1
66 2
66 2
67 3
68 2
68 3
69 2
70 3
71 4
71 2
72 2
73 3
73 4
74 5
75 3
75 3
76 4
77 3
77 5
78 4
79 5
80 5
80 5
81 6
82 5
82 7
83 6
84 7
84 7
85 7
86 6
86 6
87 6
88 6
89 6
89 5
90 5
91 6
91 6
92 5
93 5
94 5
94 6
95 7
96 6
96 6
97 6
98 7
98 7
99 6
100 5
100 6
101 5
102 6
103 5
103 6
104 7
105 6
105 7
106 7
107 7
107 7
108 7
109 6
109 7
111 6
111 6
112 6
112 6
113 6
114 6
115 6
116 6
116 6
117 6
117 6
118 5
119 6
119 5
120 5
121 5
121 6
