20 0
22 0
23 0
23 0
24 0
25 0
25 0
26 0
27 0
27 0
28 0
29 0
29 0
30 0
31 0
32 0
32 1
33 0
34 0
34 0
35 0
36 0
37 0
37 0
38 0
39 0
40 1
40 1
41 1
42 1
42 1
43 1
44 1
45 1
45 1
46 1
46 1
47 1
48 1
48 1
50 1
50 1
51 1
52 1
52 1
53 1
54 1
54 1
55 2
56 2
56 1
57 2
58 2
59 2
59 2
60 2
60 2
61 2
62 2
63 2
63 2
64 2
65 2
66 2
67 2
67 3
68 3
69 3
69 2
70 2
71 2
71 2
72 2
73 2
74 4
74 4
75 3
76 3
76 3
77 4
78 5
79 5
79 4
80 4
80 4
81 4
82 4
83 4
83 4
84 6
85 5
86 5
86 4
87 5
87 5
88 5
89 5
90 6
90 5
91 6
92 6
92 6
93 5
94 5
95 5
95 6
96 5
96 5
97 5
98 5
99 5
99 7
101 6
101 6
102 6
102 7
103 6
104 6
105 7
105 7
106 7
107 8
107 7
108 7
109 7
110 8
111 7
111 6
112 8
113 7
113 7
114 7
115 7
115 8
116 6
117 7
118 7
118 7
119 6
120 8
120 8
121 7
