20 0
22 0
23 0
23 0
24 0
25 0
25 0
26 0
27 0
27 0
28 0
29 0
30 0
30 0
31 0
31 0
32 0
33 0
34 0
34 0
35 1
36 0
36 0
37 1
38 1
38 0
39 0
40 0
40 2
41 1
42 1
43 0
43 2
44 2
45 2
45 2
46 2
47 1
47 1
48 1
49 2
50 2
50 2
51 1
52 1
53 2
53 2
54 2
55 3
55 4
56 3
56 3
57 4
58 4
59 4
60 5
60 5
61 6
62 5
62 5
63 6
64 6
64 6
65 6
65 6
66 6
67 6
68 6
68 6
69 6
70 6
70 6
72 6
72 5
73 6
73 6
74 5
75 5
76 6
76 5
77 6
78 5
78 5
79 5
80 5
81 5
81 6
82 8
83 7
83 6
84 6
85 7
85 6
87 7
87 7
87 7
88 7
89 6
90 7
90 6
91 7
91 8
92 7
93 8
94 7
94 7
95 7
96 7
96 6
97 7
98 6
98 6
99 8
100 7
100 7
101 7
102 7
103 7
103 7
104 7
104 6
105 7
106 7
107 7
107 7
108 6
109 8
109 7
110 8
111 7
111 7
112 7
113 7
113 7
114 7
115 7
116 7
116 7
117 6
118 7
119 6
119 7
120 7
121 7
121 7
