20 0
22 0
22 0
23 0
24 0
25 0
25 0
26 0
27 0
27 0
28 0
29 0
29 0
30 0
31 0
32 0
32 0
33 0
34 0
34 0
35 0
35 0
36 0
37 0
37 0
38 0
39 0
39 0
40 0
41 0
42 0
42 0
44 0
44 0
45 0
45 0
46 0
47 0
47 0
48 1
49 0
50 0
50 0
51 1
51 1
52 0
53 2
53 1
54 0
55 0
55 1
56 0
57 0
58 0
58 1
59 1
60 1
60 1
61 2
62 2
63 2
63 2
64 2
64 2
65 2
66 2
66 2
67 2
68 2
68 2
69 2
70 2
70 2
71 2
72 2
72 2
73 2
74 2
75 2
75 2
76 2
76 2
77 2
78 2
79 2
79 2
80 2
81 2
82 2
82 2
83 2
83 2
84 2
85 2
86 2
87 2
88 2
88 1
89 2
90 2
90 1
91 1
91 1
92 1
93 1
93 1
94 1
95 1
96 1
96 1
97 1
97 1
99 1
99 2
100 1
101 1
101 2
102 2
103 2
103 3
104 2
105 2
105 2
106 2
107 2
108 3
108 3
109 2
109 3
110 4
111 3
111 3
112 4
113 4
113 4
114 4
114 4
115 4
116 4
117 4
118 4
118 4
119 4
119 4
120 4
121 4
121 4
122 4
