20 0
22 0
23 0
24 0
24 0
24 0
25 0
26 0
26 0
27 0
28 0
29 0
29 0
30 0
31 0
32 0
32 0
33 0
34 0
34 0
35 0
36 0
36 0
37 0
37 0
39 0
39 0
40 0
40 0
41 0
42 0
43 0
43 0
44 0
45 1
45 1
46 1
46 2
48 2
48 2
49 1
49 2
50 2
51 3
52 4
52 3
53 3
54 3
55 3
55 3
55 6
56 4
57 6
57 7
58 7
59 6
59 6
60 5
61 5
62 5
63 5
63 5
64 6
64 6
65 7
66 7
67 6
68 8
68 8
69 8
69 7
70 7
71 7
71 8
72 8
73 7
74 8
74 8
75 8
76 8
76 8
77 9
78 7
78 7
79 7
80 7
80 7
81 7
82 9
83 7
83 7
84 9
84 9
85 9
86 9
87 9
87 9
88 9
89 9
89 9
90 9
91 9
91 9
92 9
93 9
93 8
94 9
95 9
96 8
96 9
97 9
97 8
98 9
99 8
99 8
100 8
101 9
102 9
102 9
103 9
104 9
104 9
105 9
106 9
107 9
107 9
108 9
108 9
109 9
110 9
111 9
112 9
112 9
113 9
114 9
114 9
115 9
116 9
116 9
117 9
117 9
118 9
119 9
120 10
120 9
121 9
