20 0
22 0
22 0
23 0
24 0
25 0
25 0
26 0
27 0
27 0
28 0
29 0
29 0
30 0
31 0
32 0
33 0
33 0
34 0
34 0
35 0
36 0
36 0
37 0
38 0
38 0
39 0
40 0
41 0
42 0
42 0
43 0
44 0
44 0
45 0
46 0
47 1
47 2
48 2
49 2
49 2
50 2
51 1
51 2
52 1
53 2
54 2
54 2
55 2
56 2
56 2
57 2
58 2
59 2
59 2
60 2
60 2
61 2
62 2
62 2
63 2
64 3
65 2
66 2
66 2
67 2
67 2
68 2
69 2
70 3
70 3
71 3
72 3
72 2
73 3
74 2
74 3
75 2
76 2
76 4
77 4
78 3
79 3
79 4
80 4
81 4
81 4
83 4
83 4
84 4
84 4
85 4
86 4
87 4
88 4
88 5
89 4
89 5
90 5
91 5
92 5
92 5
93 5
93 5
94 5
95 5
96 5
96 5
97 5
98 5
99 5
99 5
100 5
101 5
101 5
102 5
103 5
103 5
104 5
104 5
105 5
106 5
107 5
108 5
109 5
109 5
110 5
111 5
111 5
112 5
113 5
113 5
114 5
114 5
115 5
117 5
117 5
117 5
118 6
119 5
120 5
120 5
121 5
121 5
