20 0
22 0
23 0
23 0
24 0
25 0
25 0
26 0
27 0
28 0
28 0
29 0
30 0
30 0
31 0
32 0
32 0
33 0
33 0
34 0
35 0
35 0
36 0
37 0
38 0
38 0
39 1
40 1
41 1
41 0
42 0
42 0
43 0
44 0
44 2
45 1
46 2
46 1
47 1
48 2
49 3
49 2
50 2
50 2
51 3
52 3
52 4
53 4
54 4
54 5
55 4
56 3
57 5
57 6
58 6
59 7
60 6
61 4
61 6
62 5
62 6
63 6
64 6
65 6
65 5
66 4
66 5
67 5
67 5
68 6
69 6
70 5
70 6
71 7
72 5
72 7
73 8
74 7
74 8
75 6
76 6
77 7
77 6
78 7
79 6
79 6
80 6
81 5
81 7
82 6
83 6
83 7
85 6
85 6
86 6
86 6
87 7
88 6
88 6
89 7
90 6
91 6
91 6
92 6
92 7
93 7
94 8
94 8
96 7
96 8
97 8
97 7
98 8
99 7
99 6
100 8
101 7
101 8
102 8
103 7
103 8
104 8
105 8
105 7
106 8
107 8
108 8
108 8
109 8
110 7
110 8
111 7
111 6
112 6
113 6
114 6
114 6
115 7
116 6
116 6
117 7
117 6
118 7
119 7
120 7
120 7
121 7
