20 0
22 0
22 0
23 0
24 0
25 0
25 0
26 0
26 0
28 0
28 0
29 0
29 0
31 0
31 0
32 0
32 0
33 0
34 0
34 0
35 0
36 0
36 0
37 1
38 1
38 1
39 2
40 1
41 1
42 1
42 0
43 0
44 0
44 0
45 1
45 0
46 1
47 0
48 2
48 1
49 1
50 3
51 1
51 2
52 3
52 2
54 2
54 2
55 2
56 2
56 2
56 2
57 2
58 2
59 2
60 2
60 2
61 2
62 2
62 3
63 4
64 3
64 2
65 4
66 3
67 3
67 3
68 3
68 4
69 5
70 4
71 4
71 5
72 5
73 4
73 5
75 6
75 5
75 4
76 5
77 5
78 5
78 6
79 6
80 5
81 5
81 6
82 5
83 5
83 6
84 6
85 6
85 4
86 4
87 4
88 5
88 6
89 4
89 5
90 6
91 5
92 5
92 6
93 5
94 6
94 6
95 5
96 5
96 5
97 6
98 5
99 5
99 5
100 5
101 5
101 5
102 5
103 5
104 6
104 7
105 6
105 7
106 7
107 7
108 7
108 7
109 7
109 7
111 7
111 7
112 7
112 7
114 7
114 7
115 7
115 7
116 7
117 7
117 7
118 7
119 7
119 8
120 7
121 7
121 7
