20 0
22 0
22 0
23 0
24 0
25 0
25 0
26 0
27 0
27 0
28 0
29 0
29 0
30 0
31 0
32 0
32 0
33 0
33 0
34 0
35 0
36 0
36 0
37 0
38 0
39 0
39 1
40 1
41 1
41 0
42 0
43 1
43 1
44 1
45 1
46 1
46 1
47 2
47 2
48 2
49 2
50 2
50 2
51 2
52 2
52 2
53 2
54 2
55 2
55 2
56 2
57 2
57 2
58 2
59 2
59 2
60 2
61 2
61 2
62 2
63 2
64 2
64 3
65 2
66 2
66 2
67 3
68 3
68 2
69 4
70 3
70 3
71 3
72 3
73 3
73 3
74 3
75 3
75 3
76 3
77 3
78 3
78 4
79 3
79 4
80 3
81 4
82 3
82 4
83 4
84 3
84 3
85 4
86 3
86 3
87 4
88 4
88 5
89 6
90 6
91 6
91 5
92 6
93 5
94 6
94 6
95 6
96 6
96 6
97 6
97 6
98 6
99 6
100 5
100 5
101 5
102 5
102 5
103 5
104 5
104 5
105 5
106 5
107 5
107 5
108 5
109 5
109 5
110 5
111 6
111 6
112 5
113 5
114 6
114 5
115 4
116 4
117 5
117 5
118 5
119 5
119 4
120 5
121 5
121 5
