20 0
22 0
22 0
23 0
24 0
25 0
25 0
26 0
27 0
27 0
28 0
29 0
29 0
30 0
31 0
32 0
32 0
33 0
34 0
34 0
36 0
36 0
37 0
38 0
38 0
39 0
40 0
41 1
41 2
42 0
43 1
43 1
44 1
44 2
45 2
46 1
47 1
47 2
48 3
48 2
49 3
50 3
50 3
51 3
52 3
53 3
53 3
54 3
54 3
55 3
56 3
57 3
57 3
58 3
59 3
59 3
60 3
61 3
61 4
62 3
63 3
63 4
65 3
65 4
66 5
67 5
67 4
68 4
68 4
69 5
70 4
70 4
71 4
72 4
73 4
73 5
74 4
75 5
75 5
76 5
77 5
78 5
78 5
79 6
80 5
80 5
81 5
82 5
82 5
83 5
84 6
84 6
85 6
86 6
87 6
88 6
88 6
89 6
89 6
90 7
91 8
92 8
92 7
93 7
94 7
94 7
95 8
96 7
96 7
97 9
98 8
99 9
99 8
100 9
100 9
101 9
102 9
103 9
103 9
104 9
105 9
105 9
106 9
107 9
107 9
108 9
109 9
110 9
110 9
111 9
111 9
112 9
113 9
113 9
114 9
115 9
115 9
116 9
117 8
118 9
118 8
119 8
120 8
120 8
121 8
