20 0
22 0
23 0
23 0
24 0
25 0
25 0
26 0
27 0
28 0
28 0
29 0
29 0
30 0
31 0
31 0
33 0
33 0
34 0
35 0
35 0
35 0
36 0
37 0
38 0
38 1
39 2
40 1
40 0
41 1
42 3
43 3
44 3
44 3
45 3
45 4
46 4
47 4
47 4
48 4
49 3
49 3
50 3
51 3
52 4
52 4
53 4
54 4
54 4
55 4
55 4
56 4
57 4
58 4
58 4
59 4
60 4
60 5
61 4
62 4
62 5
63 5
64 5
64 4
65 4
66 5
66 4
67 4
68 4
69 5
69 4
70 5
71 5
71 5
72 5
73 5
73 5
74 5
75 6
76 5
76 5
76 5
77 5
78 5
79 5
79 5
80 6
81 6
82 6
82 7
83 7
84 6
84 6
85 7
85 8
86 8
87 8
88 8
88 9
89 8
90 9
90 8
91 9
92 9
92 8
93 7
94 10
94 10
95 8
95 8
96 9
97 9
98 9
99 9
99 9
100 10
101 9
101 10
102 9
103 11
103 9
104 9
105 9
105 11
107 9
107 10
107 10
108 9
109 9
109 9
110 9
111 9
112 9
112 9
113 9
114 9
114 9
115 9
116 9
116 10
117 10
118 10
119 11
119 11
119 10
121 11
121 11
122 10
