20 0
22 0
23 0
23 0
24 0
25 0
25 0
26 0
27 0
27 0
28 0
29 0
30 0
30 0
31 0
32 0
32 0
33 0
34 0
35 0
35 0
36 0
37 0
37 0
38 0
39 0
40 0
40 0
41 0
42 0
42 0
43 0
44 1
45 0
45 0
46 0
47 0
47 0
48 0
49 0
49 0
50 0
51 0
52 0
52 0
53 0
54 0
55 0
55 0
56 0
57 0
57 0
58 1
59 0
59 0
60 0
61 0
61 0
62 0
63 0
63 0
64 0
65 0
66 0
66 0
67 0
68 0
68 0
69 0
70 1
71 2
71 1
72 0
73 0
74 0
75 0
75 2
76 1
77 1
77 1
78 1
79 2
80 2
80 1
81 1
82 2
83 1
83 1
84 2
84 1
85 1
86 2
87 3
87 3
88 4
88 3
89 3
90 3
91 3
91 4
92 4
93 4
94 4
94 4
95 5
96 6
97 6
97 6
98 6
99 6
99 8
100 6
100 6
101 7
102 7
103 7
104 8
104 6
105 7
106 8
106 8
107 8
108 8
108 8
109 8
110 8
111 8
112 8
112 8
113 8
114 8
114 8
115 8
116 8
117 8
117 8
118 8
119 7
119 7
120 7
121 7
121 7
122 7
