20 0
22 0
22 0
23 0
24 0
25 0
25 0
26 0
27 0
27 0
28 0
29 0
30 0
30 0
31 0
32 0
32 0
33 0
34 0
34 0
35 0
37 0
37 0
38 0
39 0
39 0
40 0
40 0
42 0
42 0
43 0
44 0
44 0
45 0
45 0
46 0
47 0
47 0
48 0
49 0
50 0
51 0
51 0
52 0
53 0
53 0
54 0
55 0
56 0
56 0
57 0
58 0
58 0
59 0
60 0
60 0
61 0
62 1
62 1
63 0
64 0
64 0
65 0
66 1
67 2
68 1
68 2
69 1
70 1
70 2
71 2
72 1
72 2
74 2
74 1
75 2
75 1
77 1
77 1
78 2
79 1
79 1
80 2
80 2
81 2
82 2
82 2
83 2
84 2
85 2
85 2
86 2
87 2
87 2
88 2
89 2
90 2
90 2
91 2
92 3
93 2
93 2
94 2
95 2
95 2
96 2
97 2
97 2
98 2
99 2
100 2
100 1
101 2
102 2
102 2
103 2
104 2
105 4
105 1
106 2
107 2
108 1
108 1
109 1
109 2
110 2
111 1
111 2
112 2
113 2
114 2
115 3
115 3
116 2
116 3
117 2
118 2
119 2
119 3
120 3
121 2
