20 0
22 0
23 0
23 0
24 0
25 0
26 0
26 0
27 0
28 0
28 0
29 0
30 0
30 0
31 0
32 0
32 0
33 0
34 0
35 0
35 0
36 0
37 0
38 0
38 0
39 0
40 0
41 0
41 0
42 0
43 0
44 0
44 0
45 0
46 0
46 0
47 0
48 0
48 0
49 0
50 0
51 0
51 0
52 0
53 0
54 0
54 0
55 0
56 0
56 0
57 1
58 1
58 2
59 2
60 1
61 2
61 1
62 1
63 2
63 1
64 2
65 2
66 2
66 2
67 2
68 2
68 3
69 2
70 2
71 3
71 2
72 2
73 3
73 3
74 3
75 2
76 2
77 2
77 2
78 2
78 4
79 4
80 3
81 3
81 4
82 4
83 4
83 5
84 4
85 4
85 4
86 4
87 4
88 5
88 4
89 5
90 5
91 4
91 4
92 5
93 5
94 5
94 5
95 5
96 5
96 5
97 5
98 6
98 5
99 5
100 5
101 5
101 5
102 5
103 5
103 5
104 5
105 5
106 5
107 5
107 5
108 5
108 5
109 5
110 5
111 5
111 5
112 5
113 5
113 5
114 5
115 5
115 5
116 5
117 5
118 6
118 5
119 6
120 5
121 6
122 5
