20 0
22 0
22 0
23 0
24 0
24 0
25 0
26 0
26 0
28 0
28 0
28 0
29 0
30 0
30 0
31 0
32 0
32 0
33 0
34 0
35 0
35 0
36 0
36 0
38 0
38 0
38 0
39 0
40 0
41 0
41 0
42 1
43 1
44 2
44 2
45 2
46 2
47 2
47 2
48 2
49 2
49 2
50 2
51 2
51 2
52 2
53 2
54 2
55 3
55 2
56 2
56 4
57 4
58 4
58 4
59 3
60 3
61 3
61 3
62 4
63 4
63 4
64 4
64 5
65 4
66 4
66 4
67 4
68 4
68 5
69 4
70 4
70 4
71 5
72 4
73 4
73 4
74 5
75 5
75 4
76 4
77 4
77 4
78 5
79 5
80 5
80 5
81 5
82 5
82 5
83 6
84 4
85 5
85 5
86 5
87 5
87 6
88 5
88 6
89 6
90 5
90 5
91 5
92 5
92 5
93 4
94 4
94 4
95 4
96 5
97 4
98 5
98 4
99 4
99 4
100 4
101 4
102 4
102 4
103 4
103 4
104 4
105 4
105 4
106 4
107 4
108 4
109 4
109 5
110 4
110 4
111 4
112 4
113 4
113 4
114 4
115 5
115 5
116 5
117 5
117 5
118 5
118 5
119 6
120 5
121 6
121 5
