20 0
22 0
22 0
23 0
24 0
25 0
25 0
26 0
27 0
28 0
29 0
29 0
30 0
31 0
32 0
32 0
33 0
34 0
35 0
35 0
36 0
36 0
37 0
38 0
39 0
39 0
40 0
41 0
41 0
42 0
43 1
44 1
44 1
45 0
46 1
46 0
47 2
48 2
49 3
49 4
50 2
51 3
51 3
52 4
52 4
53 4
54 4
55 4
56 4
56 4
57 4
57 4
58 4
59 5
59 5
60 4
61 6
61 4
62 4
63 5
64 5
64 5
65 4
66 5
67 5
67 5
68 6
69 5
69 6
70 6
70 6
71 5
72 5
73 5
73 6
74 6
75 7
75 6
76 7
77 8
77 7
78 7
79 7
79 8
80 7
81 8
81 7
82 6
83 7
83 7
85 8
85 9
86 7
86 8
87 8
88 8
88 7
89 7
90 9
91 9
92 9
92 9
93 8
94 8
94 8
95 7
95 8
96 7
97 6
98 6
98 8
99 7
100 8
100 7
101 7
102 7
103 7
103 7
104 7
104 8
105 9
106 8
107 8
107 8
108 7
109 7
109 8
110 7
111 8
112 8
112 7
113 8
114 7
115 7
115 8
116 7
116 7
117 7
118 8
119 7
119 7
120 7
120 8
121 8
