20 0
22 0
23 0
23 0
24 0
25 0
25 0
26 0
27 0
27 0
28 0
29 0
29 0
30 0
31 0
32 0
32 0
33 0
33 0
34 0
35 0
36 1
36 1
37 0
37 0
38 1
39 1
39 1
40 1
41 1
41 1
42 1
43 2
44 2
45 2
46 2
46 2
47 2
47 2
49 2
49 2
50 2
51 2
52 3
52 2
53 3
53 2
54 2
54 2
55 2
56 3
57 2
57 3
58 2
59 4
59 4
60 3
60 4
61 4
62 3
63 4
63 4
64 4
65 4
66 3
66 4
67 4
67 4
68 4
69 4
70 4
70 4
71 4
71 4
72 4
73 4
73 4
74 5
75 4
76 4
76 4
77 4
77 4
78 4
79 4
80 4
80 5
82 5
82 5
83 5
83 5
84 5
85 5
85 5
86 5
87 5
87 5
88 5
89 5
90 5
90 5
91 5
91 5
92 5
93 5
93 5
94 5
95 5
95 5
96 5
97 5
97 5
98 5
98 5
99 5
100 5
101 5
102 5
102 5
103 5
104 5
104 5
105 5
106 6
107 6
107 5
108 6
109 6
109 6
110 6
111 6
111 7
112 7
113 6
113 7
114 7
115 6
115 7
116 7
117 7
117 7
119 7
120 7
120 6
120 6
121 6
