20 0
22 0
23 0
23 0
24 0
25 0
25 0
26 0
27 0
27 0
28 0
29 0
29 0
30 0
31 0
31 1
32 0
33 0
34 0
34 1
35 1
36 1
37 1
37 2
38 3
39 3
39 3
40 3
41 3
42 3
42 3
43 3
44 3
44 3
45 3
46 3
47 3
47 3
48 3
48 3
49 3
50 3
50 3
51 3
52 3
53 3
53 3
54 3
54 3
55 3
56 3
57 3
57 4
58 3
59 3
59 4
61 3
61 4
62 4
62 3
63 4
64 4
64 3
65 3
66 4
67 3
67 3
68 3
69 4
69 3
70 4
71 5
72 4
73 4
73 4
74 4
75 4
75 5
76 4
77 4
77 5
79 4
79 4
80 4
80 4
81 5
82 4
83 4
83 4
84 6
84 5
85 4
86 4
87 4
87 4
88 4
88 4
90 5
90 4
91 4
91 4
92 5
93 4
94 4
94 4
95 5
95 4
96 5
97 5
98 5
98 5
99 5
100 5
101 5
101 4
102 5
103 5
103 5
104 5
105 5
106 6
106 5
107 5
107 5
108 5
109 6
110 5
110 5
111 6
112 7
112 7
113 5
114 6
114 6
116 6
116 6
117 5
117 5
118 6
119 6
120 6
120 6
121 9
122 7
123 7
