20 0
22 0
23 0
24 0
24 0
25 0
26 0
26 0
27 0
28 0
29 0
29 0
30 0
31 0
31 0
32 0
33 0
34 0
34 0
35 0
36 0
36 0
37 0
38 0
38 0
39 0
40 0
40 0
41 0
42 0
43 1
43 0
44 0
45 1
45 1
46 2
47 2
47 1
48 2
49 2
50 2
50 1
51 2
52 2
53 2
53 2
54 2
54 2
55 2
56 2
57 2
58 2
58 2
59 2
59 2
60 2
61 2
61 2
62 2
63 2
64 2
64 2
65 2
66 2
66 2
67 3
68 3
68 3
69 3
70 4
71 4
72 4
72 5
73 4
73 4
74 4
75 3
76 4
76 4
77 5
78 6
78 4
79 4
80 4
81 4
81 4
82 4
83 4
84 4
84 4
85 5
85 5
86 4
87 5
88 6
89 6
89 7
90 5
91 6
91 7
92 6
93 7
93 7
94 7
95 6
95 8
96 8
97 7
98 7
98 7
99 7
100 8
101 7
101 7
102 7
103 8
103 8
104 8
105 8
105 8
106 8
107 8
108 8
108 8
109 8
110 8
111 8
111 7
112 8
113 8
113 6
114 6
115 7
115 6
116 6
117 7
117 8
118 8
119 7
119 7
120 7
121 8
