20 0
22 0
23 0
24 0
24 0
25 0
25 0
26 0
27 0
28 0
28 0
29 0
29 0
30 0
31 0
32 0
32 0
33 0
34 0
34 0
35 0
36 0
36 1
37 1
38 1
39 0
39 1
40 1
40 2
41 1
42 1
43 1
43 1
44 1
44 1
45 1
46 2
46 1
48 1
48 1
49 2
49 1
50 2
51 1
51 1
52 1
53 1
54 2
54 1
55 1
56 2
56 1
58 2
59 2
59 2
59 2
60 2
61 2
61 2
62 2
63 2
63 2
64 3
65 3
65 3
66 3
67 3
68 3
68 3
69 3
69 3
70 3
71 3
71 3
72 3
73 4
74 4
74 5
75 4
76 4
76 5
77 4
78 5
79 5
79 5
80 6
81 7
81 7
82 6
82 6
83 6
84 6
85 6
85 6
86 6
86 6
87 7
88 7
89 7
89 7
90 7
91 8
91 7
92 8
93 8
94 8
95 8
95 8
96 8
96 8
97 8
98 9
98 10
99 9
100 8
101 8
101 8
102 8
103 8
103 8
104 7
105 7
105 7
106 7
107 8
107 8
108 8
109 7
110 8
111 9
111 8
112 8
112 8
113 7
114 8
114 9
115 8
116 9
117 8
117 9
118 9
118 9
119 8
120 8
120 8
121 8
122 8
