20 0
22 0
23 0
23 0
24 0
25 0
25 0
26 0
27 0
28 0
28 0
29 0
30 0
30 0
31 0
32 0
33 0
33 0
34 0
35 0
35 0
36 0
37 0
37 0
38 0
39 0
39 0
40 0
41 0
42 0
42 0
43 0
44 0
45 0
45 0
46 0
47 0
48 0
48 0
49 0
50 0
50 0
51 0
51 0
52 0
53 0
54 0
54 0
55 0
56 0
57 0
57 0
58 0
59 0
59 0
60 0
61 0
61 0
62 0
63 0
64 0
65 0
65 0
66 1
67 0
67 0
68 0
69 0
69 0
70 0
71 1
71 0
72 0
73 1
74 0
74 2
75 1
76 1
77 1
77 2
78 2
79 3
79 1
80 1
81 1
82 1
82 1
83 1
84 2
84 3
85 1
86 3
87 3
87 2
88 2
89 3
89 3
90 4
91 5
91 5
92 3
93 5
93 3
94 2
95 3
96 4
96 4
97 4
98 4
99 4
99 4
100 4
101 3
101 4
102 4
103 4
104 4
104 4
105 4
106 4
107 4
108 4
109 5
109 5
110 5
111 5
111 4
112 5
113 5
113 5
114 6
114 5
116 5
116 6
117 6
117 6
118 5
119 6
120 7
121 7
121 7
122 7
