20 0
22 0
23 0
23 0
24 0
25 0
25 0
26 0
27 0
27 0
29 0
29 0
29 0
30 0
31 0
32 0
32 0
33 0
34 0
34 0
35 0
36 0
37 0
37 0
38 0
38 0
39 0
40 0
41 0
41 0
42 0
43 0
43 0
44 0
45 0
45 0
46 0
47 0
48 0
48 0
49 0
50 0
50 0
51 0
52 0
53 0
53 0
54 1
55 1
55 1
56 0
57 0
57 2
58 0
59 0
59 0
60 0
61 0
62 0
62 0
63 0
64 0
64 0
65 1
66 1
66 0
67 1
68 1
69 0
69 0
70 0
71 0
71 1
72 1
73 1
73 1
74 1
75 1
76 1
77 1
77 1
78 2
79 2
79 1
80 1
81 2
81 2
82 1
83 3
83 2
84 3
85 1
85 1
86 1
87 2
87 1
88 1
89 1
89 2
91 2
91 1
92 2
92 2
93 2
94 2
94 3
95 2
96 2
97 2
98 3
98 2
99 2
99 3
100 3
101 3
102 3
102 3
103 3
104 4
104 2
105 3
106 4
106 4
107 4
108 5
109 4
109 4
110 4
110 4
111 4
112 4
113 3
113 3
114 3
115 4
116 4
116 5
117 4
118 3
118 5
119 5
119 4
121 6
121 5
122 5
