20 0
22 0
22 0
24 0
24 0
25 0
25 0
26 0
27 0
27 0
28 0
29 0
29 0
30 0
31 0
32 0
33 0
33 0
34 0
35 0
35 0
36 0
37 0
38 1
38 0
39 0
40 0
40 0
41 0
42 0
42 1
43 1
44 0
44 0
45 1
46 1
47 0
47 0
48 2
49 0
50 1
50 2
51 2
52 2
52 2
53 2
54 2
55 2
55 3
56 3
56 2
57 3
58 4
59 3
59 3
60 4
61 3
62 4
62 4
64 3
64 4
64 4
65 5
66 5
67 5
67 5
68 4
69 5
69 6
70 5
71 4
71 5
72 5
73 4
74 4
74 5
75 5
76 6
76 6
77 5
78 6
79 6
79 6
80 7
81 6
81 7
82 7
83 6
84 6
84 7
85 6
86 6
87 6
87 7
88 6
88 6
90 7
90 8
91 7
91 8
92 7
93 8
94 7
95 8
95 8
96 8
96 9
97 8
98 8
99 9
99 9
100 8
101 9
101 8
102 9
103 9
104 9
105 8
105 9
106 9
107 9
107 8
108 9
108 9
109 8
110 8
111 9
111 11
112 9
113 10
113 10
114 9
115 10
115 9
116 9
117 9
118 10
119 10
119 9
120 10
121 10
121 9
