20 0
22 0
23 0
23 0
24 0
25 0
25 0
26 0
27 0
28 0
28 0
29 0
30 0
30 0
31 0
32 0
32 0
33 0
33 0
34 0
35 0
36 0
36 0
37 0
38 0
38 0
39 0
40 0
40 0
41 0
42 0
43 0
43 0
44 0
44 0
45 0
46 0
46 0
47 0
48 0
49 0
50 0
51 0
51 0
52 0
53 0
53 0
54 0
55 0
55 0
56 0
57 0
57 0
58 0
59 0
59 1
60 1
61 1
62 1
62 1
63 1
64 1
65 1
65 1
66 1
66 1
67 1
68 1
69 1
70 1
70 1
71 1
72 1
73 1
73 2
74 2
74 1
75 1
76 2
76 1
77 2
78 2
78 3
79 3
80 2
80 3
81 3
82 3
82 3
83 3
84 3
85 3
85 3
86 3
87 3
87 3
88 3
88 5
90 3
90 4
91 3
91 4
92 4
93 4
94 4
94 4
95 4
95 4
96 4
97 4
98 4
98 4
99 4
100 4
101 4
101 4
102 4
103 4
103 4
104 4
105 4
106 4
106 4
107 4
107 4
108 4
109 4
109 4
110 4
111 5
112 4
113 4
113 4
114 5
114 4
115 4
115 4
116 5
117 5
118 4
118 6
119 4
120 5
120 4
122 4
