20 0
22 0
23 0
23 0
24 0
25 0
25 0
26 0
27 0
27 0
28 0
29 0
29 0
30 0
31 0
32 0
32 0
33 0
34 0
35 0
35 0
36 0
36 0
38 0
38 0
39 0
39 0
40 0
41 0
41 0
42 0
43 0
44 0
44 0
45 0
46 0
47 0
47 0
48 0
49 0
49 0
50 0
51 0
51 0
52 0
53 0
54 0
54 0
55 0
56 0
56 0
57 0
58 0
59 0
59 0
60 0
61 0
61 0
62 0
63 0
64 0
64 0
65 0
66 0
66 0
67 0
68 0
68 1
69 1
70 1
70 0
71 0
72 1
72 1
73 1
74 1
75 1
75 1
76 1
77 1
78 1
78 1
79 1
80 1
80 1
81 2
82 1
83 1
83 1
84 1
85 1
86 1
86 2
87 2
89 2
89 2
90 4
90 4
91 2
92 3
93 4
93 3
94 3
95 3
95 4
96 4
97 4
97 4
98 4
99 4
100 3
100 4
101 5
102 4
102 4
103 4
104 3
104 4
105 4
106 4
107 5
107 5
108 5
109 5
109 4
110 5
111 5
112 5
112 5
113 6
114 5
114 5
115 5
116 5
116 5
117 6
118 5
119 5
119 5
121 5
121 5
