20 0
22 0
22 0
24 0
24 0
25 0
25 0
26 0
27 0
27 0
29 0
29 0
30 0
30 0
31 0
32 0
33 0
33 0
34 0
35 0
36 0
36 0
37 0
38 0
38 0
39 0
40 0
40 0
41 0
42 0
42 0
43 0
44 0
45 0
45 0
46 0
47 1
47 1
48 1
49 1
50 1
50 1
51 1
52 1
52 1
54 1
54 1
55 1
55 1
56 1
57 2
58 2
58 2
60 2
60 2
60 2
61 3
62 2
63 3
63 3
64 3
65 3
65 3
66 3
67 3
68 4
68 2
69 3
70 2
71 2
71 3
72 3
72 4
73 4
74 4
75 3
75 4
76 6
76 4
77 4
78 5
79 4
79 4
80 4
81 7
82 4
82 6
83 4
84 5
85 7
85 4
86 4
87 5
87 6
88 5
89 5
89 6
91 6
91 6
92 5
92 6
93 6
94 6
95 6
95 6
96 5
97 6
97 7
98 8
99 8
99 6
100 7
101 7
102 7
102 8
103 7
104 8
104 8
105 8
106 8
107 8
107 7
108 8
109 9
109 8
110 8
111 7
112 8
112 8
113 7
114 8
114 8
115 8
116 8
116 9
117 8
118 8
119 7
119 7
120 7
121 7
121 7
