20 0
22 0
22 0
23 0
24 0
24 0
25 0
26 0
27 0
27 0
29 0
29 0
30 0
31 0
31 0
32 0
33 0
33 0
34 0
35 0
35 0
36 1
36 0
37 0
38 1
39 1
40 0
40 0
41 1
41 0
42 0
43 1
44 1
44 1
45 1
46 0
46 0
47 1
48 1
48 3
49 3
50 3
51 3
51 3
52 3
52 4
53 4
54 4
55 4
55 5
56 4
57 4
57 4
58 6
59 6
59 6
60 6
61 6
61 5
62 6
63 6
63 6
64 6
65 6
65 7
66 7
67 7
67 7
69 7
69 7
70 7
70 7
71 7
72 6
73 7
73 6
74 6
74 7
75 8
76 8
77 6
77 7
78 6
79 6
79 7
80 6
81 9
81 6
82 8
83 7
83 7
84 7
85 7
85 7
86 8
87 7
87 7
88 8
89 8
90 7
90 8
91 8
92 8
93 9
93 8
94 8
94 8
95 7
95 8
96 7
97 7
98 7
99 6
99 7
100 7
101 6
101 6
102 6
103 6
103 6
104 5
105 5
105 6
106 6
107 6
108 6
109 6
109 5
110 6
110 5
111 6
112 6
113 6
113 6
114 6
114 5
115 5
116 5
117 5
117 5
118 5
119 5
120 5
120 5
121 5
