20 0
22 0
22 0
24 0
24 0
25 0
25 0
26 0
26 0
27 0
28 0
29 0
30 0
30 0
31 0
32 0
32 0
33 0
34 0
34 0
35 0
36 0
37 0
37 0
38 0
39 0
40 0
41 0
41 0
42 0
42 0
43 0
44 0
45 0
45 0
46 0
47 0
47 1
48 0
49 0
50 0
50 0
51 0
52 0
53 0
53 0
54 0
55 0
55 0
56 0
57 1
58 0
59 1
59 1
60 1
61 0
61 0
62 0
62 0
63 1
64 0
65 1
66 1
66 1
67 1
67 1
68 1
69 1
70 2
71 2
71 2
72 2
73 2
73 2
74 2
75 2
76 2
76 3
77 2
78 2
79 2
79 3
80 2
80 3
81 2
82 2
82 2
83 3
84 3
85 3
85 3
86 3
87 3
88 3
88 3
89 3
90 3
90 2
91 2
92 2
92 4
93 4
94 3
94 4
95 4
96 5
97 5
98 4
98 3
99 4
99 5
101 5
101 5
102 5
102 5
103 5
104 5
105 4
105 5
106 5
107 5
107 5
108 4
109 5
110 5
110 5
111 5
112 5
112 4
113 5
114 5
114 5
115 4
116 4
117 4
117 4
118 4
119 4
120 5
120 4
121 4
122 5
