20 0
22 0
23 0
23 0
24 0
25 0
25 0
26 0
27 0
28 1
28 1
29 1
30 1
30 2
31 1
32 1
33 1
33 1
34 1
35 1
36 1
36 1
37 2
38 1
38 2
39 2
39 2
40 1
41 2
42 2
42 3
43 3
44 3
44 2
45 2
46 3
46 2
47 2
48 2
49 3
49 3
50 3
51 3
52 3
52 3
53 3
54 4
54 4
55 3
56 4
56 3
57 3
58 3
59 3
59 3
60 3
61 3
61 3
62 3
63 3
64 4
64 3
65 3
66 3
66 3
67 3
68 3
69 3
70 3
70 3
71 3
72 3
73 3
73 3
74 3
74 3
76 5
76 4
76 3
77 3
78 3
79 3
79 3
80 3
81 3
81 4
82 4
83 3
84 4
84 3
85 4
86 4
87 5
87 4
88 5
89 5
89 5
90 4
91 5
92 5
92 5
93 6
94 4
95 4
96 4
96 5
97 4
97 4
98 5
99 5
99 4
101 5
101 4
102 4
103 5
103 6
104 5
105 4
105 4
107 4
107 4
108 4
108 4
109 4
110 5
110 4
111 4
112 5
112 4
113 4
114 5
115 4
115 5
116 6
117 6
117 5
118 5
119 4
119 6
120 5
121 5
