20 0
22 0
23 0
23 0
24 0
25 0
26 0
26 0
27 0
28 0
29 0
29 0
30 0
30 0
31 0
32 0
33 0
33 1
34 2
35 1
35 1
37 1
37 2
37 1
39 2
39 2
40 2
40 1
41 1
42 2
43 2
43 2
44 1
45 2
45 2
46 2
47 2
47 2
48 2
49 2
50 2
50 2
51 2
52 2
53 2
53 2
54 2
55 2
55 2
56 3
57 2
57 3
58 2
59 2
60 2
61 2
61 2
62 2
63 2
64 2
64 2
65 2
65 2
66 2
67 2
67 2
68 2
69 2
70 2
71 2
71 3
72 3
73 2
73 3
74 4
75 4
76 3
76 4
78 5
78 5
79 4
79 5
80 5
81 4
81 4
82 4
83 6
84 6
85 6
85 6
85 6
86 6
87 5
88 6
89 6
89 6
90 6
91 7
91 6
92 6
93 7
94 7
94 7
95 7
96 7
96 7
97 8
98 8
99 7
99 7
100 7
101 7
102 7
102 7
103 7
104 7
104 8
105 7
106 7
106 8
107 8
108 8
108 8
109 7
110 7
111 8
111 8
112 8
113 8
114 8
115 8
116 8
117 8
118 7
118 7
118 7
119 7
120 7
120 7
121 7
