20 0
22 0
22 0
23 0
24 0
25 0
25 0
26 0
27 0
27 0
28 0
29 0
30 0
30 0
31 0
31 0
32 0
33 0
34 0
35 0
35 0
36 1
37 1
37 1
38 1
39 1
39 2
40 1
41 1
42 2
42 1
43 1
44 2
44 2
45 3
46 2
46 2
47 2
48 4
48 4
49 4
50 3
50 4
51 3
52 4
52 3
54 4
54 5
54 4
55 4
56 4
57 4
58 5
58 5
59 4
60 5
60 4
61 5
62 5
62 5
63 6
64 5
64 6
65 6
66 6
67 6
67 6
68 5
68 7
70 5
70 6
71 7
72 8
72 7
73 7
74 8
74 8
75 8
76 8
76 8
77 9
78 8
78 8
79 8
80 7
81 8
81 7
82 8
83 7
83 8
84 7
85 7
85 8
86 8
86 8
87 8
88 8
89 8
89 8
90 8
91 8
91 7
92 7
93 7
94 7
94 7
96 7
96 7
96 7
98 7
98 7
99 7
100 7
101 7
101 7
102 7
102 7
103 7
104 7
104 7
105 7
106 7
107 7
107 7
108 7
109 7
109 7
110 7
111 7
111 7
112 7
113 7
113 7
114 8
115 7
115 7
117 7
117 7
118 7
118 7
119 7
120 7
120 7
121 7
122 7
