20 0
22 0
22 0
23 0
24 0
25 0
25 0
26 0
27 0
28 0
28 0
30 1
30 1
31 0
31 1
32 1
32 1
33 1
34 1
34 1
35 1
36 1
37 1
37 1
38 1
39 1
39 2
40 2
41 1
41 3
42 2
43 3
43 3
44 3
45 3
45 3
46 3
47 3
47 3
48 3
49 3
50 3
51 3
51 3
52 3
53 3
53 3
54 3
54 3
55 3
56 3
57 3
57 3
58 3
59 3
59 3
60 3
61 3
61 3
62 3
63 3
63 4
64 3
65 3
66 4
66 3
67 3
67 3
68 3
69 3
70 3
70 3
71 3
72 3
72 4
73 4
74 4
74 3
75 4
76 4
76 4
77 4
78 4
79 4
80 5
80 4
81 4
81 5
82 5
83 6
83 5
84 5
85 4
85 5
86 4
87 5
87 6
88 5
89 5
89 4
90 5
91 5
91 5
92 5
93 5
94 5
95 6
95 6
96 6
97 6
97 6
98 6
99 6
99 6
100 6
101 6
101 6
102 6
103 5
104 6
104 5
105 5
106 6
106 6
107 6
108 6
108 6
109 6
110 6
110 6
111 6
112 6
112 7
113 7
114 7
114 6
115 6
116 6
116 5
117 6
118 6
119 6
120 6
120 6
121 6
121 6
