20 0
22 0
22 0
24 0
24 0
25 0
26 0
26 0
27 0
28 0
28 0
29 0
30 0
30 0
31 0
32 0
33 0
33 0
34 0
34 0
35 0
36 0
37 0
37 0
38 0
39 1
39 1
40 1
41 1
42 0
42 0
43 0
44 1
44 0
45 1
46 2
46 1
47 1
48 1
48 2
49 1
50 1
51 1
51 1
52 2
54 1
54 3
55 2
56 2
56 2
57 2
57 2
58 2
59 2
60 3
60 2
61 3
61 2
62 3
63 4
64 3
64 4
65 4
66 4
67 4
67 3
68 5
69 4
69 3
70 4
70 3
71 5
72 6
73 5
74 5
74 6
75 6
76 7
76 5
77 7
78 8
79 6
79 8
80 8
81 8
82 8
83 8
83 11
83 9
84 9
85 8
85 9
86 9
87 9
87 9
88 10
89 8
90 10
90 8
91 10
91 9
93 10
93 8
94 9
95 10
95 11
96 12
97 11
97 12
98 10
99 11
100 10
101 11
102 11
102 11
103 11
103 11
104 10
105 10
105 12
106 10
107 10
108 11
108 11
109 10
110 11
110 12
111 13
112 11
113 11
113 10
114 12
115 11
115 12
116 11
117 12
117 12
118 12
119 12
120 12
120 11
121 12
121 12
122 12
