20 0
22 0
23 0
23 0
24 0
25 0
25 0
26 0
26 0
27 0
28 0
29 0
30 0
30 0
31 0
31 0
32 0
32 0
33 0
34 0
35 0
35 0
36 0
37 0
37 0
38 0
39 0
39 0
40 0
41 0
41 0
42 1
43 0
44 1
44 0
45 0
46 1
46 0
47 0
48 0
48 0
49 0
50 1
50 2
51 2
52 1
53 1
53 1
54 2
55 3
55 3
56 2
56 3
57 3
58 3
59 2
60 2
60 3
61 4
61 6
62 3
63 5
64 4
64 4
65 3
66 4
66 5
67 5
67 3
68 5
69 4
70 4
71 5
71 4
72 4
73 4
73 4
74 4
75 4
75 5
76 4
77 4
77 4
78 4
79 4
80 4
81 4
81 4
82 4
82 4
83 4
84 4
85 4
86 4
86 4
87 4
87 4
88 5
89 4
89 5
90 5
92 4
92 5
94 5
94 5
94 5
95 5
96 5
96 5
97 5
97 5
98 5
99 5
100 6
100 6
101 6
102 6
102 6
103 6
104 6
105 6
105 6
106 6
107 6
107 6
108 4
109 5
110 5
110 4
111 4
112 4
112 4
113 4
114 4
115 4
116 4
116 4
117 4
117 4
118 4
119 4
119 4
120 4
121 4
121 4
122 4
123 4
