20 0
22 0
22 0
23 0
24 0
25 0
25 0
26 0
27 0
27 0
28 0
29 0
29 0
30 0
31 0
32 0
32 0
33 0
34 1
34 1
35 0
36 0
37 1
37 0
38 1
39 1
40 1
40 1
41 1
42 1
42 1
43 1
44 1
44 1
45 1
46 1
46 1
47 1
48 1
49 1
49 1
50 1
51 1
51 2
52 2
53 2
54 2
55 2
55 2
56 2
56 2
57 2
58 2
59 2
59 2
60 2
61 2
62 2
62 2
63 2
64 2
65 2
65 2
66 2
66 2
67 2
68 2
69 2
70 3
70 2
71 2
71 2
72 3
73 3
74 2
74 2
75 2
76 2
76 3
77 3
78 4
78 4
79 4
80 4
80 4
81 4
82 4
83 4
84 4
84 4
85 4
86 4
86 5
87 4
88 5
89 4
89 5
90 5
91 5
91 4
92 5
93 6
93 5
94 5
95 5
96 5
97 5
97 5
98 6
98 4
100 6
100 5
101 5
101 5
102 6
103 5
104 5
104 5
105 6
106 5
106 6
107 5
108 5
108 5
109 5
110 5
110 5
111 5
112 5
113 5
113 5
114 5
115 5
115 5
116 6
117 5
118 5
118 5
119 6
120 5
121 5
122 6
