20 0
22 0
23 0
23 0
24 0
25 0
25 0
26 0
27 0
27 0
28 0
29 0
29 0
30 0
31 0
32 0
32 0
33 0
33 0
35 0
35 0
36 1
36 0
37 0
38 1
38 1
39 1
40 1
40 1
41 1
42 1
43 2
44 2
45 2
45 2
46 2
47 2
47 1
48 1
49 2
50 2
50 2
51 2
52 3
52 2
53 3
54 3
54 2
55 2
55 2
56 3
57 2
58 2
59 2
59 2
60 2
60 2
61 3
62 2
63 2
63 2
64 2
65 3
65 3
66 2
66 4
67 2
68 2
69 3
69 2
70 3
71 3
72 3
72 3
72 4
74 4
74 4
75 4
76 3
76 3
77 5
78 5
78 5
79 5
80 4
81 5
81 5
82 5
83 5
83 5
84 5
85 6
85 6
86 6
87 6
87 6
88 7
89 7
89 7
90 7
91 7
91 7
92 7
93 7
93 6
94 7
95 6
96 6
97 6
97 6
98 6
98 7
99 7
99 6
100 5
101 6
102 6
103 6
103 6
104 6
105 5
105 6
106 7
106 6
107 6
108 6
109 6
109 7
110 6
111 6
111 6
112 7
113 6
113 6
114 6
115 6
116 6
116 6
117 6
118 6
118 6
119 6
120 6
120 6
121 6
122 6
