20 0
22 0
22 0
23 0
24 0
25 0
25 0
26 0
27 0
28 0
28 0
29 0
30 0
30 0
31 0
32 0
32 0
33 0
33 0
34 0
35 0
36 0
36 0
37 0
37 0
38 0
39 0
40 1
41 1
41 1
42 2
43 1
44 1
44 1
45 2
45 2
46 2
47 2
47 1
48 2
49 2
49 2
50 2
51 2
52 2
52 2
53 2
54 4
54 3
55 3
56 4
56 3
57 3
58 3
58 4
59 4
60 4
60 3
61 4
62 4
63 4
63 4
64 5
65 5
65 5
66 5
67 4
67 4
68 5
69 5
69 5
70 5
71 5
72 5
72 5
73 5
73 5
74 5
75 5
75 5
76 5
77 5
77 5
78 5
79 5
80 5
81 5
81 5
82 5
82 5
83 5
84 5
85 5
85 5
86 5
87 5
87 6
88 6
88 5
89 6
90 6
91 6
92 6
92 5
93 5
94 5
95 5
95 5
96 6
97 6
97 5
98 5
99 5
99 5
100 5
101 5
101 5
102 5
103 5
103 5
105 5
105 5
106 5
107 5
107 5
108 5
109 5
109 5
110 5
111 5
111 5
112 5
112 5
113 5
114 6
115 6
115 6
116 6
117 6
117 6
118 6
119 6
119 5
120 6
121 6
121 6
