20 0
22 0
23 0
23 0
24 0
25 0
25 0
26 0
26 0
27 0
28 0
29 0
29 1
30 2
31 2
31 2
33 2
33 2
34 2
34 2
36 2
36 2
37 2
37 2
38 2
39 2
39 2
40 2
41 2
41 2
42 3
43 3
43 3
44 3
45 3
45 3
46 3
47 3
47 3
48 3
49 3
49 4
50 3
51 4
52 3
52 4
53 4
54 4
54 4
55 4
56 4
56 4
57 4
58 4
58 4
60 4
60 4
61 4
61 3
62 4
63 4
63 4
64 3
64 4
65 4
66 4
67 4
67 4
68 4
68 5
69 4
70 4
70 4
72 4
72 4
73 5
73 5
74 6
75 6
75 6
76 6
77 6
77 6
78 6
79 6
80 6
80 6
81 6
82 6
82 6
83 6
83 7
84 6
85 6
86 6
86 6
87 6
88 6
88 6
89 6
90 6
90 6
91 6
92 7
93 6
93 6
94 7
94 7
95 7
96 7
96 7
97 7
98 7
99 7
99 7
100 7
101 6
101 8
102 7
103 7
103 7
104 8
105 7
105 7
106 8
107 7
108 7
108 7
109 7
110 7
110 7
111 7
112 7
112 7
113 7
113 7
114 7
115 7
116 7
116 7
117 7
117 7
118 7
119 7
120 7
121 7
121 7
