20 0
22 0
23 0
23 0
24 0
25 0
25 0
26 0
27 0
27 0
28 0
29 0
29 0
30 0
31 1
31 1
32 1
32 0
33 1
34 1
35 1
35 1
36 1
37 1
37 1
38 1
39 1
39 1
40 1
41 1
42 2
42 1
43 1
44 2
44 2
45 3
46 2
46 3
47 3
48 3
48 3
49 3
50 4
51 3
51 3
52 3
52 4
53 5
54 4
54 4
55 4
56 5
56 5
57 4
58 4
59 4
60 6
60 6
61 5
61 5
62 5
63 5
64 6
64 6
65 5
66 6
67 6
67 5
68 6
69 8
69 6
70 6
71 5
71 6
72 5
73 6
74 6
74 7
75 5
75 5
76 6
77 6
77 6
78 7
79 8
79 7
80 8
81 8
82 7
82 8
83 9
84 8
84 9
85 8
86 10
87 9
87 9
88 9
88 11
89 11
90 10
91 9
91 10
92 8
93 9
93 10
94 10
95 10
96 10
96 10
96 10
97 10
98 10
99 10
99 10
100 9
101 10
101 10
102 9
103 10
103 10
104 8
105 9
106 9
106 10
107 9
107 9
108 10
109 9
109 9
110 10
111 9
112 9
113 9
113 9
114 9
115 9
116 9
116 10
117 10
118 9
119 9
119 9
120 9
120 9
121 9
122 9
