20 0
22 0
23 0
24 0
24 0
25 0
25 0
26 0
27 0
27 0
28 0
29 0
29 0
30 0
31 0
32 0
32 0
33 0
34 0
34 0
35 0
35 0
36 0
37 0
38 0
38 0
39 0
40 0
40 0
41 0
41 0
42 0
43 0
44 0
44 1
45 0
46 0
46 0
47 2
48 2
49 3
49 1
50 1
51 2
52 1
52 3
53 1
53 1
55 3
55 3
56 2
56 3
57 3
57 3
58 2
59 3
59 3
60 5
61 3
61 4
62 3
63 3
64 4
64 4
65 4
66 3
66 4
67 4
68 5
69 4
69 4
70 4
71 3
71 4
72 3
72 4
73 3
74 4
75 5
76 5
77 5
77 5
77 5
78 5
79 4
79 5
80 5
81 5
82 5
83 5
83 5
84 5
85 5
85 5
86 5
87 5
87 5
87 5
88 5
89 5
90 5
91 5
92 5
92 5
93 5
94 5
94 5
95 5
95 5
96 5
96 5
97 5
98 5
99 5
99 5
100 5
101 5
102 5
102 5
103 5
103 5
104 5
105 5
105 5
106 5
107 5
107 5
108 5
109 5
110 5
110 5
111 5
112 5
112 5
113 5
114 5
114 5
115 5
116 5
117 5
117 5
118 5
118 5
119 5
120 5
121 5
122 5
