20 0
22 0
22 0
23 0
24 0
24 0
25 0
26 0
27 0
27 0
28 0
29 0
29 0
30 0
31 0
31 0
32 0
33 0
33 0
34 0
35 0
35 0
36 0
37 0
37 0
38 0
39 0
40 1
40 1
41 1
42 1
42 1
43 1
44 2
45 4
45 4
46 3
47 3
47 4
48 3
49 2
49 3
50 2
51 3
51 2
52 2
53 2
54 3
54 2
55 3
56 3
56 3
57 4
58 3
58 3
59 4
60 5
60 5
61 5
62 5
62 4
63 5
64 6
64 5
65 5
66 4
66 6
67 6
68 6
69 5
69 6
70 6
71 6
72 6
72 6
73 6
74 6
74 6
75 6
76 6
76 6
77 6
78 6
78 6
79 5
80 6
80 5
81 5
82 5
83 5
83 6
84 5
85 5
85 6
86 6
87 6
87 7
88 7
89 7
89 8
91 8
91 8
91 8
92 8
93 8
94 8
94 8
95 7
96 7
96 7
97 7
97 6
98 7
99 7
100 7
100 7
101 7
102 7
102 7
103 7
104 7
104 6
106 6
106 6
107 7
107 7
108 6
109 7
109 7
110 7
110 6
111 6
112 6
113 6
114 6
114 6
115 6
115 6
116 6
117 6
118 6
119 6
119 6
119 6
120 6
121 6
121 6
