20 0
22 0
22 0
23 0
24 0
25 0
25 0
26 0
27 0
28 0
28 0
29 0
30 0
30 0
31 0
32 0
32 0
33 0
34 0
34 0
35 0
36 1
36 1
37 1
38 1
39 1
39 1
40 2
40 1
41 1
42 1
43 1
43 1
44 1
45 3
46 1
46 2
47 2
48 1
48 2
49 4
50 5
51 4
51 5
52 4
53 3
54 3
54 3
55 3
56 3
56 4
57 3
58 3
59 4
59 4
60 3
61 3
61 4
62 4
63 4
63 3
64 4
65 4
65 3
66 4
67 3
68 4
68 3
69 3
70 3
70 4
71 5
72 5
73 3
73 3
74 6
75 6
76 5
76 7
77 6
77 5
78 5
79 7
80 6
80 5
81 7
82 6
83 6
83 6
84 7
85 7
85 8
86 8
86 8
87 8
88 8
88 9
89 8
90 9
91 8
91 8
92 8
93 8
93 9
94 9
95 9
95 9
96 9
97 9
98 9
98 9
99 9
100 10
100 9
101 9
102 9
103 9
103 8
104 9
105 9
105 10
106 9
107 9
108 9
108 9
109 9
109 9
110 9
111 10
111 10
112 10
113 10
114 9
114 10
115 9
116 10
117 10
117 10
118 10
119 10
119 10
120 10
121 10
122 10
