20 0
22 0
22 0
23 0
24 0
25 0
25 0
26 0
27 0
27 0
28 0
29 0
29 0
30 0
31 0
32 0
32 0
33 0
33 0
34 0
35 0
36 0
36 0
37 0
38 1
39 1
39 1
40 1
41 1
42 1
42 1
43 1
44 1
44 1
45 1
46 1
46 1
47 1
48 1
48 1
49 1
50 1
50 1
51 1
52 1
53 1
53 1
54 1
54 1
55 1
56 1
57 1
57 1
58 2
59 2
59 1
60 3
60 3
61 3
62 3
63 2
63 2
64 2
64 3
65 2
66 3
67 3
67 3
68 3
69 2
69 2
70 3
71 4
71 3
72 4
73 4
73 4
74 4
75 3
75 3
76 3
77 3
78 2
78 2
79 4
79 3
80 3
81 2
81 2
82 3
83 3
84 3
84 3
85 3
86 3
86 3
87 5
88 4
88 4
89 4
90 4
91 5
91 4
92 4
93 5
93 5
94 5
94 5
95 4
96 5
96 5
97 5
98 5
99 5
99 5
100 5
101 5
101 4
102 5
103 6
103 5
104 4
105 5
105 6
106 6
107 6
108 6
108 6
109 6
109 6
110 6
111 6
112 6
112 6
113 6
114 6
114 6
115 6
116 6
116 6
117 6
118 6
118 6
120 6
120 6
121 6
121 6
