20 0
22 0
22 0
23 0
24 0
25 0
25 0
26 0
27 0
27 0
28 0
29 0
29 0
30 0
31 0
32 0
32 0
33 0
34 0
34 1
35 1
36 1
37 1
37 1
38 0
38 1
39 1
40 2
40 2
41 2
42 2
43 2
44 2
44 2
45 2
46 2
47 2
47 2
48 2
49 2
50 2
50 3
51 3
51 2
52 3
53 3
53 3
54 2
55 3
55 3
56 2
56 2
57 2
58 2
58 2
60 2
60 2
60 2
61 2
62 2
63 2
63 3
64 2
64 2
65 2
66 2
67 2
67 2
68 2
68 2
69 2
70 2
71 2
71 2
72 2
73 2
73 3
74 3
75 4
75 3
76 3
77 4
77 3
78 3
79 3
79 3
80 3
81 3
81 3
82 3
83 4
84 3
84 4
85 4
86 3
86 3
87 5
88 2
89 3
89 4
90 3
91 4
91 3
92 4
93 4
93 4
94 4
94 3
95 3
96 4
96 3
97 3
98 3
99 4
99 4
100 4
100 4
101 5
102 5
103 4
103 4
104 4
105 4
105 4
106 4
107 4
107 4
108 5
108 4
109 4
110 4
111 5
111 4
113 4
113 4
114 4
114 4
115 4
116 4
116 4
117 4
118 4
118 4
119 5
120 4
120 4
121 5
