20 0
22 0
22 0
23 0
24 0
25 0
25 0
26 0
26 0
27 0
28 0
29 0
29 0
30 0
31 0
31 0
32 0
33 0
34 0
34 0
35 0
36 0
36 0
37 0
38 1
38 0
39 0
40 0
41 0
41 0
42 1
43 1
43 3
44 1
45 1
45 1
46 1
47 2
47 2
48 3
49 4
50 3
50 4
51 3
52 4
52 5
53 6
54 5
54 5
55 6
56 6
56 6
57 6
58 7
58 7
59 6
60 7
61 8
61 6
62 7
63 6
63 6
64 8
65 6
65 7
66 7
67 7
68 8
68 8
69 8
69 8
70 9
71 8
72 9
72 8
73 10
74 9
75 8
75 9
76 8
77 7
77 7
78 10
78 9
79 9
80 8
80 9
81 10
82 8
82 9
83 8
84 8
85 8
86 9
86 9
87 8
88 11
88 8
89 8
89 8
90 8
91 8
92 8
92 8
93 8
94 8
95 8
95 8
96 8
96 8
97 8
98 9
98 9
99 9
100 10
101 10
101 9
102 9
103 9
103 10
104 11
105 9
105 9
106 11
107 11
108 11
108 10
109 10
110 10
110 10
111 11
112 10
112 10
114 10
114 11
115 10
115 10
117 11
117 10
118 10
118 11
119 10
120 10
120 9
121 9
