20 0
22 0
22 0
23 0
24 0
24 0
25 0
26 0
26 0
27 0
28 0
29 0
30 0
30 0
31 1
31 1
32 1
33 1
34 1
34 1
35 0
35 1
36 1
37 1
38 2
38 1
39 2
40 2
40 2
41 2
42 2
42 2
43 2
44 2
44 2
45 2
46 2
46 2
47 2
48 2
48 2
49 3
50 3
51 3
51 3
52 3
53 3
53 3
54 3
55 3
55 3
56 3
57 3
57 4
58 5
59 4
59 4
60 5
61 4
62 4
62 5
63 4
64 5
65 6
65 6
66 5
67 7
67 6
68 7
68 7
69 7
70 7
71 7
71 7
72 7
73 7
74 7
74 7
75 6
76 6
76 6
77 7
78 6
78 6
79 7
80 7
81 7
81 7
82 7
82 7
83 7
84 7
84 7
85 7
86 7
86 7
87 7
88 7
89 7
90 7
90 7
91 7
91 7
92 7
93 7
93 7
94 7
95 7
96 7
97 7
97 9
98 7
99 7
99 7
100 7
101 7
101 7
102 8
103 8
104 8
105 8
105 9
105 10
106 9
107 10
108 10
109 9
109 8
110 10
111 10
111 10
112 10
113 11
113 11
114 11
115 10
115 11
116 10
116 12
117 12
118 12
118 12
119 11
120 12
120 11
121 11
