20 0
22 0
22 0
23 0
24 0
25 0
25 0
26 0
26 0
28 0
28 0
29 0
29 0
30 0
31 0
32 0
32 0
33 0
34 0
35 0
35 0
36 0
36 0
37 0
38 1
38 0
39 0
40 1
41 1
41 0
42 0
42 0
43 1
44 1
45 2
45 2
46 2
47 2
47 2
48 2
49 2
49 3
50 3
51 3
52 4
52 3
53 3
53 3
54 3
55 3
56 3
56 3
57 4
58 4
58 4
60 4
60 4
60 5
61 4
62 4
63 5
64 3
64 5
65 4
65 5
66 6
67 6
67 7
68 7
69 7
70 7
70 7
71 7
72 7
72 8
73 7
73 6
74 6
75 6
76 7
76 7
77 6
78 7
78 6
79 7
80 8
80 9
81 9
82 9
82 8
83 9
84 8
85 9
85 7
86 7
87 8
87 7
88 9
89 9
90 8
90 8
91 9
91 9
92 10
93 9
94 9
94 10
95 10
96 10
97 10
97 10
98 10
99 10
99 10
100 9
101 9
102 10
102 9
103 9
104 9
104 9
105 9
105 9
106 9
107 8
107 8
109 8
109 8
110 8
111 8
111 8
112 9
113 8
113 9
115 9
115 9
115 9
116 8
117 9
118 9
118 9
119 9
120 9
120 8
121 8
122 9
