20 0
22 0
22 0
24 0
24 0
25 0
25 0
26 0
27 0
28 0
28 0
29 0
30 0
30 0
31 0
32 0
33 0
34 0
34 1
35 1
35 1
37 1
37 1
38 1
39 1
39 2
40 3
41 1
41 1
42 1
43 2
43 2
44 3
45 2
45 3
47 2
47 2
48 2
49 2
49 3
50 4
50 3
51 3
52 2
53 4
54 4
54 3
55 3
56 3
56 4
57 4
58 4
58 4
59 4
60 5
60 5
61 6
62 4
62 5
63 6
64 5
65 6
65 5
66 7
67 7
67 7
68 6
69 8
70 6
70 6
71 8
72 9
72 8
73 6
74 8
75 8
76 8
76 8
77 9
78 7
78 9
79 10
80 9
80 9
81 9
82 9
82 9
83 9
84 9
85 9
85 8
86 9
87 9
87 8
88 8
89 10
90 8
90 8
91 9
92 9
92 10
93 10
94 9
95 9
96 11
97 10
97 10
97 11
98 12
99 11
100 11
100 11
101 11
102 12
103 12
104 11
104 11
105 11
106 9
106 12
107 10
108 10
109 11
109 10
110 12
111 10
111 10
112 11
113 11
113 11
115 11
115 10
116 11
117 10
117 11
118 11
119 11
119 10
120 12
121 11
