20 0
22 0
22 0
23 0
24 0
25 0
25 0
26 0
27 0
27 0
28 1
29 1
30 1
30 1
31 1
31 1
32 1
33 2
34 2
34 2
35 2
36 3
37 3
37 3
38 3
39 3
39 3
40 3
41 3
42 3
42 3
43 3
44 4
44 4
45 5
45 4
46 4
47 5
48 6
48 5
49 7
49 6
50 6
51 7
51 7
52 7
53 6
53 6
54 7
55 8
55 7
56 7
57 7
58 7
58 6
59 6
60 6
60 6
61 6
62 6
62 6
63 6
64 7
65 7
66 8
66 7
67 7
68 7
68 6
69 7
69 7
70 6
71 7
71 7
72 7
73 7
73 7
74 7
75 7
75 7
76 8
77 7
78 6
78 6
79 6
79 6
80 6
81 6
81 6
82 6
83 6
84 6
85 7
85 6
86 6
86 6
87 6
88 6
88 6
89 6
90 7
91 8
92 6
92 7
93 7
93 7
94 8
95 8
95 8
96 8
97 7
97 8
98 8
99 7
99 8
101 8
101 8
102 8
103 8
103 8
103 8
104 8
105 8
106 8
106 9
107 8
108 8
108 8
109 9
110 9
110 8
111 8
112 8
112 8
113 8
114 8
114 8
115 8
116 8
117 8
117 9
118 8
118 7
119 9
120 9
121 8
121 8
