20 0
22 0
22 0
23 0
24 0
25 0
26 0
26 0
27 0
28 0
28 0
29 0
30 0
30 0
31 0
32 0
32 0
33 0
34 0
35 0
35 0
36 0
37 0
37 0
38 0
39 0
40 0
40 0
41 0
42 0
42 0
43 0
44 0
45 0
45 0
46 0
47 1
47 1
48 1
49 1
50 1
50 1
51 1
52 1
53 1
53 1
54 1
55 1
55 1
56 1
57 2
57 1
58 1
59 1
60 1
60 2
61 2
62 1
62 1
63 1
64 1
65 2
65 3
66 2
67 1
67 2
69 2
69 2
70 3
70 2
71 3
72 3
73 3
73 4
74 3
74 3
75 3
76 3
77 4
77 3
78 3
79 3
79 3
80 3
81 4
82 4
82 3
83 4
84 5
85 5
85 4
86 4
87 4
88 4
88 5
89 4
89 5
90 5
91 5
91 5
92 5
93 5
94 5
94 5
95 5
96 5
96 5
98 5
98 5
99 5
100 5
100 5
101 5
102 5
102 6
103 5
104 5
105 5
105 6
106 6
107 6
107 7
108 7
109 7
109 7
110 7
111 7
112 7
112 7
113 7
114 7
115 8
115 8
116 7
117 8
118 8
118 7
119 7
120 7
121 7
121 7
122 7
