20 0
21 0
22 0
23 0
24 0
24 0
25 0
26 0
27 0
27 0
28 0
29 0
29 0
30 0
31 0
32 0
32 0
33 0
33 0
34 0
35 0
36 0
36 0
37 0
38 0
38 0
39 0
39 0
40 0
41 0
42 0
43 0
43 0
44 0
45 0
45 0
46 0
47 0
47 0
48 0
49 0
49 0
50 0
50 0
52 0
52 1
53 3
53 1
54 3
55 1
56 1
56 1
57 1
58 3
58 1
59 1
60 2
60 3
61 3
62 2
63 2
63 2
64 3
64 2
65 3
66 3
66 3
67 3
68 3
68 3
70 3
70 4
71 3
72 3
72 3
73 3
74 3
74 3
75 3
75 3
76 3
77 4
77 4
78 4
79 4
80 4
81 3
81 4
82 4
82 3
83 4
84 3
85 3
85 4
86 3
86 3
87 3
88 3
89 3
89 3
91 3
91 3
91 3
92 4
93 3
94 3
94 3
95 3
95 3
96 3
97 3
98 3
98 3
99 3
100 4
101 3
101 3
102 3
102 3
103 3
104 3
105 3
106 3
106 3
107 3
107 4
108 4
108 3
110 3
110 3
111 3
111 3
112 4
113 3
114 3
114 3
115 3
116 4
117 4
117 4
118 4
118 4
119 4
120 4
120 4
121 4
