20 0
22 0
23 0
23 0
24 0
25 0
25 0
26 0
27 0
27 0
28 0
29 0
30 0
30 0
31 0
32 0
32 0
33 0
34 0
35 0
35 0
36 0
37 0
38 0
38 0
39 0
39 0
40 0
41 0
42 0
42 0
43 0
44 0
44 0
45 0
46 0
47 0
47 0
48 0
48 0
50 0
50 0
51 0
51 0
52 0
53 0
54 0
54 0
55 0
56 0
57 0
57 0
58 0
59 0
59 1
60 0
61 0
61 0
63 0
63 0
64 0
64 1
65 1
66 1
66 1
67 1
68 1
69 1
70 1
70 1
71 1
72 2
72 2
73 2
74 2
74 2
75 2
76 2
76 2
77 2
78 2
79 2
80 2
80 2
81 2
82 2
82 2
83 2
84 2
84 2
85 2
86 2
87 2
87 2
88 2
89 2
89 3
90 3
91 3
91 4
92 2
93 4
94 3
95 3
95 4
96 3
97 3
97 4
98 3
99 3
100 4
100 3
101 3
102 4
102 6
103 4
104 4
105 5
105 5
106 5
107 5
107 5
108 6
109 6
110 5
111 5
111 6
111 6
113 6
113 5
114 6
115 6
115 5
116 5
116 5
117 5
118 5
119 5
119 5
120 5
121 5
122 5
