20 0
22 0
22 0
23 0
24 0
25 0
26 0
26 0
27 0
28 0
28 0
29 0
30 0
30 0
31 0
32 0
32 0
33 0
34 0
35 0
35 0
36 0
36 0
37 0
38 0
39 0
39 0
40 0
41 0
41 0
42 0
43 0
43 0
44 3
45 1
46 4
47 3
48 3
48 4
49 4
50 5
50 3
51 5
51 5
52 3
53 3
54 4
54 5
55 4
56 5
57 4
58 7
58 5
59 6
59 6
60 6
61 7
62 6
62 7
63 5
64 6
64 5
65 5
66 5
66 5
67 5
68 5
69 5
69 5
70 5
71 5
71 6
72 7
73 6
74 6
74 7
75 7
75 7
76 6
77 6
77 6
78 7
79 6
80 5
80 5
81 6
82 5
82 6
83 5
84 5
84 5
85 5
87 5
87 5
88 6
89 5
89 6
90 6
90 6
91 7
92 7
93 7
93 7
94 8
95 8
96 9
96 8
97 9
98 8
98 8
99 7
100 8
100 8
101 8
102 8
102 8
103 8
104 7
105 8
105 8
106 8
106 8
107 8
108 8
109 7
109 8
110 8
111 8
111 8
112 8
113 8
113 8
114 7
115 8
116 8
116 7
117 8
118 8
118 8
119 8
120 8
120 8
121 8
