20 0
22 0
22 0
23 0
24 0
24 0
25 0
26 0
26 0
27 0
28 0
28 0
29 0
30 0
31 0
31 0
32 0
33 0
33 0
34 0
35 0
35 0
37 0
37 0
38 0
38 0
39 0
39 0
40 0
41 0
41 1
42 0
43 1
44 1
44 1
45 1
46 1
47 1
47 1
48 1
48 1
49 1
50 1
50 1
51 1
52 1
53 1
53 1
54 1
55 1
56 1
57 1
57 1
57 1
58 1
59 1
60 2
60 2
61 1
62 1
62 2
63 2
64 2
64 2
65 2
66 2
66 2
67 2
68 2
68 2
69 1
70 4
70 1
71 3
72 4
73 3
73 4
74 4
74 4
75 4
76 5
76 4
77 4
78 5
79 4
79 4
80 4
81 4
81 5
82 4
83 5
83 6
84 5
85 4
85 5
86 5
87 4
88 4
88 5
89 5
90 5
91 5
92 6
92 6
93 5
93 5
94 5
95 5
95 5
96 5
97 5
97 5
98 5
98 5
99 5
100 5
100 5
101 5
102 5
103 6
103 6
104 5
105 5
105 5
107 5
107 5
108 5
108 5
109 5
109 6
110 6
111 4
111 5
112 5
113 5
114 6
114 6
115 6
115 6
116 5
117 6
118 6
118 6
119 6
120 6
120 7
121 6
122 6
