20 0
22 0
23 0
23 0
24 0
25 0
25 0
26 0
27 0
27 0
28 0
29 0
29 0
30 0
31 0
32 0
32 0
33 0
34 0
35 0
35 0
36 0
37 0
37 0
38 0
39 0
39 0
40 0
41 0
42 0
42 1
43 0
43 1
44 1
45 1
46 1
47 2
47 2
48 2
48 2
49 2
50 2
51 2
51 2
52 2
53 2
54 2
55 2
55 2
56 3
56 3
57 2
58 3
59 3
60 2
60 2
61 2
61 3
62 3
63 3
64 3
64 3
65 4
66 4
66 4
67 4
68 3
68 4
70 3
70 3
70 3
71 3
72 3
73 3
74 3
74 3
74 3
75 3
76 4
77 4
77 4
78 4
79 4
80 4
81 4
81 4
82 4
82 4
83 4
84 4
85 4
85 4
86 4
87 4
88 4
88 5
89 5
90 5
90 5
91 5
92 4
92 5
93 5
94 5
94 5
95 5
96 4
97 4
97 5
98 5
99 5
99 5
100 5
101 4
101 4
102 5
103 4
104 4
104 5
105 5
106 5
106 5
107 5
108 5
109 5
109 5
110 5
111 5
112 5
112 5
113 5
114 5
115 5
115 5
116 5
117 5
117 5
118 5
119 5
120 5
120 5
121 5
121 5
