20 0
22 0
23 0
23 0
24 0
24 0
25 0
26 0
26 0
27 0
28 0
29 0
29 0
30 1
31 1
31 1
33 2
33 2
34 2
35 2
36 2
36 2
37 2
37 2
38 2
39 2
39 2
40 2
41 2
42 2
42 3
43 2
44 2
44 3
45 2
46 2
47 2
47 2
48 2
48 2
49 2
50 2
50 3
51 2
52 2
52 3
53 2
54 2
54 2
55 2
56 3
56 2
58 3
58 2
59 3
60 3
60 3
61 4
61 4
62 5
63 5
63 4
64 3
65 6
65 5
66 5
67 5
67 5
68 6
69 5
69 6
70 5
71 5
71 5
72 6
73 7
74 7
74 7
75 7
76 7
76 7
77 7
78 7
79 7
79 7
80 7
81 7
81 7
82 7
82 7
83 7
84 7
84 7
85 7
86 7
87 7
87 7
88 7
89 7
90 7
90 6
91 7
92 7
92 7
93 7
94 7
94 7
95 7
96 7
96 7
97 7
98 7
98 7
99 7
100 7
100 7
101 7
102 7
102 7
103 7
104 7
104 7
105 7
106 7
106 7
107 7
108 7
109 7
109 7
110 7
110 7
111 7
112 7
113 7
113 7
114 7
115 7
115 7
116 7
117 7
118 7
118 7
119 7
119 7
120 7
121 7
122 7
