20 0
22 0
23 0
23 0
24 0
25 0
25 0
26 0
27 0
28 0
29 0
29 0
30 0
31 0
31 1
32 1
32 1
34 1
34 1
35 1
35 1
36 1
37 1
37 1
38 1
39 1
40 1
40 1
41 1
42 1
42 1
43 2
44 1
44 1
45 3
46 3
46 3
47 2
48 2
48 3
49 3
50 3
51 3
52 2
52 3
53 3
53 3
54 3
55 3
56 3
56 4
57 4
58 4
58 3
59 4
60 3
60 5
61 4
62 4
63 3
64 3
64 3
65 3
65 3
66 3
67 3
68 3
69 3
69 3
70 3
70 3
71 3
72 4
72 4
73 4
74 4
75 4
75 4
76 4
76 4
77 4
78 5
79 5
79 4
80 4
81 4
82 4
83 5
83 5
84 5
85 4
85 3
86 5
87 6
88 3
88 4
89 5
90 6
90 5
91 6
92 5
92 5
93 5
94 7
94 5
95 6
96 4
97 7
98 5
98 4
99 4
100 7
100 6
101 7
102 4
102 5
103 6
104 4
105 7
105 6
106 7
107 6
107 6
108 6
109 5
110 7
110 5
111 6
112 7
112 8
113 6
114 5
114 5
115 5
116 6
116 5
117 5
118 6
118 7
120 5
120 6
121 5
121 5
