20 0
22 0
23 0
23 0
24 0
25 0
25 0
26 0
27 0
28 0
28 0
29 0
30 0
30 0
31 0
32 0
32 0
33 0
34 0
35 0
35 0
36 0
36 0
38 0
38 0
39 0
39 0
40 0
41 0
42 0
42 0
43 0
44 0
45 0
45 0
46 0
46 0
47 0
48 0
49 0
49 0
50 0
51 0
51 0
52 0
53 0
54 0
54 0
56 1
57 0
57 0
58 0
58 0
59 1
60 0
61 0
61 0
62 1
63 0
63 1
64 0
65 0
66 0
66 1
67 2
68 2
68 2
69 1
70 2
70 2
71 2
72 1
72 2
73 1
74 2
75 3
75 3
76 3
77 2
78 1
78 2
79 3
80 3
81 3
81 3
82 2
82 3
83 3
84 3
84 4
85 3
86 3
87 4
87 3
88 4
89 5
89 4
90 5
91 5
91 5
92 4
93 4
94 5
95 5
95 5
96 6
96 5
98 6
98 6
99 6
99 7
100 6
101 6
101 6
102 7
103 6
104 7
105 7
105 9
106 8
107 7
107 7
108 8
109 8
109 8
110 9
111 9
112 9
112 9
113 8
114 10
114 9
115 10
116 9
116 9
117 9
118 9
118 11
119 11
120 10
120 11
121 11
