20 0
22 0
22 0
23 0
24 0
24 0
25 0
26 0
27 0
27 0
28 0
28 0
29 0
30 0
31 0
31 0
32 0
33 0
33 0
34 0
35 0
35 0
36 0
36 0
37 0
38 0
39 0
39 0
40 1
41 2
41 1
42 1
43 1
43 1
44 1
45 2
45 2
46 3
47 1
47 2
48 2
49 3
50 3
51 2
51 2
52 3
53 2
54 3
54 2
55 3
55 4
56 4
57 4
58 3
58 3
59 3
59 4
60 4
61 4
62 6
62 4
63 6
64 6
64 5
65 6
66 6
66 6
67 6
68 7
68 5
69 7
70 7
70 7
71 6
72 6
72 6
73 6
74 6
75 6
76 6
76 6
77 6
77 7
78 6
79 6
80 6
80 6
81 6
82 6
82 6
83 6
84 6
84 6
85 6
86 6
86 6
87 6
88 6
88 6
89 6
90 6
91 6
91 6
92 6
93 6
93 6
94 6
95 6
95 6
96 6
97 6
97 6
98 6
99 6
100 6
100 6
101 6
102 6
102 6
103 6
104 6
104 6
105 6
106 6
106 6
107 6
108 6
108 6
109 6
110 6
110 6
111 6
112 6
113 6
113 6
114 6
114 6
115 6
116 6
116 6
117 6
118 6
118 6
119 6
120 6
120 6
121 6
