20 0
22 0
23 0
23 0
25 0
25 0
26 0
26 0
27 0
28 0
28 0
29 0
30 0
31 0
31 0
32 0
32 0
33 0
34 0
35 0
36 0
36 0
37 0
37 0
38 0
39 0
40 0
40 0
41 0
42 0
42 0
43 0
44 0
45 1
45 0
46 1
47 0
47 0
48 1
49 1
49 1
50 1
51 1
52 1
52 1
53 1
54 1
54 1
55 2
56 3
56 2
57 3
58 4
58 3
59 3
60 5
61 5
61 5
62 5
63 3
64 5
64 5
65 5
66 5
66 5
67 5
68 5
68 6
69 6
69 6
70 7
71 6
72 8
73 6
73 7
74 8
74 8
75 9
76 8
77 8
77 8
78 9
79 8
79 8
80 8
81 8
81 9
82 8
83 9
84 9
84 9
85 9
86 7
86 8
87 8
88 6
89 6
89 8
90 7
91 7
92 7
92 6
93 6
94 6
94 6
95 6
96 7
96 7
97 7
98 6
98 6
99 7
100 6
100 6
101 8
102 7
103 7
103 8
104 7
105 6
106 7
106 7
107 8
108 7
109 8
109 8
109 8
110 8
111 8
112 8
112 8
113 8
114 8
114 8
115 8
116 8
116 8
117 8
118 7
119 8
119 8
120 8
121 8
