20 0
22 0
23 0
23 0
24 0
25 0
26 0
26 0
27 0
28 0
29 0
29 0
30 0
31 0
31 0
32 0
33 0
33 0
34 0
35 0
35 0
36 0
37 0
38 0
39 0
39 0
40 0
41 0
41 0
42 0
43 0
43 0
44 0
45 0
45 0
46 0
47 0
47 0
48 0
49 0
50 0
50 0
51 0
52 0
53 0
54 0
54 0
55 0
55 0
56 0
57 0
57 0
58 0
59 0
60 1
61 0
61 0
62 1
63 1
64 1
64 1
65 1
66 1
67 1
67 1
68 2
69 3
69 2
70 2
71 2
71 2
72 2
73 2
74 2
74 3
75 3
75 4
76 4
77 4
78 3
79 3
79 3
80 3
81 4
82 4
82 4
83 4
83 4
84 4
85 4
85 4
87 5
87 5
89 6
88 3
89 3
90 3
91 5
91 3
92 4
93 4
93 4
94 3
95 3
95 5
96 6
97 4
97 5
98 5
99 6
100 5
100 5
101 5
102 6
102 5
103 5
104 6
105 5
106 5
106 6
107 6
108 6
108 7
109 7
110 6
111 6
111 7
112 7
112 7
113 7
114 7
115 7
115 7
116 9
117 8
118 7
118 8
119 8
120 8
120 7
121 7
122 7
