20 0
22 0
22 0
23 0
25 0
25 0
25 0
26 0
27 0
27 0
28 0
29 0
29 0
30 0
31 0
32 0
32 0
33 0
34 0
35 0
35 0
36 0
37 0
38 0
38 0
39 1
40 1
40 0
41 2
42 3
43 1
43 2
44 3
45 1
45 2
46 3
47 2
48 2
48 2
49 2
49 2
50 2
51 2
51 2
52 2
53 3
54 2
54 2
55 4
56 3
57 3
57 3
58 4
59 3
60 4
60 4
61 4
61 4
62 4
63 4
63 6
64 6
65 6
66 6
67 7
67 9
68 8
69 9
69 9
70 8
71 8
71 8
72 9
73 9
73 8
74 8
75 8
76 9
76 9
77 10
78 9
78 9
79 9
80 10
81 9
81 9
82 8
83 8
83 9
84 9
85 9
86 9
86 9
87 10
87 9
88 9
89 8
90 9
90 9
91 10
92 9
92 8
93 7
94 9
94 9
96 8
96 9
97 10
98 11
98 10
99 10
100 9
100 10
101 10
101 10
102 10
103 10
104 10
104 11
105 11
106 10
107 10
107 10
108 11
109 10
109 11
110 10
111 11
111 10
113 11
113 11
114 12
115 11
115 11
116 11
116 11
117 11
118 12
119 12
119 12
120 11
121 12
121 13
