20 0
22 0
22 0
23 0
24 0
25 0
25 0
26 0
27 0
27 0
28 0
29 0
30 0
30 0
31 0
31 0
32 0
33 0
34 0
35 0
35 0
36 0
37 0
38 0
38 0
39 0
40 0
40 0
41 0
42 0
43 0
43 0
44 0
45 1
45 1
46 2
47 2
47 3
48 3
49 2
50 2
50 2
51 2
52 3
53 3
53 2
54 2
54 4
55 4
56 4
57 3
58 4
58 4
59 4
60 4
61 4
61 3
62 4
62 3
63 3
64 4
66 5
66 4
67 5
67 4
68 4
69 5
69 7
70 6
71 6
72 6
72 6
73 6
73 7
74 6
75 7
76 5
76 6
77 6
78 6
78 6
79 6
80 7
81 8
81 6
82 7
82 7
83 6
84 6
85 6
85 6
86 6
87 6
87 6
88 6
89 6
90 6
90 6
91 6
91 7
92 6
93 7
94 7
94 7
95 6
96 7
96 7
97 8
98 8
98 7
99 7
100 7
101 7
101 7
102 7
103 8
103 8
104 7
105 7
105 7
106 7
106 7
107 7
108 7
109 7
109 7
110 8
111 7
112 8
112 7
113 7
114 7
115 7
115 7
116 8
117 7
117 7
118 7
119 8
119 8
120 7
121 8
121 8
