20 0
22 0
23 0
24 0
24 0
25 0
26 0
26 0
27 0
28 0
28 0
29 0
30 0
31 0
31 0
32 0
33 0
33 0
34 0
34 1
35 0
36 0
36 0
37 0
39 1
39 0
39 0
40 1
41 1
42 1
42 1
43 1
44 1
44 1
45 1
47 2
47 1
48 2
48 2
49 3
49 2
51 3
51 4
52 4
52 4
53 4
54 4
54 4
56 4
56 4
57 4
57 4
58 3
59 3
60 5
60 5
61 4
62 4
63 4
63 5
64 4
65 4
65 4
66 4
67 5
67 4
68 5
69 5
70 5
70 4
71 5
72 5
72 6
73 5
74 6
75 5
75 5
76 6
77 6
77 4
78 6
79 6
80 6
80 6
81 7
82 7
83 7
84 7
84 7
85 7
85 6
86 6
87 7
87 6
88 6
89 5
90 6
90 6
91 5
92 7
92 7
93 8
94 9
94 7
95 7
96 7
97 8
97 7
98 7
99 7
99 8
100 8
101 7
102 9
103 8
103 9
104 9
105 9
105 10
106 9
107 11
108 10
108 11
109 10
110 11
110 10
111 11
112 10
113 10
113 10
114 10
115 10
115 10
116 9
117 9
117 10
118 9
119 10
120 10
120 10
121 10
122 10
