20 0
22 0
23 0
23 0
24 0
25 0
26 0
26 0
27 0
28 0
28 0
29 0
30 0
31 0
31 0
32 0
32 0
33 0
34 0
35 0
35 0
36 0
37 0
38 0
39 0
39 0
40 0
40 0
41 0
42 0
43 0
44 0
44 0
45 0
46 0
46 0
47 1
48 1
48 1
49 1
50 1
51 1
51 1
52 1
53 1
54 1
54 1
55 0
56 1
57 1
57 1
58 1
58 1
59 1
60 1
61 1
61 1
62 1
63 1
64 1
65 1
65 1
66 1
66 1
67 1
68 1
69 1
69 1
70 1
70 1
71 1
72 1
73 0
73 0
74 0
75 0
75 1
76 0
77 0
78 1
78 0
79 1
80 1
81 1
82 2
83 1
83 1
84 1
84 2
85 2
86 2
87 2
87 1
88 3
89 3
90 3
90 2
91 3
91 2
92 2
93 2
94 2
95 2
96 3
96 2
97 3
98 2
98 2
99 3
100 3
100 2
101 2
102 3
102 3
103 2
104 2
105 3
105 4
106 4
107 3
108 4
108 3
109 4
110 4
111 4
111 4
112 4
113 4
113 3
114 4
115 3
115 3
116 3
116 4
117 4
119 3
119 3
120 4
120 4
121 4
