20 0
22 0
23 0
23 0
24 0
25 0
25 0
26 0
27 0
27 0
28 0
29 0
30 0
31 0
31 0
32 0
33 0
33 0
34 0
34 0
35 0
36 0
37 0
38 0
38 0
39 0
40 2
40 1
41 1
42 1
43 1
43 2
44 2
44 2
46 2
46 2
47 3
47 3
48 2
49 2
49 3
51 2
51 2
52 3
52 3
53 2
54 2
55 3
56 3
56 3
57 3
57 3
58 3
59 3
60 3
60 4
61 3
62 4
63 3
63 3
64 4
65 3
65 3
66 3
67 4
67 5
68 4
69 4
70 4
70 4
71 4
72 4
73 4
73 5
75 4
75 4
76 5
77 6
77 5
78 4
79 6
79 7
80 5
81 6
82 6
82 6
83 7
84 6
85 6
86 7
86 7
87 7
88 7
89 7
89 7
90 7
90 7
92 7
92 7
93 8
93 8
94 8
95 8
95 8
96 8
97 10
97 8
98 8
99 8
99 8
100 8
101 8
102 8
102 9
103 9
104 8
105 9
105 9
106 8
107 9
107 9
108 9
109 10
109 8
110 10
111 11
112 10
113 9
113 10
114 11
114 10
115 10
116 11
116 11
117 10
118 10
119 12
119 11
120 12
121 11
121 11
122 11
