20 0
22 0
23 0
23 0
24 0
25 0
25 0
26 0
27 0
28 0
28 0
29 0
29 0
31 0
31 0
32 0
32 0
33 0
34 0
35 0
35 0
36 0
37 0
38 0
39 0
39 0
40 0
40 0
41 0
42 0
42 0
43 0
44 1
45 1
45 1
46 1
47 1
47 1
48 2
49 1
50 1
50 2
51 2
52 3
52 2
53 3
54 2
55 6
56 5
56 4
57 4
58 5
59 4
59 4
60 3
61 4
61 5
62 5
63 5
64 5
64 5
65 5
65 5
66 5
67 5
68 6
68 6
69 6
70 6
70 5
71 6
72 7
73 5
73 6
74 5
74 6
75 7
76 6
77 7
78 6
79 6
79 7
80 5
80 6
81 7
82 7
83 7
83 7
84 7
84 7
85 7
87 7
87 7
88 7
88 7
89 7
90 7
91 7
91 7
92 7
92 7
93 7
94 9
95 8
95 7
96 8
97 8
97 9
99 8
99 7
100 8
101 7
101 8
102 8
103 9
103 8
104 9
105 9
106 9
106 8
107 8
108 9
108 9
109 8
110 10
110 9
112 9
112 10
113 10
114 9
114 10
115 10
115 10
116 10
117 11
117 10
119 10
120 11
120 10
121 10
122 10
