20 0
22 0
23 0
23 0
24 0
24 0
25 0
26 0
27 0
27 1
28 0
28 0
29 0
30 1
31 0
31 1
32 1
33 1
33 1
34 2
35 1
36 1
36 1
37 1
37 1
38 2
39 1
40 2
40 3
41 2
42 3
42 3
43 1
44 4
44 3
45 4
45 3
46 3
47 4
48 4
48 4
49 4
50 5
51 4
51 4
52 5
53 4
53 4
54 4
55 5
56 6
56 6
57 6
57 6
58 6
59 6
59 6
60 7
61 6
61 6
62 7
63 7
63 7
64 7
65 7
65 7
66 7
67 7
67 7
68 7
69 7
70 7
70 7
71 7
72 7
72 7
73 7
75 7
75 7
75 7
76 7
77 7
78 7
78 7
79 7
79 7
80 7
81 7
82 7
82 7
83 7
84 7
84 7
85 7
86 7
86 7
87 7
88 7
88 7
89 7
89 7
90 7
91 7
91 7
92 7
93 7
93 7
94 7
95 7
96 7
96 7
97 7
97 7
98 7
99 7
100 7
100 7
101 8
102 8
102 8
103 7
104 7
105 7
105 7
106 7
106 7
107 7
108 8
109 8
109 8
110 8
111 8
111 8
112 7
113 7
114 7
114 8
115 8
115 8
116 8
117 8
118 8
118 8
119 8
119 8
120 8
121 8
122 8
