20 0
22 0
22 0
23 0
24 0
24 0
25 0
26 0
27 0
27 0
28 0
29 0
29 0
30 0
31 0
31 0
32 0
33 0
33 0
34 0
36 0
36 0
36 0
37 0
38 0
39 1
39 0
40 1
41 1
41 1
42 1
43 3
43 2
44 3
45 3
45 3
46 3
47 4
47 3
48 3
49 3
50 4
50 3
51 3
51 2
52 2
53 4
54 2
54 3
55 4
56 3
56 4
57 4
57 4
58 2
59 3
59 4
60 4
61 4
62 4
62 4
63 4
64 4
64 5
65 5
66 5
67 5
67 5
68 5
69 5
70 5
70 5
71 6
72 5
72 6
73 6
74 6
74 6
75 6
75 6
76 6
77 6
78 6
78 6
79 6
79 6
80 6
81 6
82 6
83 7
83 7
84 6
85 6
86 7
86 7
87 7
88 7
88 7
89 7
89 8
90 6
91 6
91 8
92 8
93 8
93 6
94 9
95 9
96 8
96 8
97 9
97 8
99 7
100 7
100 8
101 7
101 9
102 10
103 9
103 10
104 9
105 9
106 9
106 8
107 9
107 9
108 9
109 10
109 9
110 10
111 10
112 9
112 9
113 9
113 8
114 8
115 8
116 8
116 8
117 8
117 9
118 9
119 8
120 8
120 8
121 10
121 9
