20 0
22 0
22 0
24 0
24 0
25 0
25 0
26 0
27 0
28 0
28 0
29 0
30 0
30 0
31 0
32 0
33 0
33 0
34 0
35 0
35 0
36 0
37 0
37 0
38 0
39 1
39 1
40 1
41 1
41 1
42 2
43 1
43 1
44 1
45 1
46 1
46 1
47 1
48 1
49 1
50 1
50 1
51 1
52 1
52 1
53 1
53 1
54 1
55 1
55 1
56 1
57 1
57 2
58 1
59 1
59 1
61 1
62 2
62 1
63 1
63 1
64 1
65 1
66 1
66 2
67 2
68 3
68 2
69 4
69 3
70 4
71 3
72 3
73 3
73 5
73 4
74 5
75 3
76 2
76 3
77 3
78 3
78 3
79 4
80 3
80 4
81 3
82 4
82 4
83 5
84 5
84 5
85 5
86 5
87 4
87 4
88 4
89 5
89 4
90 5
91 4
92 5
92 5
93 5
93 5
94 5
95 5
96 5
97 6
98 4
98 5
99 6
100 5
100 5
101 6
102 6
103 5
103 5
103 5
105 5
105 5
106 6
107 5
108 6
108 5
109 5
109 6
110 6
111 6
112 6
112 6
113 6
114 6
115 6
115 6
116 6
116 6
117 6
118 6
118 6
119 6
120 6
121 6
121 6
122 6
