20 0
22 0
23 0
24 0
24 0
24 0
25 0
26 0
26 0
27 0
28 0
29 0
29 0
30 0
31 0
31 0
32 0
33 0
33 1
34 1
35 1
35 1
36 1
37 1
38 1
38 2
39 2
39 1
40 1
41 2
42 3
42 2
43 2
44 2
44 3
45 3
46 3
46 3
47 3
48 3
48 3
49 4
50 3
50 3
51 3
52 3
53 3
53 3
54 3
54 3
55 3
56 4
57 4
57 4
58 4
59 4
60 4
60 4
61 4
61 4
63 4
63 3
64 3
64 3
65 4
66 3
66 3
67 4
67 3
68 3
69 3
70 4
70 3
71 3
72 3
72 3
73 3
74 3
75 3
76 3
76 3
77 4
78 3
78 4
78 3
79 3
80 3
81 3
81 3
82 3
83 3
84 3
84 3
85 3
85 3
86 3
87 3
88 3
88 3
89 3
90 3
90 3
91 3
92 3
92 3
93 4
94 4
95 4
95 3
96 4
97 4
98 3
98 4
99 4
100 4
100 4
101 4
101 4
102 4
103 4
103 4
105 4
106 4
106 4
107 4
108 4
109 4
110 4
110 4
111 4
111 4
112 4
113 4
114 4
114 4
115 4
115 4
116 4
117 4
118 4
118 4
119 5
119 4
120 4
121 4
122 4
