20 0
22 0
22 0
23 0
24 0
25 0
25 0
26 0
26 0
27 0
28 0
29 0
29 0
30 0
30 0
31 0
32 0
32 0
34 0
34 0
35 0
35 0
36 0
37 0
38 0
38 0
39 0
40 0
40 0
41 0
42 0
42 0
43 0
44 0
44 0
45 1
46 1
47 0
47 0
48 1
48 1
49 1
50 2
51 2
51 1
52 2
53 2
53 3
54 4
55 3
56 3
57 3
57 3
58 3
58 3
59 3
60 3
60 3
61 3
62 3
62 3
63 4
64 4
64 4
65 4
66 4
66 4
67 5
68 3
69 4
70 4
70 4
71 4
72 4
72 5
73 5
73 5
74 5
75 5
75 5
76 5
77 5
78 5
78 5
79 7
80 5
80 5
81 6
82 6
82 6
83 6
84 5
84 6
85 6
86 6
86 6
87 6
88 7
88 7
89 6
90 6
90 7
91 7
92 7
93 7
93 7
94 7
94 7
95 7
96 7
97 7
97 7
98 7
99 7
100 7
100 7
101 7
102 7
102 7
103 7
103 7
104 7
105 8
106 8
107 8
107 8
107 8
108 8
109 8
110 8
110 6
111 7
112 7
112 6
113 6
114 7
115 6
115 7
116 7
117 6
117 6
118 6
119 6
120 6
120 6
121 6
122 7
122 6
