20 0
22 0
23 0
23 0
24 0
25 0
25 0
26 0
27 0
28 0
29 0
29 0
30 0
30 0
31 0
32 0
33 0
33 1
34 1
35 1
35 1
36 1
37 1
37 1
38 1
39 1
40 1
40 1
41 1
42 1
42 1
43 1
44 1
44 2
45 2
46 2
46 2
47 2
48 2
49 2
49 2
50 2
51 3
52 2
52 2
53 1
54 2
54 3
55 1
56 3
57 3
57 3
58 3
59 3
60 3
60 3
61 4
61 4
62 4
63 4
64 4
64 4
65 4
66 4
67 3
67 4
68 4
68 4
69 4
70 4
70 4
71 4
72 4
73 4
73 4
74 4
75 4
76 5
76 4
77 4
78 4
79 4
79 5
80 4
81 4
81 4
82 6
83 5
84 4
84 5
85 4
86 5
86 5
87 6
88 5
89 7
89 5
90 5
91 5
91 5
92 5
93 5
94 5
94 6
95 5
95 6
96 6
97 4
98 5
98 7
99 8
100 8
101 8
101 8
102 7
103 8
103 8
104 8
105 8
105 8
106 8
107 8
108 9
108 8
109 8
110 8
110 8
111 8
112 9
112 8
113 9
114 9
114 10
115 9
116 10
117 11
117 9
118 9
119 9
119 9
120 9
121 9
