20 0
22 0
22 0
23 0
24 0
25 0
25 0
26 0
27 0
27 0
28 0
29 0
29 0
30 0
31 0
31 0
32 0
33 0
33 0
34 1
35 1
36 1
36 0
37 1
38 1
39 2
39 2
40 2
41 2
42 3
42 2
43 2
43 2
44 3
45 2
45 2
46 2
47 2
47 4
48 4
49 4
49 4
50 4
51 5
52 6
53 5
53 4
54 5
54 6
55 5
56 5
57 6
57 5
58 4
59 6
59 4
60 6
61 6
62 6
62 6
63 5
64 6
65 5
65 5
66 5
66 7
67 7
68 7
68 8
69 8
69 8
70 8
71 8
71 8
72 8
73 8
74 8
74 8
75 8
76 8
77 8
77 8
78 8
79 10
80 9
80 8
81 9
82 9
82 9
83 8
84 8
84 7
85 6
86 8
87 8
88 7
88 7
89 8
89 7
90 6
91 6
91 6
92 6
93 6
93 6
94 6
95 7
95 6
96 6
97 7
98 8
98 7
99 8
100 8
100 6
101 8
101 7
102 7
103 7
104 7
105 7
105 7
106 7
106 7
107 7
107 7
108 7
109 7
109 7
110 7
111 7
111 7
112 7
113 7
114 7
115 7
115 7
116 7
116 7
117 8
117 7
118 8
119 8
120 8
120 8
121 8
121 8
122 8
