20 0
22 0
22 0
23 0
24 0
25 0
25 0
26 0
27 0
28 0
28 0
29 0
29 0
30 0
31 0
32 0
32 0
33 0
34 0
34 0
35 0
36 0
37 0
37 0
38 0
38 0
39 0
40 0
41 0
41 0
42 0
43 0
44 0
44 0
45 0
46 0
46 1
47 0
48 1
49 2
49 1
50 1
50 2
51 2
52 2
53 2
54 3
54 4
54 4
56 4
56 3
57 2
58 4
58 3
59 4
59 4
60 4
61 4
62 4
62 4
63 4
64 4
64 4
65 4
66 4
67 4
67 4
68 4
69 4
69 4
70 4
71 4
72 4
72 4
73 4
74 4
75 4
75 4
76 4
76 4
77 4
78 4
79 4
79 4
80 4
81 4
81 5
82 4
83 5
83 4
84 4
85 4
86 5
86 4
87 4
88 4
88 4
89 4
89 4
90 5
91 5
92 5
92 5
93 4
94 5
94 5
95 5
96 5
97 5
97 4
98 5
99 5
100 5
100 5
101 5
101 5
102 5
103 5
104 5
105 6
105 6
106 6
106 6
107 6
108 6
108 6
109 7
110 6
111 6
112 6
112 6
113 6
114 6
114 6
115 6
115 8
116 8
117 7
118 6
119 8
119 6
120 7
121 6
121 7
