20 0
22 0
23 0
23 0
24 0
25 0
25 0
26 0
26 0
27 0
28 0
29 0
30 0
30 0
31 0
32 0
33 0
34 0
34 0
35 0
36 0
36 0
37 0
37 0
38 0
39 0
40 0
40 1
41 1
42 1
42 0
43 1
44 1
44 1
45 1
46 2
47 1
47 1
48 1
49 2
49 3
50 2
50 2
51 3
52 3
52 3
53 4
54 4
55 4
55 4
56 5
57 5
57 5
58 4
59 4
59 4
60 5
61 6
61 4
62 6
63 5
64 6
64 6
65 6
66 6
66 6
67 6
68 6
69 6
69 6
70 6
71 6
71 6
72 7
73 7
74 7
74 7
75 7
76 8
76 8
77 8
78 8
78 7
79 7
80 7
81 7
81 7
82 7
83 7
83 7
84 7
85 7
86 7
86 7
87 7
88 7
88 7
89 7
90 6
90 6
91 6
92 6
92 6
93 6
94 6
94 6
95 6
96 6
97 6
97 6
98 6
99 6
99 6
100 6
100 6
101 6
102 6
103 6
104 6
104 6
105 6
106 6
106 6
107 6
108 7
108 7
109 7
110 6
111 6
111 7
112 7
113 7
114 7
114 7
115 7
115 7
116 7
117 8
117 7
118 7
119 7
119 7
120 7
121 7
122 7
