20 0
22 0
23 0
23 0
24 0
25 0
26 0
26 0
26 0
27 0
28 0
29 0
29 0
30 0
31 0
32 0
32 0
33 0
34 0
35 0
35 0
36 0
36 0
38 1
38 0
39 1
40 0
40 0
41 0
41 0
42 0
43 0
44 0
44 0
45 1
46 1
46 1
47 2
48 2
48 3
49 3
50 3
50 4
51 3
52 5
53 3
53 3
54 3
55 4
55 3
56 4
57 4
57 5
58 6
59 5
60 5
60 6
61 6
61 5
62 6
63 6
64 7
65 7
65 7
66 8
66 7
67 7
68 8
69 8
69 7
70 7
71 7
71 7
72 7
73 8
73 9
75 8
75 9
76 7
76 8
77 8
78 8
78 8
79 8
80 8
81 8
81 8
82 8
83 8
84 8
84 7
85 7
86 8
86 8
87 8
88 8
88 8
89 8
90 10
91 9
91 9
92 9
93 10
93 8
94 9
95 9
95 8
96 8
97 9
98 8
98 9
99 9
99 11
100 9
101 10
101 9
102 10
103 9
104 9
104 9
105 9
106 9
107 9
107 9
108 9
108 9
109 9
110 9
110 10
111 10
112 10
113 9
113 10
114 9
115 10
116 10
116 9
117 9
117 9
118 9
119 10
120 10
121 9
121 9
