20 0
22 0
23 0
23 0
24 0
24 0
25 0
26 0
27 0
28 0
28 0
29 0
30 0
30 0
32 0
32 0
33 0
33 0
34 0
35 0
35 0
36 0
37 0
38 0
38 0
39 0
40 0
41 0
41 0
43 0
43 0
44 0
45 0
45 0
46 0
46 0
47 0
48 0
49 0
49 0
50 0
51 1
51 1
52 1
53 2
53 1
54 1
55 0
56 2
56 1
57 2
58 3
58 3
59 3
60 3
61 3
61 3
62 3
63 3
63 3
64 4
65 3
66 3
66 3
67 3
68 3
68 4
69 3
70 3
70 4
71 4
72 4
72 4
73 5
74 4
75 5
75 5
76 5
77 6
78 5
78 5
79 5
80 5
80 5
81 6
81 6
82 6
83 5
84 5
84 5
85 5
86 5
86 4
87 4
88 5
89 5
89 5
90 4
91 5
91 6
92 4
93 6
94 6
94 7
95 6
96 8
97 6
97 6
98 6
99 6
100 6
100 6
101 6
102 7
102 6
103 7
104 7
104 7
105 7
106 6
106 8
107 7
108 8
109 8
110 7
110 7
111 6
111 7
112 7
113 6
114 6
115 8
116 7
116 7
117 8
117 8
118 7
119 7
120 8
121 8
121 8
