20 0
22 0
22 0
23 0
24 0
25 0
26 0
26 0
27 0
27 0
28 0
29 0
29 0
30 0
32 0
32 0
33 0
33 0
34 0
35 0
35 0
36 0
37 0
37 0
38 0
39 0
40 0
40 0
41 0
42 0
42 0
43 0
44 0
44 0
45 0
46 0
46 0
47 0
48 0
49 0
49 1
50 1
50 1
51 1
52 1
53 1
53 1
54 1
55 1
55 1
56 1
57 1
57 1
58 1
59 2
60 1
60 2
61 2
61 1
62 2
63 2
63 2
64 1
65 2
66 1
67 1
67 1
68 1
69 2
69 2
70 2
71 2
71 2
72 3
73 3
73 2
74 2
75 3
76 2
76 3
77 3
78 3
78 3
79 3
79 3
80 3
81 3
81 3
82 3
83 4
84 2
84 4
85 3
86 4
86 4
87 3
88 3
88 2
89 3
90 3
91 3
91 3
92 4
93 3
93 3
94 4
95 3
95 3
96 3
97 3
97 3
98 4
99 3
99 4
100 4
101 5
102 4
102 3
103 5
103 5
104 4
105 4
106 5
106 4
107 4
108 3
108 3
109 5
110 4
111 4
111 6
111 4
113 4
113 5
114 5
115 6
115 5
116 6
117 6
117 6
119 7
119 6
120 6
120 5
121 4
121 4
