20 0
22 0
22 0
23 0
25 0
25 0
26 0
26 0
27 0
27 0
28 0
28 0
29 0
30 0
31 0
31 0
32 0
33 0
33 0
34 0
35 0
35 0
36 0
37 0
38 0
39 0
39 0
40 0
40 0
41 0
42 0
42 0
43 0
44 0
44 0
45 0
46 0
46 0
47 0
48 0
49 0
49 0
50 0
51 0
51 0
52 1
53 0
54 1
54 0
55 0
56 0
57 0
57 0
58 1
59 0
60 0
60 0
61 0
61 0
62 0
63 1
64 2
65 2
65 2
66 2
67 2
67 2
68 2
69 2
69 2
70 2
71 2
71 3
72 3
73 4
73 2
74 2
75 2
76 3
76 4
77 5
78 5
79 5
79 5
80 6
80 6
81 6
82 6
82 6
83 7
84 7
85 7
85 7
86 8
86 7
87 8
88 8
88 8
89 7
90 8
90 8
91 8
92 8
93 9
93 9
94 9
95 9
96 9
96 8
97 7
97 8
98 8
99 8
100 8
100 9
101 8
102 8
102 8
103 8
104 8
104 9
105 9
106 9
106 9
107 9
108 9
108 9
109 9
110 9
111 9
112 9
112 9
113 10
113 12
114 11
115 9
116 11
116 11
117 10
118 10
118 10
119 10
120 10
120 10
121 10
121 9
