20 0
22 0
23 0
23 0
24 0
25 0
25 0
26 0
26 0
27 0
28 0
29 0
29 0
30 0
31 0
31 0
32 0
33 0
33 0
34 0
35 0
36 0
37 0
37 0
37 0
38 0
39 0
40 0
40 0
41 0
42 0
42 0
44 0
45 0
45 0
46 0
46 0
47 0
48 0
48 0
49 0
50 1
50 1
51 0
52 0
53 0
53 0
54 0
54 0
55 2
56 1
56 2
57 3
58 1
58 2
59 2
60 2
60 1
61 2
62 2
62 2
63 2
64 2
64 2
65 2
66 2
67 3
67 3
68 1
69 3
69 3
70 3
70 2
71 2
72 2
73 2
73 2
74 2
75 3
76 3
76 3
77 2
78 3
78 3
79 3
79 4
80 4
81 4
81 4
82 4
83 4
84 4
84 4
85 4
86 4
86 4
87 4
88 4
89 4
89 4
90 4
90 4
91 4
92 4
92 5
93 4
94 4
94 4
95 4
95 4
96 5
97 5
98 5
98 6
99 5
99 5
100 6
101 6
102 5
102 5
103 5
104 5
104 4
105 4
106 4
107 5
107 4
108 4
108 4
109 4
110 4
110 4
111 4
112 5
113 4
113 4
114 4
114 4
115 5
116 5
117 5
117 5
118 5
119 5
119 5
120 4
121 5
122 5
