20 0
22 0
23 0
23 0
24 0
25 0
25 0
26 0
27 0
27 0
28 0
28 0
29 0
30 0
31 0
31 0
32 0
33 0
33 0
34 0
35 0
35 0
36 0
37 0
38 0
38 0
39 0
40 0
41 0
41 0
42 0
43 0
43 0
44 1
45 0
45 0
46 0
47 1
47 1
48 0
49 0
49 1
50 0
51 0
51 1
52 1
53 1
53 1
54 1
54 2
55 1
56 0
57 0
58 1
58 0
59 2
59 1
60 1
61 2
61 1
62 0
63 1
63 1
64 3
64 3
65 3
66 3
66 3
68 3
68 3
69 3
70 3
70 3
71 3
72 2
72 2
73 2
74 2
75 2
75 3
76 2
76 2
77 2
78 2
79 2
79 2
80 2
81 3
81 2
82 2
83 3
84 2
84 2
85 3
85 2
86 2
87 2
88 2
88 2
89 2
90 2
91 2
91 2
92 2
93 2
94 2
95 3
95 2
96 2
97 2
97 2
98 3
99 2
99 2
100 2
101 2
101 2
102 2
103 2
103 2
104 2
105 2
105 2
106 2
107 2
107 2
108 2
109 2
109 2
110 2
111 2
111 2
112 2
113 2
114 3
114 3
115 2
116 2
117 3
117 2
117 2
118 3
119 3
119 3
120 3
121 3
121 3
