20 0
22 0
23 0
23 0
24 0
24 0
25 0
26 0
27 0
28 0
28 0
29 0
29 0
30 0
31 0
32 0
32 0
33 0
34 0
34 0
35 0
36 0
36 0
37 0
38 0
39 0
39 0
40 0
41 0
41 0
42 0
43 0
43 0
44 0
45 0
46 0
46 0
47 0
48 1
48 0
49 1
50 0
51 0
51 0
52 1
53 0
53 0
54 1
55 0
56 1
56 1
57 1
58 1
59 0
60 1
60 1
61 1
62 1
62 1
63 1
64 1
64 1
65 1
66 1
66 1
67 1
68 1
68 1
69 1
70 1
71 1
71 1
72 1
73 2
73 1
74 2
75 2
76 1
76 1
77 2
78 2
79 4
79 2
80 3
81 3
81 4
82 3
83 3
83 3
84 3
85 3
86 3
86 3
87 3
88 3
88 3
89 3
90 4
90 3
91 3
92 3
93 3
93 3
94 4
95 4
96 3
96 3
97 4
98 5
98 5
99 7
100 5
100 5
101 5
102 5
103 4
103 6
104 5
105 5
106 5
106 5
107 5
108 5
108 5
109 5
110 5
111 5
112 5
112 6
113 5
113 5
114 5
115 5
115 5
116 5
117 5
118 5
118 5
119 5
120 5
121 5
121 5
