20 0
22 0
23 0
23 0
24 0
24 0
25 1
26 0
26 0
28 0
28 0
29 0
30 0
31 0
31 0
32 0
33 1
33 0
33 0
34 1
35 1
36 1
36 0
37 1
38 1
39 1
39 1
40 1
41 1
41 1
43 1
43 3
44 3
44 4
45 3
46 3
46 5
47 3
48 3
48 2
49 5
50 5
50 4
51 3
52 4
52 5
53 5
54 5
55 4
56 4
56 4
57 6
58 4
58 5
59 6
60 5
60 5
61 5
62 5
62 6
63 5
64 5
64 5
65 5
66 5
67 5
67 6
68 6
69 6
69 7
70 6
71 7
71 6
72 7
73 6
74 6
74 7
75 7
76 7
76 8
77 7
78 7
79 8
80 8
80 7
81 7
81 7
82 8
83 8
84 10
84 8
85 8
86 10
86 10
87 10
88 9
88 9
89 10
90 10
90 10
91 11
92 10
93 11
93 10
94 10
95 10
96 12
96 11
97 13
97 13
99 12
99 14
100 13
100 13
101 13
102 13
103 12
103 14
104 13
105 12
106 12
106 14
107 13
107 14
108 13
109 13
110 13
110 14
111 14
112 13
113 14
113 12
114 14
115 14
115 13
116 12
117 14
118 14
118 13
119 14
120 14
120 14
121 13
