20 0
22 0
22 0
23 0
24 0
25 0
25 0
26 0
27 0
27 0
28 0
29 0
29 0
30 0
31 0
31 0
32 0
33 0
34 0
34 1
35 1
36 1
36 1
37 1
38 0
38 0
40 0
40 1
41 2
42 0
42 2
43 1
44 1
44 2
45 2
46 1
46 2
47 1
48 2
48 2
49 1
49 2
50 3
51 3
51 3
52 2
53 4
53 3
54 2
55 3
55 3
56 3
57 3
57 3
58 4
59 6
59 5
60 6
61 5
61 6
62 5
63 6
64 6
65 8
65 8
66 7
66 8
67 7
68 8
69 6
70 8
70 8
70 8
71 7
72 7
72 7
74 8
74 9
74 8
76 8
76 8
77 9
77 9
78 9
79 9
80 9
80 9
81 9
81 9
82 9
83 9
83 9
84 9
85 9
86 9
87 10
87 10
88 10
88 10
89 10
90 10
90 10
91 10
92 10
92 10
93 10
94 10
94 9
95 9
96 9
97 9
98 9
98 9
99 9
99 9
100 9
101 9
101 9
102 9
103 9
103 9
104 9
105 9
105 9
106 11
107 9
107 10
108 11
109 11
110 11
110 11
111 11
111 11
112 11
113 10
113 11
114 12
115 12
116 10
117 11
117 11
118 11
118 11
119 11
120 11
121 10
121 11
122 11
