20 0
22 0
22 0
23 0
24 0
25 0
25 0
26 0
26 0
27 0
28 0
29 1
30 1
30 1
31 1
31 1
32 1
33 1
34 1
34 1
35 1
36 1
36 1
37 1
38 1
39 2
39 1
40 2
40 1
41 2
42 2
43 3
44 2
44 3
45 3
45 5
46 4
47 4
48 5
48 5
49 4
49 4
50 3
50 3
51 3
52 3
53 4
53 3
54 5
55 4
55 3
56 5
57 3
57 5
58 4
59 4
60 4
61 5
61 4
62 5
62 5
63 4
64 5
64 5
65 5
66 5
66 5
67 6
68 6
68 6
69 6
70 6
70 6
71 6
72 6
72 6
73 6
74 7
75 7
75 7
76 7
77 7
77 7
78 6
79 7
79 7
80 6
81 8
81 7
82 7
83 7
83 7
84 6
85 6
85 5
86 6
87 6
88 6
88 6
89 6
89 6
90 6
91 6
92 7
93 7
93 7
94 6
94 6
95 6
96 6
97 6
97 7
98 7
98 6
99 6
100 7
101 6
101 6
102 7
103 6
103 6
104 6
105 7
106 7
106 8
107 7
108 8
108 7
109 6
109 6
110 8
111 8
111 8
112 8
113 8
114 8
115 8
115 9
116 8
116 9
117 9
118 8
118 9
120 9
120 9
121 9
121 8
