20 0
22 0
22 0
23 0
24 0
25 0
25 0
26 0
27 0
27 0
28 0
29 0
30 0
30 0
31 0
32 0
33 0
33 0
34 0
35 0
35 0
36 0
37 0
38 0
38 0
39 0
40 0
41 0
41 0
42 0
43 1
43 0
44 1
45 0
45 1
46 0
47 1
47 1
48 1
49 1
50 1
50 1
51 1
52 1
52 1
54 1
54 1
55 1
56 2
56 1
58 2
58 2
59 2
59 3
60 1
61 2
62 2
62 2
63 2
64 3
64 3
65 3
66 2
66 2
67 3
68 2
68 2
69 3
70 3
70 3
71 3
72 4
73 2
73 3
74 2
75 3
75 3
77 3
77 3
78 2
79 3
80 3
80 4
81 4
82 4
82 4
83 4
84 4
85 4
85 5
86 4
86 4
87 5
88 4
88 5
89 4
90 4
91 4
91 4
92 4
93 5
94 5
94 4
95 4
95 5
96 5
97 5
98 5
98 6
99 6
100 5
100 6
101 6
102 6
103 6
103 6
104 6
105 6
105 6
106 6
107 7
107 7
108 7
109 6
110 6
110 6
111 7
112 7
113 6
113 7
114 6
115 8
115 9
116 9
117 7
118 7
118 8
119 7
120 8
120 8
121 7
122 8
