20 0
22 0
23 0
23 0
24 0
24 0
25 0
26 0
27 0
27 0
28 0
30 0
30 0
31 0
31 0
32 0
33 0
33 0
34 0
35 0
35 0
36 0
36 0
37 0
38 0
39 0
39 0
40 0
41 0
41 0
42 0
42 0
43 0
44 0
44 0
46 0
46 0
46 0
47 0
48 0
49 0
49 0
50 0
51 0
51 0
52 0
53 0
54 0
54 0
55 1
56 0
56 0
57 1
58 1
59 2
59 1
60 1
61 1
62 1
62 1
63 1
63 1
64 1
65 1
65 1
66 1
67 1
67 1
68 2
69 1
69 1
70 1
71 2
71 2
72 2
73 2
73 2
74 3
75 3
75 2
76 3
77 2
78 2
79 3
79 2
80 2
81 4
81 2
82 3
82 3
83 2
84 2
84 3
85 2
86 3
86 3
87 3
88 5
88 4
89 4
90 3
91 4
91 4
92 4
92 4
93 4
94 4
94 4
95 4
96 5
96 5
97 4
98 4
98 5
99 4
100 4
100 4
101 4
102 4
102 5
104 5
104 6
105 5
105 5
106 5
107 5
107 5
108 4
109 4
109 3
110 4
111 4
111 3
112 3
113 3
114 3
114 3
115 3
116 3
116 4
117 3
118 3
118 4
119 3
120 4
120 3
121 4
122 4
