20 0
22 0
22 0
23 0
24 0
25 0
26 0
26 0
27 0
28 0
28 0
29 0
30 0
30 0
31 0
32 0
32 0
33 0
34 0
35 0
35 0
36 0
37 0
37 0
38 0
39 0
40 0
40 0
41 1
42 0
42 0
43 0
44 1
45 1
45 0
46 2
47 1
47 1
48 1
49 1
50 1
50 1
51 1
52 1
52 1
53 1
54 1
55 1
56 1
56 1
57 1
57 1
58 1
59 1
59 1
60 2
61 2
62 3
62 3
63 3
64 3
65 3
65 4
66 4
67 4
67 4
68 4
69 4
70 5
70 4
71 4
72 3
72 3
73 4
74 6
75 5
75 4
76 4
77 4
77 4
78 5
79 4
79 4
80 4
81 4
82 5
83 4
83 5
84 5
85 8
85 7
86 6
87 5
88 7
88 8
89 6
90 5
90 6
91 8
92 7
92 9
93 8
94 9
95 8
95 7
96 9
97 9
97 9
98 10
99 9
100 9
100 11
101 11
102 11
102 11
103 12
104 12
105 12
105 11
106 11
107 11
108 11
108 11
109 11
110 11
110 10
111 11
112 11
112 11
113 11
114 12
115 10
115 10
116 11
117 10
117 10
118 12
119 11
120 12
121 11
121 11
