20 0
22 0
23 0
24 0
24 0
25 0
26 0
26 0
27 0
28 0
28 0
30 0
31 0
32 0
32 0
33 0
33 0
34 0
34 0
35 0
36 0
37 0
37 0
38 0
39 0
40 0
40 0
41 0
42 1
42 1
43 1
44 1
44 1
45 2
46 1
46 0
47 1
48 1
48 3
49 3
50 1
50 2
51 3
52 2
52 2
53 1
54 2
55 1
55 1
56 2
57 1
58 1
59 1
59 1
60 2
61 1
61 1
62 2
62 2
63 2
65 3
65 2
66 3
66 3
67 3
68 3
68 4
69 3
69 4
70 3
71 4
72 4
72 3
73 4
74 3
75 5
75 4
76 5
77 4
77 4
78 4
79 5
80 5
80 4
81 4
81 4
82 4
83 4
84 5
84 4
85 4
86 6
87 6
87 7
88 6
89 5
89 5
90 5
91 5
92 6
92 6
93 6
94 5
94 6
95 6
96 6
96 5
97 6
98 6
99 5
99 6
100 6
100 7
101 7
102 6
102 8
103 8
104 7
105 5
105 6
106 6
107 5
108 6
108 5
109 6
109 6
110 6
111 6
111 5
112 8
113 8
114 6
114 8
115 6
116 7
116 7
117 7
118 7
119 6
119 6
120 6
121 7
121 6
