20 0
22 0
23 0
23 0
24 0
24 0
25 0
26 0
27 0
28 0
28 0
29 0
30 0
30 0
31 0
32 0
32 0
33 0
34 0
35 0
35 0
36 0
36 0
37 1
38 0
38 2
40 2
40 2
41 2
41 3
42 3
43 2
43 2
44 2
45 2
45 3
46 3
47 2
48 2
48 3
49 3
50 3
51 4
52 3
53 4
53 3
54 4
55 4
55 4
56 5
57 5
57 5
58 5
59 5
59 5
60 6
61 6
61 6
62 6
63 6
63 6
64 6
65 6
66 6
66 6
67 6
68 6
68 6
69 6
70 7
71 6
71 6
72 6
72 7
73 6
74 6
74 7
75 7
76 7
77 7
77 7
78 7
78 7
79 6
80 7
81 7
81 7
82 8
83 9
83 8
84 7
85 7
86 7
86 7
87 8
88 7
88 7
89 7
90 7
91 7
91 7
93 8
93 7
94 9
95 8
96 8
96 7
96 7
97 7
98 6
98 6
100 7
100 6
101 7
101 7
102 7
103 7
103 7
104 7
105 7
105 7
106 7
107 7
107 7
108 7
109 7
109 7
110 7
111 7
112 7
112 8
113 8
114 8
114 8
115 7
116 7
116 7
117 7
118 7
118 7
119 7
120 7
120 7
121 7
