20 0
22 0
23 0
23 0
24 0
25 0
25 0
26 0
27 0
27 0
28 0
28 0
29 0
30 0
31 0
32 0
32 0
33 0
34 0
34 0
35 0
36 0
37 0
37 0
38 0
39 0
40 0
40 1
41 1
42 1
42 1
43 1
43 1
44 1
45 0
46 1
47 2
47 2
48 0
48 3
50 2
50 2
51 2
51 4
53 3
53 3
54 3
55 4
55 5
56 5
56 5
58 5
58 5
59 5
59 6
60 5
60 6
61 7
62 6
63 6
63 5
64 7
65 7
66 7
66 7
67 7
68 7
68 7
69 6
70 7
70 6
71 7
73 7
73 7
74 7
75 7
75 7
76 7
77 7
78 7
79 7
79 7
79 7
81 7
81 7
82 7
83 7
83 7
84 7
85 7
86 7
86 7
87 7
87 7
88 9
89 8
90 7
90 7
91 7
91 8
92 7
93 7
94 8
95 7
95 7
96 7
97 7
97 7
98 7
98 7
99 7
100 7
100 7
101 7
102 7
103 6
103 6
104 6
105 6
105 6
106 6
107 6
108 7
108 7
109 8
110 7
111 7
111 9
112 8
112 9
113 8
114 9
114 9
115 9
116 9
116 9
117 8
118 9
119 9
120 8
120 8
121 8
122 8
122 8
