20 0
22 0
22 0
24 0
24 0
25 0
25 0
26 0
27 0
27 0
28 0
29 0
30 0
30 0
31 0
32 0
32 0
34 0
34 0
35 0
36 0
36 0
37 0
37 0
38 0
39 0
40 0
41 0
41 0
42 0
43 0
44 0
44 0
45 0
46 0
46 0
47 1
48 0
48 0
49 1
50 1
51 2
51 2
52 2
53 1
54 2
54 2
55 1
55 2
57 3
57 3
58 3
58 4
59 4
59 4
61 4
61 5
62 5
63 5
63 6
64 6
64 4
65 6
66 6
67 6
67 6
68 6
69 6
70 5
70 5
71 7
72 8
72 6
73 6
74 6
75 7
75 6
76 6
77 7
77 6
78 6
79 7
80 8
80 6
81 7
82 6
82 6
83 7
84 5
85 5
85 5
86 6
87 6
88 7
88 6
89 6
90 6
90 6
91 7
92 5
92 6
93 5
94 7
95 6
95 6
96 6
97 6
98 6
99 6
100 6
100 7
101 6
102 6
102 7
103 8
104 7
104 8
105 9
106 7
106 6
107 6
107 7
108 7
109 7
110 8
110 7
111 9
112 7
113 7
113 8
115 7
115 8
115 8
116 8
117 8
117 7
118 8
119 8
120 8
120 8
121 8
