20 0
22 0
23 0
23 0
24 0
24 0
25 0
27 0
27 0
27 0
28 0
29 0
29 0
30 0
31 0
32 0
32 0
33 0
34 0
34 0
35 0
36 0
36 0
37 0
38 1
38 1
39 1
40 1
41 0
42 1
42 2
43 1
43 2
44 3
45 2
45 3
46 3
47 3
47 2
48 2
49 2
50 2
51 2
51 2
52 4
53 3
53 4
54 5
55 3
55 3
56 6
56 6
58 4
58 7
59 6
59 5
60 9
61 6
61 7
62 8
63 9
63 7
64 8
65 8
66 9
67 7
67 9
68 9
68 9
69 9
70 10
71 13
71 11
72 12
73 9
74 10
74 9
75 10
75 9
76 10
77 8
78 8
78 9
79 8
79 8
81 9
81 9
82 8
83 8
83 9
84 9
85 7
85 8
86 8
86 8
87 8
88 9
89 10
89 9
91 9
91 9
92 9
92 8
93 8
94 8
94 8
95 10
96 10
97 10
97 8
98 9
98 10
99 10
100 10
100 10
101 9
102 10
102 10
103 10
104 10
104 10
105 10
106 10
106 10
107 10
108 10
109 10
110 10
110 10
111 9
111 9
112 10
113 9
113 9
114 9
115 10
116 10
116 10
117 10
117 10
118 10
119 10
120 10
121 10
121 10
122 10
