20 0
22 0
23 0
23 0
24 0
25 0
25 0
26 0
27 0
28 0
28 0
29 0
30 0
31 0
31 1
32 1
32 1
33 1
34 1
34 0
35 1
36 1
37 1
37 1
38 1
39 1
40 1
40 2
41 2
41 2
42 1
43 2
44 2
44 2
45 2
46 2
46 2
47 2
48 2
48 2
49 2
50 2
51 2
51 2
52 3
53 2
53 3
55 3
56 3
56 3
57 3
57 4
58 4
59 3
59 3
60 3
61 4
62 4
62 4
63 4
64 5
65 5
65 5
66 5
67 5
67 5
68 4
69 3
69 3
70 4
71 6
71 4
72 5
73 7
73 6
74 4
75 4
75 4
76 5
77 6
78 5
79 4
79 5
80 5
81 5
81 5
82 6
83 6
84 6
84 6
85 6
86 5
86 5
87 6
88 6
88 6
89 7
90 7
91 5
91 5
92 5
93 5
93 6
94 7
95 7
95 7
96 7
97 6
98 6
98 7
99 7
100 6
101 6
101 6
102 6
103 6
103 6
105 7
105 7
106 8
106 8
107 8
108 6
108 6
109 8
110 7
111 8
112 9
112 9
113 8
114 8
114 9
115 8
116 8
116 8
117 9
118 9
118 9
119 10
120 10
120 9
121 10
