20 0
22 0
22 0
24 0
24 0
25 0
25 0
26 0
26 0
28 0
28 0
29 0
30 0
30 0
31 0
31 1
32 1
33 1
33 1
34 1
35 1
36 1
36 1
37 1
38 1
38 1
39 1
40 1
41 1
41 1
42 1
43 1
44 1
44 1
45 1
46 1
46 1
47 1
47 1
48 1
49 1
50 1
50 1
51 1
52 2
53 2
53 2
54 1
54 2
55 1
56 1
56 1
57 2
58 1
59 2
59 2
60 2
61 2
61 2
62 2
63 2
63 2
64 2
65 2
66 2
66 1
67 1
68 1
68 1
69 1
70 2
70 1
71 1
72 1
73 1
73 1
74 1
74 1
75 2
76 1
77 1
77 2
78 1
78 1
79 1
80 1
81 2
82 2
82 2
83 2
84 2
85 2
86 3
87 2
87 3
88 3
88 2
89 2
90 2
90 2
91 2
92 2
92 2
93 3
94 3
95 3
95 3
96 2
97 2
97 1
98 1
99 1
99 1
100 2
101 1
101 1
102 1
103 1
104 1
104 1
105 1
106 1
106 1
107 1
108 1
108 1
109 1
110 1
111 1
111 2
112 2
112 1
113 2
114 1
115 1
115 1
116 1
117 2
117 2
118 1
119 1
119 2
120 1
121 1
121 1
122 1
