20 0
22 0
22 0
23 0
24 0
25 0
25 0
26 0
27 0
28 0
28 0
29 0
30 0
30 0
31 0
32 0
33 0
33 0
34 0
34 0
35 0
36 0
37 0
38 0
38 0
39 0
39 0
40 0
41 1
42 1
42 1
43 1
44 1
45 1
45 1
46 1
46 1
47 2
48 1
49 2
49 1
50 2
51 1
51 2
52 1
53 1
54 1
55 1
55 1
56 1
57 1
58 1
58 1
59 1
60 3
60 2
61 3
62 2
62 2
63 3
64 2
65 3
65 3
66 3
67 3
67 3
68 3
69 3
70 5
70 4
71 4
72 5
72 5
73 5
74 5
75 4
75 6
76 5
77 6
77 5
78 6
79 6
79 6
80 5
81 5
82 5
82 5
83 6
84 6
84 5
85 6
86 6
86 6
87 6
88 6
89 5
89 5
90 6
91 6
91 6
92 6
93 7
93 6
94 6
95 7
96 6
96 7
97 7
98 7
98 7
99 7
100 7
101 8
101 7
102 7
103 8
103 9
104 7
105 7
106 8
106 7
107 7
107 8
108 7
109 8
110 8
111 8
111 7
112 7
113 7
114 7
114 7
115 7
115 8
116 7
117 7
117 7
118 7
119 7
119 8
120 8
121 8
