20 0
22 0
23 0
23 0
24 0
25 0
25 0
26 0
27 0
27 0
29 0
29 0
29 0
30 0
31 0
33 0
33 1
34 0
35 1
35 1
36 1
36 0
37 1
38 1
39 1
39 2
40 2
41 1
41 3
42 4
42 3
44 2
44 2
44 3
46 1
46 2
47 2
48 2
48 2
49 2
50 3
50 4
51 5
52 4
52 5
53 5
54 6
54 7
55 7
56 8
56 7
57 7
58 7
59 7
59 6
60 6
60 7
61 7
62 7
62 8
63 7
64 7
64 7
65 7
66 7
67 8
67 8
68 7
68 8
69 7
70 7
71 8
71 8
72 8
73 8
74 8
74 7
75 8
76 8
76 8
77 8
78 9
78 7
79 8
80 9
80 9
81 8
81 8
82 8
83 8
84 8
84 8
85 8
86 9
86 9
87 10
88 10
88 9
89 9
90 11
90 11
91 12
92 9
93 10
93 8
94 9
95 10
95 9
96 9
97 9
97 8
98 10
99 9
99 9
100 9
101 9
101 11
102 10
103 10
103 10
104 10
105 10
105 10
106 10
107 9
107 11
108 9
109 10
110 11
110 8
111 10
111 10
112 9
113 9
114 9
114 9
116 10
117 10
117 9
118 10
118 9
119 9
120 10
120 9
121 10
