20 0
22 0
22 0
23 0
24 0
25 0
26 0
26 0
27 0
28 0
29 0
30 0
30 0
30 0
31 0
32 0
33 0
34 0
34 0
35 0
36 0
36 0
37 0
37 0
38 0
39 0
40 0
40 0
41 0
42 0
43 0
43 0
43 0
44 1
45 0
46 1
47 0
47 0
48 0
48 1
49 1
50 0
50 0
51 1
52 1
52 1
53 1
54 2
54 1
55 2
56 1
57 1
57 1
58 1
59 2
59 2
60 2
60 2
61 1
62 1
63 2
63 2
64 2
65 3
66 3
67 3
67 3
68 3
69 4
69 4
70 3
71 4
72 5
72 5
73 4
74 4
74 5
75 4
75 4
76 4
77 5
78 4
78 4
79 4
80 4
80 4
81 4
82 4
82 4
83 4
84 5
84 4
85 6
85 4
87 5
87 4
88 5
88 5
89 4
90 5
90 6
91 5
92 7
92 7
93 8
94 7
94 7
95 7
96 7
96 8
97 8
98 9
98 8
99 8
100 8
100 8
101 9
102 8
102 9
103 9
104 8
105 8
105 9
106 9
107 9
107 9
108 9
109 9
109 9
110 9
111 9
112 9
112 9
113 8
113 8
114 8
115 7
116 8
116 8
117 8
118 8
118 9
119 8
120 8
120 9
121 9
