20 0
22 0
23 0
23 0
24 0
25 0
26 0
26 0
27 0
27 0
28 0
29 0
29 1
30 1
31 1
32 1
32 1
33 1
33 1
34 1
35 1
36 1
37 1
37 1
38 2
39 3
39 3
40 3
41 3
41 3
42 3
43 3
43 3
44 3
45 3
46 3
47 3
47 3
47 3
48 3
49 3
50 3
50 3
51 3
51 3
53 3
53 3
54 3
55 3
55 3
56 3
56 3
57 3
58 3
58 3
59 3
60 3
61 3
61 4
62 3
62 3
63 3
64 3
65 2
65 2
66 2
67 2
67 2
68 2
69 2
70 2
70 3
71 3
71 3
72 3
73 3
74 3
74 3
75 3
76 3
76 3
77 3
78 3
79 3
79 3
81 4
81 4
82 4
82 5
83 5
83 4
84 4
85 4
85 5
86 4
87 5
88 5
89 5
89 5
89 5
90 5
91 5
91 5
92 5
93 5
94 5
94 5
95 5
96 5
96 5
97 5
98 5
98 5
99 5
100 5
101 5
101 5
102 5
103 5
104 5
104 5
105 5
105 5
106 5
107 5
107 5
108 5
108 5
109 5
110 5
111 5
111 5
112 5
113 5
114 5
114 5
115 5
115 5
116 5
117 5
117 5
118 5
119 5
120 5
120 5
121 5
122 5
