20 0
22 0
22 0
23 0
24 0
24 0
25 0
26 0
27 0
27 0
28 0
29 0
29 0
30 0
31 0
32 0
32 0
33 0
34 0
34 0
35 0
35 0
36 0
37 0
38 0
39 0
39 0
40 0
41 0
41 0
42 0
43 0
44 0
45 0
46 0
46 0
47 0
47 0
48 0
49 0
50 0
50 0
51 0
52 0
53 0
53 0
54 0
55 0
55 0
56 0
56 0
57 0
58 0
59 0
60 0
60 0
61 0
62 0
62 0
63 0
64 0
64 0
65 0
66 0
66 0
67 0
68 0
69 0
69 0
70 0
71 0
72 0
72 0
73 0
74 0
74 0
75 1
75 0
76 0
77 1
77 2
78 1
79 1
80 1
80 0
81 1
82 0
83 1
83 0
84 0
85 0
85 0
86 1
87 0
88 0
88 1
89 0
90 0
90 1
91 0
91 0
92 0
93 0
94 0
94 1
95 0
96 1
97 1
97 1
98 0
98 0
99 0
100 0
100 1
101 1
102 1
103 1
103 0
104 2
105 2
106 1
106 2
107 2
108 2
109 2
109 2
111 2
110 2
111 2
112 2
112 2
114 2
114 2
115 2
115 2
116 2
117 2
117 2
118 2
119 2
120 2
121 2
121 2
121 3
