20 0
22 0
22 0
23 0
24 0
25 0
26 0
26 0
27 0
28 0
28 0
29 0
30 0
30 0
31 0
32 0
33 0
33 0
34 0
35 0
35 0
36 0
37 0
38 0
38 0
39 0
40 0
40 0
41 0
42 0
42 0
43 0
44 0
45 0
46 0
46 0
47 0
48 0
48 0
49 0
50 0
50 1
52 0
52 0
52 0
53 1
54 1
55 0
56 0
57 1
57 1
58 1
59 2
59 2
60 2
61 3
62 4
62 1
63 2
63 2
64 2
65 3
66 2
66 2
67 1
68 2
68 2
69 4
70 4
70 3
71 3
72 2
73 4
73 3
74 3
75 3
75 5
77 6
77 5
78 5
78 6
79 6
80 6
81 6
81 7
82 7
82 7
84 8
85 8
85 8
85 8
86 9
87 8
88 8
89 8
89 8
90 8
90 8
91 8
92 8
93 8
93 8
94 9
95 9
96 9
96 7
97 8
98 8
98 10
99 10
100 9
101 10
101 10
102 9
103 10
104 11
104 10
105 9
106 10
106 9
107 9
108 10
108 10
109 10
110 8
111 10
111 11
112 11
113 11
113 10
114 10
115 8
116 9
116 10
117 9
118 11
118 10
119 9
120 9
121 12
121 10
