20 0
22 0
23 0
23 0
24 0
25 0
25 0
26 0
26 0
27 0
28 0
29 0
29 0
30 0
31 0
31 0
32 0
33 0
34 0
34 0
35 0
35 0
36 0
37 1
38 0
38 0
39 0
40 1
40 1
41 1
42 1
42 1
43 0
44 1
45 1
45 2
46 3
46 2
47 4
48 5
49 4
50 5
50 4
51 5
51 3
52 4
53 6
54 6
55 6
55 6
56 6
56 6
57 6
58 7
58 7
59 7
60 8
61 8
61 7
62 7
63 7
63 7
64 7
65 7
66 7
66 7
67 7
67 7
68 7
69 9
69 9
70 8
71 9
72 8
72 9
73 9
74 8
74 9
75 9
76 9
76 11
77 8
78 8
78 8
79 7
80 8
81 8
81 9
82 9
83 8
84 7
84 8
85 8
85 9
86 8
87 10
88 10
89 12
89 10
89 10
90 10
91 12
92 11
93 12
93 12
94 10
94 11
95 11
96 11
97 11
98 12
98 11
99 10
100 11
100 11
101 11
102 11
102 10
103 9
104 9
104 9
105 11
106 11
107 10
107 9
108 10
108 9
109 9
110 8
110 9
111 10
112 10
113 10
114 10
114 9
115 9
116 10
116 11
117 10
117 10
118 11
119 10
119 10
120 12
121 11
121 10
