20 0
22 0
23 0
23 0
24 0
25 0
25 0
26 0
27 0
27 0
28 0
29 0
30 0
30 0
31 0
31 0
32 0
33 0
34 0
35 1
36 1
36 1
37 1
38 1
38 1
39 1
39 1
40 1
41 1
42 2
42 1
43 1
44 3
44 2
45 3
46 2
47 2
48 2
48 2
49 2
50 3
50 4
51 3
52 3
52 2
53 3
54 4
54 4
55 4
56 4
57 5
58 3
58 6
59 4
60 4
60 5
61 5
61 6
62 5
63 6
64 5
64 7
65 6
66 6
66 6
67 6
68 5
68 5
69 5
70 5
71 6
71 5
72 5
73 5
74 5
74 6
75 7
76 9
77 7
77 7
78 6
79 7
80 7
80 10
81 9
82 9
82 8
83 8
84 9
84 8
85 8
86 9
87 9
88 9
88 9
89 9
90 10
90 10
91 9
92 10
92 10
93 10
94 9
95 9
95 10
96 10
97 11
98 10
99 11
99 11
100 10
100 10
101 10
102 10
102 10
103 11
104 10
104 11
105 11
106 11
107 11
107 11
108 10
108 10
109 10
110 10
111 10
111 10
112 9
113 9
114 9
114 9
115 9
116 8
116 8
117 8
118 8
118 8
119 8
120 8
121 8
121 8
