20 0
22 0
23 0
23 0
24 0
24 0
25 0
26 0
26 0
27 0
28 0
29 0
29 0
30 0
31 0
31 1
32 1
33 1
33 1
34 1
35 2
36 1
36 2
38 1
38 2
39 2
40 2
40 2
41 2
42 2
42 2
43 3
43 2
44 2
45 3
46 2
47 3
47 4
48 3
49 3
49 3
50 3
51 3
52 4
52 3
53 3
53 4
54 5
55 5
56 5
56 5
57 5
58 5
58 5
59 5
59 5
60 5
61 5
62 5
62 5
63 6
64 5
64 5
65 5
66 5
66 5
67 4
68 5
68 5
69 4
70 4
71 4
71 4
72 4
73 4
73 5
74 4
74 4
75 4
76 5
76 4
77 4
78 5
79 5
79 5
80 5
81 5
82 5
83 5
83 5
84 5
84 5
85 5
86 5
87 6
87 6
88 6
89 6
89 6
90 6
91 7
91 6
92 6
92 6
93 6
94 6
95 6
95 6
96 6
97 6
98 6
98 6
99 6
100 6
100 6
101 6
102 6
103 6
103 6
103 6
104 7
105 6
106 6
106 7
107 8
108 7
109 7
109 8
110 7
111 7
111 7
112 7
113 7
113 7
114 7
114 7
115 7
116 8
117 7
118 7
118 7
119 7
120 7
120 7
120 7
121 7
122 7
