20 0
22 0
23 0
23 0
24 0
25 0
25 0
26 0
27 0
27 0
28 0
28 0
29 0
30 0
31 0
32 0
33 0
33 0
33 0
34 0
35 0
35 0
36 0
37 0
38 1
38 0
39 1
40 0
41 0
41 1
42 1
42 1
44 2
44 1
45 2
45 2
46 2
47 2
48 2
48 2
49 2
50 2
50 2
51 3
52 2
52 3
53 2
53 3
54 3
55 3
56 3
56 3
57 3
58 3
58 3
59 3
60 3
60 3
61 3
62 3
62 4
63 4
64 4
64 4
65 5
66 4
67 3
67 3
68 3
69 4
69 5
70 5
71 4
72 5
72 5
73 5
74 6
74 6
75 6
76 8
76 6
77 5
78 6
78 6
79 6
80 6
80 6
82 6
82 6
83 7
83 7
84 6
85 7
86 7
86 8
87 7
87 8
88 9
89 8
89 7
90 8
91 9
91 9
92 8
93 10
94 9
94 9
95 9
96 9
96 10
97 10
98 11
98 9
99 11
100 10
101 9
101 10
102 10
103 10
103 10
104 10
105 10
105 10
106 10
107 10
107 10
108 10
109 10
109 10
110 11
111 9
112 9
113 9
113 9
114 9
114 9
115 10
116 10
116 10
117 10
118 10
118 10
120 10
120 10
121 10
122 10
