20 0
22 0
23 0
24 0
24 0
25 0
25 0
26 0
27 0
27 0
28 0
29 0
30 0
31 0
31 0
32 0
32 0
33 0
34 0
34 0
35 0
36 0
36 0
37 0
38 1
39 1
39 1
40 1
41 1
41 1
42 1
43 1
44 1
44 1
45 1
46 1
46 1
47 1
47 1
48 1
49 1
50 1
50 1
51 2
52 2
53 2
53 1
54 1
55 1
55 1
56 2
57 2
58 2
58 2
59 2
60 2
60 2
61 2
62 2
62 2
63 2
64 2
65 3
65 3
66 2
67 3
68 3
68 3
69 4
69 5
70 5
71 4
71 4
72 5
73 4
74 5
74 5
75 5
76 5
76 5
77 4
78 5
78 5
80 5
80 5
81 5
81 5
82 6
83 5
84 5
84 5
85 5
86 5
86 5
87 6
88 5
88 5
89 6
90 6
90 6
91 5
92 6
92 7
93 7
94 7
95 7
95 6
96 7
97 7
97 6
98 7
99 7
99 7
100 7
101 7
101 7
102 7
103 7
104 8
104 8
105 7
105 7
106 7
107 8
108 7
108 7
109 7
110 7
110 7
111 8
112 8
113 8
114 8
114 7
115 8
115 8
116 8
117 8
118 8
118 8
119 8
120 8
120 8
121 8
122 8
