20 0
22 0
23 0
24 0
24 0
25 0
25 0
26 0
27 0
27 0
28 0
29 0
30 0
30 0
31 0
32 0
33 0
33 0
33 0
34 0
35 0
36 0
36 0
37 0
38 0
39 0
39 0
40 0
41 2
41 2
42 2
43 1
43 1
44 2
45 2
45 2
46 2
47 3
47 3
49 2
49 3
50 3
50 3
51 3
52 3
52 3
53 3
54 3
55 3
55 3
56 3
57 3
57 3
58 3
59 3
60 3
60 3
61 3
61 3
62 3
63 3
64 3
64 3
65 3
66 3
67 3
67 3
68 3
68 3
69 3
70 3
71 3
71 3
72 3
73 3
73 3
74 3
75 3
75 4
76 3
77 3
78 3
78 3
79 3
80 3
80 4
81 4
82 3
82 3
83 4
84 3
84 4
85 5
86 4
87 4
87 3
88 5
89 7
89 4
90 5
91 5
91 5
92 4
93 5
94 5
94 5
95 5
96 3
96 5
97 5
98 6
98 4
99 5
100 6
100 6
101 6
102 7
102 4
103 5
104 5
104 5
105 5
106 6
106 7
107 6
108 7
108 6
109 6
110 5
110 7
111 6
112 6
113 7
113 6
114 7
115 6
116 6
116 6
117 6
118 6
118 6
119 6
120 6
120 8
121 7
