20 0
22 0
23 0
23 0
24 0
25 0
25 0
26 0
26 0
27 0
28 0
29 0
29 0
30 0
31 0
32 0
32 0
33 0
34 0
34 0
35 0
36 0
36 0
37 0
38 0
39 0
39 0
40 0
40 0
41 0
42 0
43 0
43 0
44 0
45 0
45 0
46 1
47 1
47 2
48 1
50 1
50 1
50 1
51 1
52 2
53 2
53 2
54 3
55 4
55 4
56 4
57 4
58 4
58 4
60 4
60 5
60 4
61 3
62 3
62 4
63 4
64 5
64 4
65 4
66 4
67 6
67 4
68 5
69 5
70 5
70 5
71 5
72 5
72 5
73 6
74 6
75 6
75 7
76 7
77 7
78 6
78 7
79 7
80 7
80 6
81 6
82 6
82 6
83 6
84 6
84 6
85 6
86 6
86 6
88 6
88 5
89 7
90 7
90 6
91 7
92 6
92 6
93 7
94 6
94 5
95 5
96 7
97 6
97 6
98 6
99 7
99 7
100 6
101 6
101 6
102 7
103 6
103 6
104 7
105 7
106 7
106 7
107 7
108 5
109 6
109 6
110 6
111 4
111 6
112 4
113 5
113 6
114 5
115 5
116 5
117 5
117 5
118 5
118 5
119 4
120 5
121 5
121 5
