20 0
22 0
22 0
24 0
24 0
25 0
25 0
26 0
27 0
27 0
28 0
29 0
30 0
30 0
31 0
31 0
32 0
33 0
34 0
34 0
35 0
36 0
36 0
37 0
38 0
38 0
39 0
39 0
41 0
41 0
42 0
42 0
43 0
44 0
45 0
45 1
47 1
47 1
48 1
48 1
49 0
50 1
50 1
51 2
52 1
53 1
53 0
54 2
55 1
55 1
56 1
57 3
57 3
58 3
59 3
59 4
60 3
60 3
61 3
62 5
63 4
64 5
64 4
65 4
65 5
66 5
67 6
68 5
68 4
69 5
70 5
70 5
71 7
72 6
72 7
73 6
74 6
75 7
75 7
76 6
77 7
77 7
78 7
79 7
79 8
80 9
80 7
81 7
82 9
83 9
83 9
84 8
85 8
85 8
86 8
87 7
87 8
88 9
89 8
89 8
90 8
91 9
91 7
92 8
93 8
94 7
94 8
95 8
96 9
96 9
97 10
98 9
98 9
99 9
100 9
100 9
101 10
101 10
103 10
103 10
104 9
104 11
105 11
106 11
106 11
107 11
108 11
109 11
109 11
110 11
111 11
111 11
112 11
113 11
113 11
114 11
115 12
115 11
116 10
117 10
117 10
118 10
119 11
119 11
120 10
121 10
121 11
