20 0
22 0
22 0
23 0
24 0
25 0
25 0
26 0
27 0
28 0
28 0
29 0
30 0
30 0
31 0
32 0
32 0
34 0
34 0
35 0
35 0
36 0
36 0
37 0
38 0
38 0
40 0
40 1
41 0
42 0
42 0
43 0
44 0
44 0
45 0
46 0
46 0
47 0
47 0
48 0
49 1
50 1
51 1
51 1
52 0
52 1
53 1
54 1
54 1
55 1
56 1
56 1
57 2
58 1
58 2
59 3
60 2
61 2
61 2
62 2
63 3
63 3
64 3
65 2
65 1
66 2
67 2
67 2
68 2
69 3
70 3
70 4
71 5
72 4
73 5
73 4
74 4
74 4
75 6
76 4
76 4
77 5
78 5
78 4
79 6
80 6
80 6
81 4
82 6
82 5
83 6
84 7
85 6
85 6
86 6
87 6
88 6
88 7
89 6
89 6
90 6
91 6
92 5
92 7
93 7
94 6
95 8
95 7
96 7
97 8
97 7
98 8
99 8
99 8
100 8
101 7
102 8
102 8
103 8
103 7
104 7
105 8
106 8
106 7
107 8
107 8
108 8
109 7
110 7
111 7
111 7
112 7
113 8
113 7
114 7
115 8
115 7
116 7
117 8
117 7
118 7
119 7
119 7
120 8
120 8
122 8
