20 0
22 0
23 0
23 0
24 0
25 0
25 0
26 0
27 0
27 0
28 0
29 0
30 0
30 0
31 0
32 1
32 1
34 0
34 1
34 0
35 0
36 1
37 1
37 1
38 1
38 1
39 2
40 2
41 1
41 1
42 3
42 1
43 3
44 3
45 3
45 5
46 4
47 2
47 4
48 3
49 3
50 3
51 6
51 5
52 4
53 5
54 4
54 4
55 5
55 4
56 5
56 6
57 5
58 5
58 4
59 5
60 7
60 5
61 6
62 5
62 5
63 5
64 6
64 6
65 6
66 6
66 6
67 7
68 8
68 8
69 7
70 8
71 8
71 8
72 9
73 10
73 9
74 9
75 9
76 10
76 9
77 10
78 9
79 9
79 8
80 10
81 9
81 10
82 10
83 10
83 11
84 11
84 11
85 10
86 10
86 10
88 10
88 11
89 11
89 12
90 11
90 11
92 10
92 11
93 11
93 11
94 10
95 10
95 10
96 10
97 10
98 10
99 10
99 10
100 10
101 10
101 9
102 9
103 9
103 8
104 8
104 9
105 8
106 8
106 9
107 8
108 9
108 10
109 9
110 9
111 8
111 8
112 9
112 9
113 8
114 9
115 8
115 8
116 8
116 8
117 8
118 8
118 9
119 8
120 8
120 9
121 8
