20 0
22 0
22 0
23 0
24 0
24 0
25 0
26 0
27 0
27 0
28 0
29 0
30 0
30 0
31 0
32 0
32 0
33 0
33 0
34 0
35 0
36 0
36 0
38 0
38 0
39 0
40 0
40 0
41 0
41 0
42 0
43 0
43 0
44 0
45 0
46 0
46 0
47 1
47 1
48 1
49 0
50 0
51 1
51 1
52 1
52 2
53 2
54 0
55 2
55 2
56 1
57 1
57 2
58 2
59 2
59 2
60 2
61 1
61 1
62 1
63 1
64 1
64 1
65 1
66 1
66 1
67 1
68 1
68 1
69 1
70 1
70 1
71 2
72 2
72 1
73 1
74 2
74 2
75 2
76 1
76 1
77 1
78 2
78 1
79 1
80 1
81 1
82 2
82 1
83 3
84 3
85 4
85 4
86 3
86 5
87 3
88 5
88 3
89 3
90 4
91 3
91 2
92 5
93 4
94 3
94 4
95 3
95 4
96 5
97 5
98 5
98 4
99 4
100 4
101 5
101 4
102 4
103 4
103 5
104 5
105 5
106 5
106 6
107 6
108 6
108 6
109 5
110 5
111 5
112 5
112 5
113 6
113 5
114 6
115 6
115 6
116 8
117 7
117 7
118 7
119 7
120 6
120 8
121 9
