20 0
22 0
23 0
24 0
24 0
24 0
25 0
26 0
27 0
28 0
28 0
29 0
30 0
30 0
31 0
32 0
32 0
33 0
33 0
34 0
35 0
36 0
36 0
37 0
37 0
38 0
39 0
40 0
40 1
41 2
42 2
42 1
43 2
44 2
44 2
45 2
46 2
46 2
47 2
48 2
49 2
50 1
50 1
51 1
52 2
52 1
53 1
54 2
55 2
55 2
56 2
57 2
57 2
58 2
59 2
60 2
60 2
61 2
62 2
63 2
63 2
64 2
64 2
65 2
66 2
66 2
67 2
68 2
69 2
69 2
70 3
71 2
71 2
72 2
73 2
74 2
74 2
75 2
76 2
76 2
77 2
78 2
79 2
80 2
80 2
81 2
81 2
82 2
83 2
83 3
84 2
85 3
85 3
86 3
87 3
87 3
88 3
89 3
89 3
90 3
91 3
92 3
92 3
93 3
94 3
94 3
95 3
96 3
96 3
97 4
98 3
98 4
100 3
100 3
100 3
101 3
102 4
102 4
103 4
104 3
104 5
106 4
106 4
107 4
107 4
108 4
108 4
109 5
110 4
111 4
111 4
112 5
113 5
114 5
115 5
115 5
116 5
116 5
117 5
118 5
118 6
119 4
120 5
120 6
122 5
