20 0
22 0
22 0
23 0
24 0
25 0
25 0
26 0
27 0
28 0
28 0
29 0
29 0
30 0
31 0
32 0
32 0
33 0
34 0
35 0
35 0
36 0
37 0
37 0
38 0
39 0
40 0
41 0
41 0
42 0
43 0
44 0
44 0
45 0
45 0
46 0
47 0
48 0
48 0
49 0
50 0
51 0
51 0
52 0
53 0
53 0
54 0
55 1
56 0
56 0
57 0
58 0
58 0
59 0
60 0
61 0
61 0
62 0
63 0
63 0
64 1
65 0
66 0
67 2
68 2
68 2
69 1
70 1
70 1
71 1
72 1
72 1
73 1
74 2
74 0
75 2
76 1
77 1
78 2
78 2
79 3
80 2
80 2
81 3
81 3
82 3
83 4
84 3
84 3
85 3
86 3
86 3
87 3
88 3
89 3
90 4
90 4
91 4
91 3
92 3
93 4
94 4
94 4
95 3
96 5
96 3
97 3
98 3
99 4
99 6
100 5
101 7
101 7
102 5
103 5
104 5
104 5
105 6
106 5
106 7
107 7
108 6
108 6
109 7
110 6
111 6
111 6
112 6
113 6
114 5
114 5
115 6
116 5
116 5
117 6
118 5
119 6
120 6
120 6
121 6
