20 0
22 0
22 0
23 0
24 0
24 0
25 0
26 0
27 0
28 0
28 0
29 0
29 0
30 1
31 0
32 0
33 0
33 0
34 1
35 1
35 1
36 1
36 1
37 0
38 2
39 1
39 1
40 2
41 1
41 1
42 1
43 2
44 1
44 2
45 3
46 2
46 3
47 4
47 3
48 3
49 3
50 3
51 3
51 3
52 3
52 3
53 3
54 3
54 3
55 3
56 3
56 3
57 3
58 3
59 3
59 4
60 4
61 4
61 5
62 4
63 4
64 4
64 6
65 6
66 5
66 6
67 6
68 6
68 6
69 6
70 7
70 7
71 5
72 8
72 6
73 6
74 6
75 6
75 7
76 6
77 7
77 6
78 6
79 6
80 7
80 8
81 7
82 7
82 7
83 8
84 8
84 6
85 7
86 6
87 6
87 7
88 8
88 8
89 7
90 7
91 8
91 7
92 8
93 10
93 9
94 9
94 7
95 7
96 7
97 7
98 7
98 7
99 7
99 8
100 8
101 8
102 8
103 8
103 8
104 8
104 8
105 8
106 8
106 8
107 8
108 8
108 8
109 8
110 8
111 8
111 8
112 8
113 8
113 7
114 8
115 8
115 8
116 7
117 7
118 8
118 8
119 9
120 9
120 9
121 8
122 9
