20 0
22 0
23 0
23 0
24 0
25 0
25 0
26 0
27 0
27 0
28 0
29 0
29 0
30 0
31 0
32 0
32 0
33 0
33 0
34 0
36 0
36 0
37 0
37 0
38 1
39 1
39 1
40 1
40 1
41 1
42 1
42 1
43 1
44 2
45 2
45 1
46 1
47 2
47 3
48 1
48 1
49 2
50 2
51 1
51 1
52 3
53 4
54 2
54 3
55 4
56 4
56 4
57 5
58 4
58 4
59 5
60 4
60 4
61 5
62 6
62 5
63 5
64 6
65 5
65 5
66 4
67 7
67 6
67 6
68 7
69 6
69 7
70 8
71 8
72 7
72 8
73 9
74 9
74 9
75 9
76 8
76 9
77 8
78 9
78 9
79 8
80 9
80 9
81 9
82 10
83 10
83 10
84 9
85 10
85 10
86 10
87 10
87 9
88 9
89 9
89 9
90 9
90 9
91 10
92 9
93 9
93 9
94 9
94 8
95 9
96 9
97 9
97 9
98 9
99 9
99 9
100 9
101 9
102 9
102 9
103 9
103 9
104 9
105 9
105 9
106 9
107 9
108 9
108 9
109 9
110 9
111 9
111 9
112 9
112 9
113 9
114 9
114 10
115 9
116 9
116 9
117 9
118 9
119 9
119 9
120 9
120 9
121 10
