20 0
22 0
22 0
23 0
24 0
24 0
25 0
26 0
26 0
27 0
28 0
28 0
29 0
30 0
31 0
31 0
32 0
33 0
34 0
34 0
35 0
35 0
36 0
37 1
38 1
38 1
39 1
40 1
40 1
42 1
42 1
43 1
43 1
44 1
45 1
45 1
46 1
47 2
47 1
48 2
49 2
49 1
50 1
51 1
51 1
52 2
53 2
53 3
54 3
55 2
56 2
56 3
57 2
58 1
58 2
59 3
60 3
60 3
61 3
62 2
62 3
63 3
64 3
64 3
65 3
66 3
67 3
67 3
68 3
69 3
69 3
70 3
71 3
71 2
72 2
73 2
73 3
74 2
75 4
76 3
76 4
77 2
78 3
79 4
79 4
80 3
80 3
81 4
82 4
82 4
83 4
84 4
84 4
85 4
86 4
87 4
87 4
88 4
89 4
89 4
90 4
91 4
92 4
93 4
93 4
94 4
95 5
95 4
96 4
97 4
97 4
98 4
99 4
99 4
100 5
101 5
101 4
102 4
103 4
103 5
104 4
105 4
105 4
106 5
107 5
108 6
109 5
109 5
110 5
110 5
112 5
112 5
113 5
113 5
114 5
115 5
115 5
116 5
117 5
117 5
118 5
119 5
119 5
120 6
121 5
122 6
