20 0
22 0
22 0
23 0
24 0
25 0
25 0
26 0
27 0
27 0
28 0
29 0
30 0
30 0
31 0
32 0
32 0
33 0
35 0
35 0
35 0
37 1
37 1
38 1
39 1
39 1
40 1
41 1
41 1
42 0
43 1
44 1
44 1
45 1
45 1
46 1
47 1
48 1
48 1
49 1
50 1
51 1
51 1
52 1
52 2
53 1
54 1
55 1
55 1
56 1
57 1
58 1
58 1
59 1
59 2
60 2
61 1
62 1
62 1
63 2
64 1
65 3
65 2
66 1
67 3
67 1
68 2
69 2
69 4
70 2
71 2
72 2
72 2
73 2
74 2
74 2
75 2
76 2
77 2
78 2
78 2
79 2
80 2
80 3
81 2
82 3
83 2
83 3
85 3
85 3
85 2
87 4
87 3
87 3
88 3
89 3
90 3
91 4
91 3
92 3
93 4
94 4
94 3
95 4
95 4
96 4
97 5
97 3
98 3
99 4
100 5
100 3
101 4
102 4
103 6
103 4
104 5
105 6
106 5
107 5
108 6
108 6
109 6
109 5
110 6
111 5
112 5
112 5
113 7
114 5
114 6
115 5
116 5
117 5
117 5
118 5
119 5
119 5
120 6
121 5
121 5
122 5
