20 0
22 0
22 0
23 0
24 0
25 0
25 0
26 0
27 0
27 0
28 0
29 0
30 0
30 0
31 0
32 0
32 0
33 0
34 0
34 0
35 0
36 0
36 0
37 0
38 0
39 0
39 0
40 0
41 0
41 0
42 0
43 0
44 0
44 0
45 0
46 0
46 0
47 0
48 0
48 0
49 0
50 0
51 0
51 0
52 0
53 0
54 0
54 0
55 0
56 0
56 0
57 0
58 0
59 0
59 0
60 1
60 0
61 0
62 0
63 0
63 0
64 0
65 0
66 0
66 0
67 0
68 1
69 0
69 0
70 2
71 0
71 1
72 2
72 1
74 2
74 2
75 1
76 1
76 0
77 0
78 0
78 1
79 2
80 1
80 1
81 2
82 2
83 2
83 2
84 3
85 3
85 3
86 3
87 3
87 3
88 3
89 3
89 3
90 3
91 4
92 4
92 4
93 4
94 4
95 5
96 4
96 3
97 4
97 5
98 4
99 4
100 3
101 4
101 3
102 4
102 4
103 3
104 3
105 3
105 4
106 5
107 4
107 4
108 4
109 4
110 4
110 4
111 4
112 5
112 5
113 5
114 5
115 5
115 4
116 5
116 5
117 5
118 5
119 5
120 5
120 5
121 6
122 5
