20 0
22 0
22 0
23 0
24 0
24 0
25 0
26 0
26 0
27 0
28 0
29 0
29 0
30 0
31 0
31 0
32 0
33 1
34 0
34 0
35 1
35 1
37 1
37 0
37 1
38 0
39 0
40 1
40 1
41 1
42 3
43 2
43 3
44 2
45 4
45 3
46 3
46 3
47 4
48 4
48 5
49 5
50 5
51 4
51 7
52 5
53 8
53 6
54 6
55 6
55 7
56 7
57 8
57 7
58 8
59 8
59 8
60 8
61 8
62 8
62 6
63 6
64 7
64 7
65 7
66 7
67 8
67 8
68 9
69 9
69 8
70 8
71 8
72 9
72 8
73 10
75 9
75 10
75 10
76 10
77 10
77 11
78 10
78 10
79 10
80 10
81 10
81 10
82 10
82 9
83 10
84 9
85 9
86 9
86 8
87 8
87 8
88 8
89 8
89 8
90 8
91 8
92 8
92 8
93 8
94 8
94 8
95 8
96 7
96 8
97 8
98 8
98 7
99 8
100 8
100 8
101 8
102 8
102 7
103 7
104 7
105 8
105 8
106 7
107 7
107 8
108 7
109 9
109 7
110 7
111 7
111 7
112 7
113 7
114 8
114 7
115 7
115 9
116 7
117 8
118 8
118 8
119 8
120 8
120 9
121 9
122 9
