20 0
22 0
22 0
23 0
24 0
25 0
25 0
26 0
26 0
27 0
28 0
29 0
29 0
30 0
31 0
32 0
32 0
33 0
34 0
35 0
35 0
36 0
36 0
37 0
38 0
39 0
40 0
40 0
41 0
42 0
42 0
43 0
44 1
45 0
45 0
46 1
46 1
47 1
48 1
48 1
49 1
50 1
50 1
51 1
52 1
52 1
53 1
54 1
54 1
55 1
56 1
57 1
57 1
58 1
59 2
59 1
60 1
61 1
62 1
62 1
63 1
63 2
64 2
65 1
65 2
66 2
67 2
67 3
68 2
69 1
70 2
70 2
71 2
72 2
72 2
73 2
74 2
75 2
75 2
76 2
76 2
77 2
78 3
79 2
79 2
80 2
81 2
81 2
82 2
83 2
83 2
84 2
85 2
86 2
86 2
87 3
87 2
88 2
89 3
90 3
90 3
91 4
92 2
93 4
93 2
94 3
95 3
95 4
96 4
97 3
98 4
98 4
99 4
99 4
100 3
101 2
102 3
102 3
103 4
104 3
104 3
105 3
106 2
106 2
107 2
108 2
108 3
109 3
110 3
111 3
111 4
112 3
113 3
113 3
114 3
115 2
116 2
116 3
117 3
118 3
119 3
119 3
120 3
120 3
121 3
122 3
122 3
