20 0
22 0
23 0
23 0
24 0
25 0
25 0
26 0
26 0
27 0
28 0
29 0
29 0
30 0
31 0
31 0
32 0
33 0
33 0
34 0
35 0
35 0
36 0
37 0
38 0
38 0
39 0
40 0
40 0
41 0
42 0
43 0
43 0
44 0
45 0
45 1
46 0
47 1
47 0
48 1
49 2
49 1
50 1
51 2
51 2
52 2
53 2
53 2
54 3
55 3
56 4
56 3
57 3
58 3
59 3
60 4
60 3
60 3
61 3
62 3
63 3
63 3
64 4
64 3
65 4
66 4
67 5
67 5
69 6
69 6
69 7
70 4
71 4
72 5
73 5
73 4
73 5
74 5
75 4
76 7
76 5
77 7
78 7
79 7
79 5
80 4
81 5
81 4
82 5
83 6
83 6
84 5
85 6
85 5
86 6
87 6
88 6
88 7
89 6
90 6
90 7
91 6
91 6
93 6
93 6
94 6
94 6
95 6
96 6
96 6
97 6
98 6
98 6
99 6
100 7
100 6
101 7
102 6
103 6
103 7
104 7
105 7
105 7
106 7
107 6
107 7
108 6
109 7
109 7
110 7
111 7
111 7
112 7
113 7
113 7
114 7
115 7
116 7
116 6
117 7
118 7
118 7
119 7
120 7
121 7
121 7
