20 0
22 0
22 0
23 0
24 0
25 0
25 0
26 0
27 0
28 0
28 0
29 0
29 0
30 0
31 0
32 0
32 0
33 0
34 1
34 1
35 0
36 1
36 1
37 1
38 2
38 1
39 1
40 1
41 1
41 1
42 2
43 1
43 1
44 2
45 1
46 2
47 2
47 2
48 2
49 2
50 2
51 2
51 2
52 2
53 2
53 2
54 2
55 3
56 2
56 2
57 2
57 2
58 2
59 2
60 2
60 3
61 3
62 4
62 3
63 4
64 3
64 4
65 3
66 4
67 4
67 4
68 4
68 5
69 5
70 5
70 5
71 5
72 4
72 6
73 5
74 5
75 5
75 5
76 5
77 5
77 5
78 5
79 5
79 5
80 5
80 5
82 5
82 5
83 5
83 6
85 5
86 5
86 6
87 7
88 5
88 7
89 7
89 6
91 6
91 6
92 6
92 5
93 7
94 6
94 7
95 5
96 5
97 7
98 6
99 6
99 6
100 6
100 6
101 7
101 7
102 8
103 7
103 7
104 8
105 7
105 7
106 7
107 7
108 7
108 7
109 7
109 7
110 7
111 8
111 7
112 8
113 8
114 8
115 8
115 8
116 8
116 8
117 8
118 8
119 8
119 8
120 8
121 8
121 8
