20 0
22 0
22 0
23 0
24 0
25 0
26 0
26 0
27 0
27 0
28 0
29 0
29 0
30 0
31 0
32 0
32 0
33 0
34 0
34 0
35 0
36 0
37 0
37 0
38 0
39 0
39 0
40 0
41 0
42 0
43 0
43 0
44 0
45 0
45 0
46 1
47 1
48 1
48 1
49 1
49 1
50 1
51 1
52 1
53 1
53 1
54 1
55 1
55 1
56 1
57 1
57 1
58 1
59 1
60 1
60 2
61 1
62 2
62 2
63 3
64 1
64 3
65 2
66 4
67 3
67 3
68 2
69 3
69 4
70 3
71 5
72 4
72 5
73 4
74 4
74 6
76 5
76 4
76 5
77 6
78 4
78 4
79 4
80 3
81 4
81 4
82 4
83 4
84 4
85 4
85 4
86 4
87 4
87 4
88 4
89 4
90 5
90 5
91 4
92 5
92 4
93 3
93 3
94 4
95 5
96 4
96 4
97 5
98 5
98 6
99 6
100 5
100 5
101 6
102 6
103 6
103 6
104 6
105 6
106 6
106 6
107 7
108 6
109 6
109 6
110 6
111 6
111 6
112 6
112 6
113 6
114 6
115 6
115 6
116 6
117 6
118 6
118 6
119 6
120 6
120 6
121 6
