20 0
22 0
23 0
23 0
24 0
25 0
26 0
26 0
27 0
28 0
28 0
29 0
30 0
30 0
31 0
32 0
33 0
33 0
34 0
35 0
35 0
36 0
37 0
37 0
38 0
39 0
39 1
40 0
41 0
42 0
42 0
43 1
44 0
45 1
46 1
47 1
47 2
48 0
49 1
49 1
50 3
51 3
51 2
52 3
53 2
53 2
54 2
55 3
56 3
56 4
57 4
58 3
59 5
59 6
60 5
60 5
61 7
62 5
63 5
64 6
64 6
65 6
65 6
66 6
67 5
68 7
68 7
69 6
70 6
71 7
71 7
72 6
73 7
73 7
74 6
75 6
76 8
76 7
77 7
78 7
78 6
79 7
80 9
81 8
82 9
82 8
83 8
84 8
84 7
85 7
86 8
87 8
88 7
88 7
89 7
89 8
90 8
91 7
91 8
92 8
93 7
94 8
95 7
95 8
96 8
96 8
97 8
98 8
99 8
100 8
101 8
101 8
102 8
103 8
103 8
104 8
105 9
105 9
106 9
107 9
107 9
109 9
109 9
110 9
111 9
111 9
112 9
112 9
113 9
114 9
114 9
115 8
116 9
116 9
117 8
118 9
119 9
119 8
120 9
120 9
121 9
