20 0
22 0
23 0
23 0
24 0
25 0
25 0
26 0
27 0
27 0
28 0
29 0
29 0
30 0
31 0
32 0
32 0
33 0
34 0
35 0
35 0
36 0
37 0
38 0
38 0
39 0
40 0
40 0
41 0
42 0
42 0
43 0
43 0
44 0
45 0
46 0
46 0
47 0
48 0
49 0
49 0
50 0
51 0
51 0
52 0
53 0
54 1
54 0
55 1
56 0
57 0
57 1
58 1
59 2
59 1
60 0
61 2
61 1
62 2
63 0
63 1
64 1
65 1
66 1
66 2
67 1
68 1
68 0
69 1
70 2
71 2
71 2
72 2
74 3
74 2
74 2
75 2
76 2
77 2
77 2
78 2
79 2
79 2
80 2
81 2
81 2
82 2
83 2
84 2
85 2
85 2
86 2
86 2
87 2
88 3
88 2
89 2
90 2
91 2
91 2
92 3
93 3
93 3
94 3
95 3
95 3
96 2
97 3
98 3
98 3
99 3
100 3
100 3
101 3
102 3
102 3
103 3
104 2
104 2
105 3
106 3
107 2
108 2
108 3
109 2
110 2
110 4
111 3
112 2
113 3
113 3
114 3
114 2
115 3
116 2
117 3
118 3
118 3
118 3
119 3
120 3
121 3
121 3
122 3
