20 0
22 0
23 0
23 0
24 0
25 0
26 0
26 0
27 0
28 0
28 0
29 0
30 0
30 0
31 0
32 0
32 0
33 0
34 0
34 0
35 1
36 0
37 0
38 2
38 2
40 2
40 1
40 2
41 1
42 2
42 1
43 2
44 2
44 3
45 3
46 3
47 3
47 3
48 3
49 3
49 3
50 4
51 3
51 3
52 4
53 4
54 4
54 4
55 4
56 3
56 4
57 4
58 4
58 4
59 4
60 4
61 4
61 4
62 4
63 4
63 4
64 4
65 4
65 4
67 4
67 4
68 4
69 4
69 4
70 5
71 5
71 5
72 5
73 5
73 5
74 5
75 5
76 5
76 5
77 5
78 5
78 5
79 5
80 6
81 4
82 4
82 6
83 5
83 6
84 5
85 6
86 6
86 6
87 6
88 6
88 6
89 6
90 6
90 6
91 7
92 7
92 7
93 6
94 7
95 7
95 7
96 7
97 7
98 7
98 7
99 8
99 7
100 7
101 8
102 7
102 8
103 8
104 8
105 8
105 8
106 8
106 7
107 8
108 8
108 8
110 9
110 7
111 9
112 8
113 10
113 9
114 10
115 11
115 10
116 11
117 11
117 11
118 11
118 12
119 11
120 10
121 11
