20 0
22 0
23 0
23 0
24 0
25 0
25 0
26 0
27 0
27 0
28 0
29 0
29 0
30 0
31 0
32 0
33 0
33 0
34 0
34 0
36 0
36 0
37 0
37 0
38 0
39 0
40 0
40 0
41 0
42 0
42 0
43 0
44 0
44 0
45 0
46 0
47 0
47 0
48 0
49 1
49 1
50 1
51 1
52 1
52 1
53 1
54 1
54 0
55 0
56 0
57 0
57 1
58 1
59 0
59 1
60 0
61 0
61 1
62 1
63 1
64 1
64 1
65 1
66 2
66 2
67 1
68 2
68 1
69 1
70 1
71 1
71 1
72 1
73 1
73 1
74 1
75 0
76 0
76 1
78 1
78 1
79 2
79 1
80 2
81 2
81 2
82 2
83 2
84 2
85 2
85 2
86 2
87 2
87 2
88 2
89 4
89 4
90 2
91 2
91 4
92 5
93 4
93 4
94 4
95 4
95 3
97 4
97 3
98 3
98 4
99 3
100 3
101 3
101 4
102 3
103 3
103 5
104 4
105 4
105 4
106 4
107 5
108 3
108 5
109 5
109 4
110 4
111 4
112 4
112 4
113 4
114 4
115 4
116 4
116 4
117 4
118 4
118 4
119 4
120 4
120 4
121 3
122 3
