20 0
22 0
23 0
24 0
24 0
25 0
25 0
26 0
26 0
27 0
28 0
29 0
29 0
30 0
31 0
32 0
32 0
33 0
34 1
34 0
35 1
36 1
36 1
37 1
38 0
39 0
39 0
40 0
41 0
41 0
42 0
43 0
44 0
44 0
45 0
45 0
46 1
47 1
48 1
48 1
49 2
50 3
50 2
51 3
52 2
52 3
53 2
54 3
54 3
55 3
56 3
57 3
57 3
58 3
59 3
59 3
60 5
61 3
62 5
62 6
64 3
65 3
65 4
65 3
66 4
67 4
67 4
68 4
69 5
69 5
70 5
71 5
71 5
72 5
73 5
73 5
74 5
75 5
75 5
76 5
77 5
78 5
79 7
79 5
80 5
80 6
81 6
82 6
83 6
84 6
84 7
85 7
86 7
88 7
88 7
89 7
89 8
90 7
91 7
91 7
92 7
92 7
93 7
94 7
95 7
95 7
96 7
97 7
97 7
98 7
99 7
99 7
100 7
101 7
102 7
102 7
103 8
103 8
104 7
105 8
106 7
106 7
107 7
107 8
108 7
109 7
110 8
110 7
111 7
112 7
112 7
113 9
114 8
115 7
115 8
115 8
116 8
117 7
118 7
119 7
119 7
120 7
121 7
121 8
