20 0
21 0
22 0
23 0
24 0
25 0
25 0
26 0
27 0
28 0
28 0
29 0
29 1
31 0
31 0
32 1
33 1
33 1
34 1
34 1
35 1
36 1
36 1
37 1
38 1
38 1
39 1
40 1
40 1
41 1
42 3
42 2
43 4
44 3
44 3
45 2
46 2
47 2
47 2
48 2
48 3
49 2
50 2
51 4
51 3
52 4
53 4
53 4
54 4
55 5
56 5
56 3
57 5
58 4
58 5
59 4
60 5
61 5
61 5
62 5
63 7
63 6
64 5
64 7
65 6
66 8
67 5
68 5
68 7
69 5
69 6
70 7
71 7
71 7
72 7
73 7
74 6
74 7
75 7
75 7
76 7
77 7
77 7
78 7
79 7
80 7
80 7
81 7
82 7
82 8
83 7
84 7
84 7
85 7
86 7
87 7
88 7
88 8
88 6
89 6
90 7
91 6
92 6
92 6
93 6
94 6
94 7
95 7
95 7
96 7
97 7
97 7
98 7
99 7
99 7
100 7
101 7
102 7
102 7
103 7
104 7
104 7
105 7
106 7
107 7
107 7
108 7
108 7
109 7
110 7
111 8
111 8
112 8
113 7
113 7
114 7
115 8
115 8
116 8
117 8
118 8
118 8
119 8
119 8
120 8
121 7
122 7
