20 0
22 0
22 0
23 0
24 0
25 0
25 0
26 0
26 0
27 0
28 0
28 0
29 0
30 0
30 0
31 0
32 0
32 0
34 0
34 0
35 0
36 0
36 0
37 0
37 0
38 0
39 0
40 0
40 0
41 0
42 0
43 0
44 0
44 0
45 0
45 0
46 0
47 0
47 0
48 0
49 0
50 0
50 0
51 0
51 0
52 0
53 0
54 0
54 0
55 0
56 0
56 0
57 0
58 0
58 0
59 0
60 0
60 0
61 0
62 0
62 0
63 0
64 0
64 0
65 1
66 0
66 0
67 0
68 0
68 0
69 1
70 0
70 0
71 0
72 0
72 1
73 2
74 3
74 3
75 3
76 2
76 2
77 2
78 3
79 2
79 2
80 1
81 4
81 1
82 1
83 4
83 4
84 5
85 4
85 5
86 6
86 5
87 5
88 4
89 4
90 3
90 3
91 4
91 5
92 4
93 4
93 4
94 3
95 4
96 3
96 4
97 3
97 3
98 4
99 4
99 4
100 5
101 5
102 4
103 4
103 4
104 5
104 4
105 4
106 4
107 4
107 5
108 5
109 5
109 5
110 5
110 5
111 4
112 5
113 5
113 5
114 5
115 4
116 4
117 5
117 5
118 5
119 5
119 5
120 5
120 5
121 5
