20 0
22 0
23 0
24 0
24 0
25 0
25 0
26 0
26 0
27 0
28 0
29 1
29 0
30 0
31 0
32 1
32 1
33 1
33 1
34 1
35 1
35 1
36 1
37 1
38 1
38 1
39 1
40 1
40 1
41 2
42 1
42 2
43 3
44 2
45 3
45 3
46 4
47 4
47 4
48 4
49 4
49 4
50 3
51 5
51 3
52 4
53 4
53 3
54 4
55 4
56 4
56 4
57 4
58 5
58 6
59 5
60 5
60 5
62 5
62 5
63 6
63 6
64 7
65 7
66 7
66 7
67 7
67 8
68 8
69 8
70 8
71 7
71 9
72 7
72 8
73 9
74 9
74 9
75 10
76 9
76 9
77 9
78 9
79 10
79 9
80 11
81 10
82 11
82 10
83 9
84 9
84 10
85 10
86 11
86 10
87 10
87 10
88 10
89 10
90 10
91 10
91 10
92 9
93 9
94 9
94 9
95 9
95 10
96 10
97 10
97 10
98 10
99 10
99 11
101 10
101 10
102 10
102 10
103 10
104 10
105 10
105 10
106 9
107 10
107 10
108 10
109 11
109 10
110 11
111 12
111 10
113 11
113 11
113 11
114 11
115 11
116 10
116 10
117 10
118 11
118 10
119 10
119 11
121 10
121 10
