20 0
22 0
22 0
23 0
24 0
25 0
25 0
26 0
27 0
27 0
28 0
29 0
29 0
31 0
31 0
32 0
32 0
33 0
34 0
34 0
35 0
36 0
37 0
37 0
38 0
39 0
39 0
40 0
41 0
42 0
43 0
43 0
44 0
45 0
46 0
46 0
47 0
47 0
48 0
49 1
50 1
51 1
51 1
52 1
53 1
54 1
54 1
55 1
56 1
56 1
57 1
58 1
58 1
59 1
60 1
61 1
62 1
62 1
63 1
63 1
64 1
65 0
66 1
66 1
67 4
68 2
68 4
69 4
70 3
71 3
71 3
72 3
73 2
74 5
74 3
75 3
75 5
76 5
77 4
78 5
78 6
79 4
80 4
81 6
82 4
82 7
83 6
83 6
84 5
85 7
85 6
86 6
87 6
87 7
88 7
89 7
90 6
90 7
91 8
92 8
93 8
93 9
94 7
95 7
95 9
96 8
97 10
98 11
99 10
99 8
100 8
101 9
101 10
102 9
103 9
104 9
104 9
105 8
106 8
106 9
107 9
108 9
108 8
109 10
110 8
110 9
111 8
112 9
113 10
113 9
114 9
115 9
116 9
116 10
117 9
117 9
118 9
119 9
120 10
121 9
121 9
122 9
