20 0
22 0
22 0
23 0
24 0
25 0
25 0
26 0
27 0
27 0
28 0
29 0
29 0
30 0
31 0
32 0
32 0
33 0
34 0
34 0
35 0
36 0
37 0
37 0
38 0
39 0
40 0
40 0
41 0
42 0
43 1
43 1
44 1
44 1
45 1
46 1
47 1
47 2
48 1
49 2
49 2
50 3
51 1
52 2
52 2
53 2
54 2
54 3
55 3
56 3
57 2
57 2
58 2
59 2
59 2
60 3
61 2
61 5
62 4
63 3
64 3
65 3
65 3
66 4
67 6
67 5
68 5
69 5
69 5
70 5
71 5
72 5
72 5
73 6
73 4
74 5
75 5
76 5
77 4
77 5
78 6
79 6
79 6
80 4
81 5
82 5
82 4
83 5
83 5
84 6
86 6
86 5
86 7
87 7
88 7
89 6
89 6
90 6
91 6
91 7
92 7
93 7
93 6
94 6
95 5
96 6
96 7
97 6
98 7
98 6
99 7
100 7
100 7
101 7
102 7
103 7
103 7
104 7
105 8
106 7
106 7
107 7
108 7
108 7
109 7
110 7
111 7
111 7
112 7
113 7
113 7
114 7
115 7
115 7
116 7
117 7
118 7
119 7
119 8
120 7
121 7
121 7
