20 0
22 0
22 0
23 0
24 0
25 0
25 0
26 0
27 0
27 0
28 0
29 0
30 0
30 0
31 0
31 0
33 0
33 0
34 1
35 0
35 0
36 0
37 0
38 0
38 0
39 0
40 0
40 0
41 0
42 1
42 0
43 1
44 1
44 2
45 1
46 1
46 2
47 2
48 2
48 1
49 2
50 2
50 2
51 2
52 2
53 2
53 2
54 1
55 1
55 1
56 1
57 2
57 1
58 1
59 1
60 1
60 2
61 2
61 2
62 2
63 1
64 2
64 1
65 2
66 1
66 2
67 2
68 2
69 2
69 2
70 2
71 2
71 2
72 3
73 3
74 2
74 3
75 2
76 3
76 3
77 2
78 4
78 2
79 4
80 5
81 5
81 6
82 4
83 4
84 6
84 3
85 4
86 4
86 4
87 6
88 4
89 5
89 5
90 5
90 5
91 5
92 5
93 5
93 5
94 4
95 5
96 4
96 4
97 4
98 4
98 4
99 4
100 4
100 4
101 4
102 4
103 4
104 4
105 4
105 4
106 4
107 5
107 4
108 4
108 4
110 5
110 5
111 5
111 5
112 5
113 5
113 5
114 5
115 5
115 6
116 6
117 5
117 5
118 5
119 5
119 4
120 4
121 4
121 4
122 5
