20 0
22 0
23 0
23 0
24 0
25 0
25 0
26 0
27 0
27 0
28 0
29 0
30 0
30 0
31 0
32 0
33 0
34 0
34 0
35 0
36 0
36 0
37 0
38 0
39 0
39 0
40 0
41 0
41 0
42 0
42 0
44 0
44 0
45 0
45 0
46 0
47 0
48 0
48 0
49 1
50 1
51 1
51 1
52 1
53 0
53 0
54 0
55 0
55 0
56 0
57 0
58 0
59 1
59 0
60 1
60 0
61 1
62 1
63 0
63 1
64 1
65 1
65 1
66 1
67 1
68 2
68 1
69 2
70 3
71 2
72 3
72 2
73 3
74 2
75 3
75 3
76 2
76 3
77 3
78 3
79 3
79 3
80 3
81 3
82 3
83 2
83 2
83 3
84 3
85 3
86 3
86 3
87 3
88 3
88 3
89 3
90 3
91 4
91 3
92 4
93 4
93 3
94 3
95 4
95 3
96 5
97 3
98 4
98 4
99 4
100 3
101 4
101 4
102 4
102 4
103 4
104 4
105 4
105 4
107 3
108 4
109 4
109 5
110 3
110 5
111 5
112 5
112 4
113 5
114 5
115 4
115 5
116 3
117 4
117 4
118 4
119 5
120 5
120 4
121 5
