20 0
22 0
23 0
23 0
24 0
25 0
25 0
26 0
27 0
27 0
28 0
29 0
30 0
30 0
31 0
32 0
32 1
33 1
34 0
34 1
35 0
36 0
37 2
37 2
38 2
39 2
40 2
40 2
41 2
42 2
43 2
43 2
43 2
44 2
45 2
46 2
47 2
48 2
48 2
49 2
50 2
50 2
51 2
52 2
52 2
53 2
54 3
54 2
55 3
56 2
57 3
58 4
59 5
59 4
60 3
61 4
61 4
62 3
63 5
63 4
64 4
65 5
65 5
66 4
67 5
67 7
68 5
69 5
70 5
71 5
71 5
72 6
73 5
73 5
74 5
75 5
76 5
76 5
77 5
78 5
78 5
79 5
80 5
80 5
81 6
82 5
82 5
83 5
84 5
85 5
85 5
86 5
87 5
87 7
88 5
89 5
89 6
90 5
91 5
91 6
92 6
94 6
94 6
94 6
95 7
96 6
96 6
97 6
98 6
99 6
99 6
100 7
100 7
101 7
102 8
103 7
103 6
104 6
105 8
105 8
106 8
107 7
108 8
109 8
109 8
110 8
111 8
111 9
112 7
112 8
114 9
114 7
115 7
116 8
117 9
117 8
118 8
118 9
119 8
120 9
120 9
121 9
