20 0
22 0
22 0
23 0
24 0
25 0
25 0
26 0
27 0
28 0
28 0
29 0
29 0
30 0
31 0
32 0
33 0
33 0
34 0
34 0
35 0
36 0
37 0
37 0
38 0
39 1
40 0
40 0
41 0
42 0
42 2
44 1
44 0
45 2
45 3
46 2
47 3
47 3
48 2
49 2
50 3
51 3
51 3
52 3
53 3
54 3
54 3
55 3
56 3
56 3
57 3
58 3
58 3
59 3
60 3
61 3
61 3
62 3
63 3
63 3
64 3
65 4
66 3
66 3
67 3
68 3
69 3
69 3
70 4
70 4
71 4
72 4
73 4
74 4
74 3
75 4
76 3
77 4
77 4
78 4
79 4
79 4
80 3
81 3
81 3
82 3
83 3
83 3
84 3
85 3
86 3
86 3
87 3
87 3
89 3
89 3
90 3
91 3
91 3
92 3
93 3
93 3
94 3
95 3
96 2
96 3
97 4
98 3
98 3
99 3
100 2
101 3
101 3
102 4
103 4
103 4
104 4
105 5
106 4
107 5
107 5
108 4
108 5
109 5
110 5
110 4
111 4
112 4
113 4
114 3
114 3
115 3
116 4
116 4
117 4
118 4
119 4
119 5
120 5
121 2
122 3
122 3
