20 0
22 0
23 0
24 0
24 0
25 0
25 0
26 0
27 0
27 0
28 0
29 0
29 0
30 0
31 0
31 0
32 0
33 0
34 0
34 0
35 1
35 0
36 0
37 0
38 0
38 0
39 2
40 1
40 1
41 2
41 2
42 3
43 1
44 2
44 2
45 2
46 2
47 4
47 4
48 4
49 4
49 6
50 5
51 5
51 5
52 7
53 6
53 6
54 5
55 6
55 9
56 7
57 9
57 7
58 6
59 7
60 6
60 6
61 9
62 8
62 10
63 9
64 9
65 9
65 9
66 10
67 10
67 10
68 9
69 9
69 10
70 10
71 10
71 10
72 10
73 11
74 11
74 10
75 11
76 11
76 12
77 11
78 11
79 10
79 11
80 11
81 10
81 10
82 12
83 10
83 10
84 10
84 10
85 11
86 11
87 12
88 11
89 11
89 11
89 11
90 11
91 11
91 11
92 11
93 11
94 11
95 10
95 10
95 9
96 12
97 11
98 11
99 14
99 11
100 12
101 13
101 13
102 13
103 13
103 13
105 13
106 13
106 13
106 13
107 13
108 13
109 13
109 13
110 13
111 13
111 13
112 13
113 13
114 13
114 13
115 13
115 13
116 13
117 13
117 13
118 11
119 11
120 11
121 12
121 11
