20 0
22 0
23 0
23 0
24 0
25 0
25 0
26 0
26 0
28 0
28 0
29 0
29 0
30 0
31 0
32 0
32 0
33 0
34 0
34 0
35 0
36 0
37 0
37 0
38 0
39 0
39 0
40 0
41 0
41 0
42 0
43 0
44 0
44 0
45 0
46 0
46 0
47 0
48 0
48 0
49 0
50 0
51 0
52 1
52 0
53 2
53 0
54 0
55 1
56 1
56 1
57 3
58 2
58 2
59 2
60 1
60 1
61 2
62 2
63 3
64 2
64 2
65 3
65 3
66 3
67 5
68 3
68 2
69 3
69 3
70 5
71 5
72 4
72 4
73 4
74 4
75 5
76 6
76 5
77 5
77 6
78 4
79 5
80 6
80 6
81 5
82 5
82 7
83 6
84 5
84 6
86 5
86 5
87 5
87 5
88 5
89 5
90 5
90 6
91 6
92 5
92 5
93 5
94 6
94 6
95 5
96 7
97 7
97 6
98 6
99 7
100 6
100 6
101 7
101 7
102 8
103 7
104 8
105 7
105 7
106 7
107 8
108 8
108 7
109 7
109 8
110 7
111 8
112 8
112 7
113 7
114 7
114 8
115 8
116 8
117 9
117 9
118 9
119 10
120 10
120 9
121 10
122 10
122 10
