20 0
22 0
23 0
23 0
24 0
25 0
25 0
26 0
27 0
28 0
28 0
29 0
30 0
30 0
31 0
32 0
32 0
33 0
34 0
35 0
35 0
36 0
37 0
38 0
38 0
39 0
39 0
40 0
41 0
42 0
42 0
43 0
43 0
44 1
45 0
46 0
46 0
47 0
48 0
49 1
49 1
50 1
50 1
51 1
52 1
52 1
53 1
54 1
55 1
56 2
57 1
57 2
58 1
58 2
59 3
60 2
60 2
61 2
62 3
63 3
64 3
64 3
65 3
65 3
66 3
67 3
68 4
68 2
69 2
70 3
70 3
71 2
71 3
72 3
73 3
74 2
74 2
75 2
76 2
77 3
77 3
78 2
79 2
79 2
80 2
81 2
81 2
82 2
83 2
84 2
85 2
85 3
86 3
86 3
87 3
88 3
88 3
89 3
90 3
91 3
91 3
92 3
93 3
94 3
94 3
95 4
96 4
96 4
97 3
98 4
98 4
99 4
100 4
100 4
101 4
102 5
103 4
103 4
104 4
104 4
105 4
106 5
107 5
107 4
108 4
109 4
110 5
111 4
111 4
112 4
112 4
113 5
114 4
114 4
115 4
116 4
117 4
117 5
118 4
119 4
119 4
120 5
121 4
121 4
