20 0
22 0
23 0
23 0
24 0
25 0
25 0
26 0
27 0
27 0
28 0
29 0
30 0
30 0
31 0
32 0
32 0
33 0
33 0
35 0
35 0
36 0
37 0
37 0
38 0
38 0
39 0
40 0
41 0
41 0
42 1
43 1
43 1
44 0
45 0
46 1
46 1
47 1
48 1
48 1
49 2
49 1
50 2
51 2
51 1
52 2
53 2
53 2
54 2
55 2
56 2
56 2
57 3
58 3
58 3
59 3
60 3
60 3
61 3
62 3
63 3
63 3
64 3
65 2
65 3
66 3
66 4
67 3
68 3
68 3
69 4
70 3
71 3
71 3
72 4
73 3
73 4
74 3
74 3
75 3
76 3
77 3
77 2
78 2
78 2
79 2
80 2
81 2
81 2
82 2
83 2
84 2
84 2
85 2
86 2
87 2
87 2
88 2
89 2
90 2
90 2
91 2
91 2
92 2
93 2
93 2
94 2
95 2
95 2
97 3
97 3
98 3
98 3
99 3
100 3
100 3
101 4
102 3
103 3
103 2
104 3
105 2
105 4
106 3
106 4
107 3
108 4
109 3
109 3
110 4
111 4
111 6
112 6
113 5
113 5
114 6
115 6
116 6
116 6
117 6
118 6
118 6
119 6
120 6
120 6
121 6
122 6
