20 0
22 0
23 0
23 0
24 0
25 0
25 0
26 0
27 0
27 0
28 0
29 0
29 0
30 0
31 0
32 0
32 1
33 1
33 1
34 1
35 1
36 1
37 1
38 1
38 1
38 1
39 1
40 1
41 1
42 1
42 1
43 1
44 1
44 1
45 1
46 1
46 1
47 1
48 1
49 1
49 1
50 1
51 1
51 1
52 1
52 1
53 1
54 1
55 1
55 1
56 1
57 1
58 1
58 1
59 1
59 1
60 1
61 1
62 1
62 1
63 1
64 1
65 1
65 1
66 1
66 1
67 1
68 1
69 1
69 1
70 1
71 1
72 1
72 1
73 1
74 1
74 1
75 1
75 1
76 1
77 1
78 1
78 1
79 1
80 1
80 1
81 1
82 1
83 1
83 1
84 1
84 1
85 1
86 1
86 1
87 1
89 1
89 2
89 2
90 1
91 2
92 2
93 2
93 2
94 2
95 2
95 2
96 2
97 2
97 2
98 3
99 2
100 2
100 2
101 2
102 2
102 3
103 3
104 3
104 2
105 3
106 3
107 2
107 3
108 3
109 3
109 3
110 3
111 2
112 2
112 3
113 3
114 3
114 3
115 3
116 3
116 3
117 3
118 3
118 3
119 3
120 3
120 3
122 3
