20 0
22 0
23 0
23 0
24 0
25 0
25 0
26 0
26 0
27 0
28 0
29 0
29 0
30 0
31 0
32 0
32 0
33 0
34 0
35 0
35 0
36 0
37 0
37 1
38 1
38 0
39 0
40 1
41 0
41 1
42 1
43 0
43 0
44 0
45 2
45 2
46 2
47 2
47 1
48 2
49 2
50 1
50 1
51 0
52 1
52 0
53 1
54 1
55 2
55 1
56 1
57 1
57 1
58 1
59 1
60 1
61 2
62 1
62 2
63 2
63 2
64 2
65 1
65 2
66 2
66 3
67 2
68 2
69 2
69 2
70 2
71 3
71 4
72 3
73 2
74 3
74 3
75 3
75 4
76 3
77 3
78 4
78 5
79 4
80 3
80 4
81 4
82 5
82 6
83 4
84 5
84 5
85 5
86 7
87 5
87 5
88 6
89 5
90 6
90 7
91 7
92 6
92 6
93 6
94 7
95 7
95 7
96 8
97 7
97 6
98 6
99 8
99 7
100 7
101 7
102 8
102 7
103 8
104 8
105 8
106 8
106 8
107 8
108 8
108 8
109 8
110 8
111 9
111 9
112 9
112 9
113 9
114 9
114 8
115 8
116 8
117 8
117 8
118 8
119 8
119 8
120 8
121 8
122 8
122 8
