20 0
22 0
23 0
23 0
24 0
25 0
25 0
26 0
27 0
27 0
28 0
29 0
29 0
30 0
31 0
31 0
32 0
33 0
34 0
34 0
35 0
36 0
37 0
37 0
38 0
38 0
39 0
40 0
41 0
42 0
42 0
43 0
44 0
45 0
45 0
46 0
46 1
47 1
48 1
48 0
49 2
50 3
51 2
51 1
52 3
52 3
53 4
54 4
55 2
56 3
56 3
57 4
58 4
58 4
59 3
60 4
60 4
61 5
62 4
63 5
63 5
64 4
65 5
66 5
67 6
67 7
68 4
69 4
69 5
70 6
71 5
71 5
73 4
73 5
74 5
74 5
75 5
76 5
76 6
77 7
78 6
78 8
79 6
80 8
81 8
81 8
82 8
83 8
83 8
84 8
85 8
86 8
86 8
87 8
87 8
88 8
89 8
89 8
90 8
91 8
91 8
92 8
93 8
93 8
94 8
95 8
96 8
96 8
97 8
98 8
98 8
99 8
100 8
100 8
101 9
102 9
103 9
103 9
104 9
105 9
105 9
106 9
107 9
107 9
108 9
109 9
109 9
110 9
111 9
112 10
112 10
113 9
113 9
115 9
115 9
116 9
116 9
117 9
118 10
118 10
119 10
120 10
120 10
121 10
