20 0
22 0
23 0
23 0
24 0
25 0
25 0
26 0
27 0
27 0
28 0
29 0
29 0
30 0
31 0
31 0
32 0
33 0
34 1
35 0
35 1
36 1
37 1
37 2
38 1
38 1
39 1
40 1
40 1
41 1
42 1
43 1
43 1
44 1
45 1
45 1
46 1
47 2
47 2
48 2
49 2
49 2
50 2
51 1
51 2
52 2
53 2
54 3
54 2
55 2
55 3
56 2
57 2
58 3
58 3
59 4
60 5
61 4
61 6
62 5
63 6
63 6
64 5
65 6
65 6
66 6
67 5
68 5
69 5
69 5
70 5
71 5
71 5
72 6
73 5
74 5
75 5
75 5
76 7
76 5
77 6
78 6
79 7
79 5
80 5
81 5
81 6
82 6
83 6
83 6
84 6
85 6
85 6
86 7
87 6
87 6
88 6
89 6
89 6
90 6
91 6
92 7
92 6
93 7
94 7
95 7
95 7
96 6
96 7
98 7
98 7
99 7
99 7
100 7
101 8
102 7
102 7
103 7
104 8
104 7
105 7
106 7
106 7
107 7
108 8
108 8
109 8
110 8
110 9
111 8
112 9
113 9
113 8
114 9
114 8
115 9
116 9
117 8
117 8
118 8
119 8
119 8
121 8
121 8
122 7
