20 0
22 0
23 0
23 0
24 0
25 0
25 0
26 0
26 0
27 0
28 0
29 0
30 0
30 0
31 0
31 0
32 0
33 0
33 0
34 0
35 0
36 0
36 0
37 0
38 1
38 0
39 1
40 1
41 1
41 1
42 1
43 2
43 2
44 2
45 2
45 2
46 2
47 2
47 2
48 3
49 3
50 4
50 4
51 5
51 4
52 4
53 4
54 4
54 4
55 4
56 6
56 3
57 4
58 4
59 5
59 5
60 5
60 5
61 6
62 6
62 6
63 6
64 7
65 6
65 6
66 7
67 7
67 7
68 7
68 7
69 7
70 7
71 7
71 7
72 7
73 7
73 8
74 7
75 7
75 7
76 7
77 7
78 7
78 7
79 7
80 7
80 8
81 7
82 7
82 7
83 8
84 7
85 7
85 7
86 7
86 8
87 8
88 8
89 8
89 8
90 8
90 8
91 8
92 8
93 8
93 8
94 8
95 8
95 9
96 9
97 8
98 9
99 8
99 10
99 9
100 9
101 9
102 10
102 9
103 9
103 9
104 9
105 9
106 9
106 9
107 9
108 9
108 9
109 9
110 9
110 9
111 9
112 9
113 9
113 9
114 9
114 9
115 9
116 9
117 9
117 9
118 9
119 9
119 9
120 9
121 9
121 9
