20 0
22 0
23 0
23 0
24 0
25 0
25 0
26 0
27 0
27 0
28 0
29 0
29 0
30 0
31 0
32 0
32 0
33 0
34 0
35 0
35 0
36 0
36 0
37 0
38 0
38 0
39 0
40 0
41 0
42 0
42 0
43 0
44 0
44 1
45 0
46 0
47 0
47 0
48 1
49 2
49 1
50 2
51 2
51 2
52 2
53 2
54 2
54 2
55 2
56 2
57 2
58 2
58 2
58 2
59 2
60 2
61 2
61 2
62 3
63 3
64 3
64 2
65 4
66 4
67 4
67 4
68 4
68 4
69 4
70 5
71 4
71 5
72 5
73 5
74 5
74 4
75 5
75 5
76 5
77 5
78 6
78 6
79 7
80 7
80 6
81 7
82 7
83 7
83 8
84 7
85 9
86 8
86 8
87 7
88 9
89 8
89 7
90 7
91 8
91 8
92 7
93 7
94 8
95 8
95 8
96 8
96 8
97 8
98 8
98 7
99 7
100 7
101 7
101 7
102 7
103 7
104 7
104 7
105 8
105 7
106 7
107 7
108 6
108 6
109 6
110 6
110 6
111 6
112 7
113 7
113 6
114 6
115 7
116 6
116 6
117 7
118 6
118 6
119 6
120 7
120 7
122 7
