20 0
22 0
23 0
24 0
24 0
25 0
25 0
26 0
27 0
27 0
28 0
29 0
30 0
30 0
31 0
32 0
32 0
33 0
34 0
35 0
35 0
36 0
37 0
38 0
38 0
39 0
39 0
40 0
41 0
42 0
43 0
43 0
45 0
45 0
46 0
46 0
47 0
47 0
48 0
49 0
50 0
50 0
51 0
52 0
53 0
53 0
54 0
55 0
55 0
56 0
57 0
58 0
58 0
59 0
60 0
60 0
61 0
62 0
63 0
63 0
64 0
65 0
65 0
66 0
67 0
68 1
68 1
69 1
70 1
70 1
71 2
72 0
72 0
73 0
74 1
75 1
75 1
76 0
77 0
77 1
78 0
79 1
79 1
80 1
81 1
82 1
82 2
83 3
84 2
84 3
85 3
86 2
87 2
88 3
88 4
89 3
90 5
90 3
91 4
92 4
92 4
93 3
94 3
95 4
95 3
96 5
97 3
98 4
98 3
99 4
100 5
100 5
101 4
102 3
103 4
103 4
104 4
105 4
105 5
106 5
107 4
108 5
108 4
109 5
110 5
110 5
111 5
112 4
113 5
113 5
114 5
115 5
115 5
116 5
117 5
117 5
118 5
119 4
120 5
120 5
121 5
