20 0
22 0
22 0
23 0
24 0
25 0
25 0
26 0
27 0
27 0
28 0
29 0
30 0
30 0
31 0
31 0
32 0
33 0
34 0
34 0
36 0
36 0
37 0
38 0
38 0
39 0
39 0
40 0
41 0
42 0
42 0
43 0
44 1
44 0
45 0
46 1
47 1
47 1
48 0
49 0
49 1
50 1
51 1
51 0
52 1
53 2
53 2
54 2
55 1
55 0
57 2
57 0
58 1
59 0
59 2
60 2
61 2
61 0
62 1
62 1
63 2
64 3
65 2
66 1
66 4
67 1
67 1
68 1
69 1
70 2
71 4
71 3
72 3
73 4
73 3
74 4
75 3
76 3
76 4
77 4
78 4
78 4
79 5
80 5
80 3
81 3
82 3
82 3
83 3
84 4
84 3
85 3
86 4
86 4
87 6
88 6
89 6
90 6
90 7
91 7
91 6
92 7
93 7
93 7
94 7
95 7
96 6
96 6
97 7
98 7
99 6
99 7
100 6
101 6
102 7
102 7
103 6
104 7
105 6
105 7
106 7
106 7
107 8
108 8
109 8
109 8
110 9
111 8
111 8
112 7
113 7
113 7
114 8
115 8
116 8
116 8
117 8
118 9
118 11
119 10
120 10
120 10
121 10
122 11
