20 0
22 0
23 0
23 0
24 0
25 0
25 0
26 0
27 0
27 0
28 0
29 0
29 0
30 0
31 0
32 0
32 1
33 1
34 1
34 1
35 1
36 1
36 1
37 1
38 1
38 2
39 2
40 1
41 1
42 1
43 1
43 1
44 1
45 1
45 1
46 1
46 1
48 1
48 1
49 2
49 2
50 2
51 2
51 1
52 2
53 2
54 2
55 2
55 2
56 3
56 3
57 3
58 3
59 3
59 3
60 3
61 5
61 3
62 3
63 3
64 4
64 4
65 4
66 5
66 5
67 4
68 5
69 5
69 5
70 5
70 5
72 5
72 5
73 4
74 5
74 5
75 5
76 5
77 5
77 5
78 5
78 5
79 6
80 5
81 5
81 6
82 6
83 5
83 5
84 5
85 4
85 4
86 6
87 4
87 4
88 4
89 4
90 5
90 5
91 5
92 5
93 5
93 6
94 6
95 6
95 6
96 6
97 6
97 6
98 6
99 6
99 6
100 6
101 6
102 6
102 6
103 6
104 6
105 6
105 6
106 6
107 6
107 6
108 6
109 6
110 6
110 6
111 6
112 6
112 6
113 6
114 6
114 6
115 7
116 6
117 6
117 6
118 6
119 6
119 6
120 6
121 6
121 6
