20 0
22 0
22 0
23 0
24 0
24 0
25 0
26 0
27 0
27 0
28 0
29 0
30 0
30 0
31 0
32 0
32 0
33 0
34 0
34 0
35 0
36 0
37 0
37 0
38 0
38 0
39 0
40 0
41 0
41 0
42 0
43 0
44 0
44 0
45 0
45 0
46 0
47 0
48 0
48 0
50 0
50 0
50 0
51 0
52 0
53 0
54 0
54 0
55 0
55 0
56 0
57 1
58 0
58 0
59 1
60 1
60 2
61 3
62 3
62 3
63 3
64 2
64 2
65 2
66 3
67 2
68 2
68 2
69 2
70 2
71 3
71 1
72 2
73 2
73 2
74 2
74 2
75 2
76 2
77 1
77 2
78 1
79 2
80 2
80 2
81 2
82 3
82 1
83 3
84 3
85 3
85 3
86 3
87 3
87 3
88 3
89 3
90 3
91 3
91 3
91 3
92 3
93 3
94 3
94 3
95 3
96 3
96 3
97 3
98 3
99 3
99 3
100 3
100 3
102 3
102 3
103 3
104 3
104 3
105 3
105 3
106 3
107 4
107 4
108 3
109 3
110 3
111 4
111 3
112 3
113 3
114 3
114 3
115 3
116 4
116 4
117 4
118 4
119 4
120 4
120 4
121 4
121 4
122 4
