20 0
22 0
22 0
23 0
24 0
25 0
25 0
26 0
26 0
27 0
28 0
29 0
30 0
30 0
31 0
32 0
32 0
33 1
34 1
34 1
35 1
36 1
37 1
38 1
38 1
39 1
40 2
40 2
41 1
41 2
42 2
43 2
43 2
44 2
45 3
46 2
47 2
47 2
48 2
48 2
49 2
50 4
51 4
51 3
52 5
53 4
53 4
54 4
55 4
56 5
56 5
57 4
57 5
58 5
59 6
60 5
61 5
61 5
62 5
62 5
63 5
64 6
65 6
65 6
66 6
67 7
68 6
68 7
69 7
70 7
71 7
71 6
72 7
73 7
73 7
74 7
75 7
75 7
76 6
77 7
77 7
78 7
79 7
80 7
80 7
81 7
82 7
83 7
83 7
84 7
84 7
85 7
86 7
87 7
87 8
88 7
89 8
89 7
90 7
91 8
91 8
92 9
93 7
93 8
94 8
95 9
95 7
96 7
97 8
98 8
99 8
99 8
100 7
100 7
101 8
102 8
103 7
103 8
104 8
105 8
105 7
106 9
107 8
108 8
109 8
109 8
110 8
110 8
111 8
112 8
112 8
113 8
114 8
115 8
115 9
116 8
117 7
117 7
118 8
119 8
119 7
120 8
121 9
122 9
