20 0
22 0
22 0
23 0
24 0
25 0
25 0
26 0
26 0
27 0
28 0
28 1
29 0
30 1
31 0
31 0
32 2
33 2
33 2
34 2
35 2
35 2
36 2
37 2
37 2
38 3
39 3
39 3
40 3
41 2
41 2
42 2
43 2
44 2
44 2
45 2
45 2
46 2
47 2
47 2
48 2
49 2
50 2
50 2
51 2
52 2
52 2
53 2
54 2
54 2
55 3
56 2
56 2
57 2
58 2
58 2
59 2
60 3
61 2
61 3
62 4
62 4
63 4
64 4
64 4
65 4
66 4
67 4
68 4
68 4
69 4
70 4
71 4
72 5
72 4
73 4
73 4
74 5
75 4
75 4
76 4
77 5
78 5
78 5
79 5
79 6
80 6
81 5
81 6
82 6
83 6
83 6
84 6
85 6
85 6
86 6
87 6
88 6
88 6
89 6
90 6
91 6
91 7
92 6
93 7
93 6
95 6
95 7
95 6
97 6
97 7
97 7
99 7
99 7
100 7
101 6
101 6
102 7
102 6
103 6
104 5
104 5
105 5
106 5
107 5
107 5
108 5
108 5
109 5
110 5
111 5
111 5
112 5
112 5
113 5
114 5
115 5
115 5
116 5
116 5
117 5
118 5
119 5
119 5
120 5
121 5
121 5
