20 0
22 0
23 0
24 0
24 0
25 0
25 0
26 0
27 0
28 0
28 0
29 0
30 0
30 0
31 0
32 0
32 0
33 0
34 0
34 1
35 0
36 1
37 1
37 1
38 1
39 1
40 1
40 1
41 1
41 1
42 1
43 1
43 1
44 1
45 1
46 1
46 2
47 1
48 1
48 2
49 2
50 0
50 2
51 1
52 1
53 0
54 0
55 1
55 2
56 1
56 1
57 1
58 1
58 1
59 0
60 1
61 1
61 0
62 0
62 1
63 0
64 2
64 2
65 2
66 1
67 2
67 2
68 4
69 2
69 3
70 4
70 3
72 3
72 3
73 3
74 3
75 3
75 4
76 2
76 2
77 3
77 4
78 4
79 3
79 3
80 2
81 3
81 3
82 3
83 3
84 3
84 3
85 3
85 3
86 3
87 3
88 4
88 3
89 3
89 3
91 4
91 3
92 3
93 3
93 3
94 2
94 2
95 2
96 2
96 2
97 2
98 3
99 2
100 3
100 2
101 3
102 3
102 3
103 3
104 3
104 3
105 3
106 3
106 3
107 3
108 3
108 3
109 3
110 3
111 3
111 3
112 3
113 3
113 3
114 4
115 4
115 4
116 5
117 4
117 4
118 4
119 4
120 4
121 4
121 4
122 4
