20 0
22 0
22 0
23 0
24 0
25 0
25 0
26 0
27 0
27 0
28 0
29 0
30 0
30 0
31 0
32 0
32 0
33 0
34 0
35 0
36 0
36 0
37 0
38 0
38 0
39 0
39 0
40 0
41 0
42 0
42 0
43 0
44 0
45 0
45 0
46 1
47 1
47 0
48 1
49 1
50 1
51 1
51 1
52 1
52 1
53 1
54 1
54 1
55 1
56 1
57 1
58 2
58 1
59 1
60 1
60 2
61 1
62 1
63 1
63 1
64 1
64 1
65 1
66 1
67 1
67 1
68 2
68 2
69 2
70 2
71 2
71 1
72 1
73 1
73 1
74 2
75 1
77 2
77 2
77 2
78 2
79 2
80 2
80 2
81 2
81 3
82 2
83 2
84 2
84 2
85 2
85 3
86 1
87 2
88 2
88 2
89 2
90 2
91 2
91 2
92 2
93 3
93 2
94 2
95 4
96 3
96 4
97 4
98 3
98 4
99 3
100 4
100 4
101 4
102 4
103 4
104 3
104 4
105 4
106 3
106 4
107 3
108 4
108 4
109 3
110 4
111 5
111 3
112 3
113 4
113 4
114 3
115 4
116 3
116 3
117 3
117 3
118 3
119 3
120 5
120 3
121 4
