20 0
22 0
23 0
23 0
24 0
25 0
25 0
26 0
27 0
27 0
28 0
29 0
30 0
30 0
31 0
32 0
32 0
33 0
34 0
34 0
36 0
36 0
37 0
38 0
38 0
39 0
40 0
41 0
41 0
42 0
42 0
43 0
44 0
44 0
45 0
46 0
47 0
47 0
48 0
49 0
49 0
50 0
51 0
52 0
52 0
53 0
54 0
54 0
55 0
56 0
56 1
57 1
58 0
59 1
60 0
60 1
61 1
61 1
62 1
63 1
64 1
64 1
65 1
66 1
67 1
67 1
68 1
69 1
70 1
70 1
71 1
72 2
73 1
73 1
74 2
74 1
75 1
76 1
76 1
77 1
78 1
79 3
80 3
80 2
81 1
81 2
82 2
83 2
84 3
84 2
85 3
86 3
87 4
87 4
88 4
89 4
90 5
90 5
92 5
92 3
92 5
93 5
94 5
95 5
95 5
96 5
97 5
97 5
98 5
99 5
100 4
100 5
101 5
102 5
103 5
103 5
104 5
105 5
105 5
106 5
107 5
107 4
108 5
109 6
110 6
110 4
111 4
112 5
112 5
113 6
114 4
114 5
115 6
116 6
117 4
117 6
118 5
119 6
120 4
121 6
121 6
122 6
