20 0
22 0
23 0
23 0
24 0
25 0
25 0
26 0
27 0
27 0
28 0
29 0
29 0
30 0
31 0
31 0
32 0
33 0
34 0
34 0
35 0
36 0
37 2
38 1
38 1
38 2
39 1
40 1
41 2
42 1
42 1
43 1
43 1
44 1
45 1
45 1
46 1
47 1
48 2
48 1
49 1
50 2
51 1
51 1
52 2
52 2
53 2
54 2
54 2
55 2
56 2
56 3
58 2
58 2
59 2
60 2
60 2
61 2
61 2
62 2
63 2
63 2
64 2
65 2
66 2
66 2
67 2
67 1
68 3
69 1
70 3
70 2
71 3
72 3
73 3
73 3
74 3
75 3
75 3
76 3
76 4
77 3
78 3
79 3
79 3
80 4
81 4
81 4
82 3
83 3
84 2
84 3
85 3
85 3
86 4
87 5
87 5
89 5
89 4
90 5
90 5
91 5
92 5
92 5
93 5
94 4
95 5
95 5
96 5
97 5
98 5
98 5
99 5
100 5
100 5
101 5
102 5
102 5
103 5
104 5
105 5
105 5
106 5
107 5
107 5
108 5
108 5
109 5
110 4
111 4
111 4
112 4
113 4
113 5
114 4
114 4
115 4
116 4
117 4
118 4
118 4
119 4
120 4
120 5
121 4
122 4
