20 0
22 0
22 0
23 0
24 0
25 0
25 0
26 0
27 0
27 0
28 0
29 0
29 0
30 0
31 0
31 0
32 0
33 0
34 0
34 0
35 0
36 0
36 0
37 0
38 0
38 0
39 0
40 0
41 0
41 0
42 0
43 0
43 0
44 0
45 0
46 0
46 0
47 0
48 0
48 0
49 0
50 1
50 0
52 0
52 1
52 1
53 0
54 0
55 1
56 1
56 0
57 0
57 0
58 0
59 1
60 1
60 0
61 0
62 1
62 0
63 1
64 1
65 1
65 2
66 1
67 1
67 2
68 2
69 1
69 1
70 0
71 0
71 0
72 1
73 1
74 1
74 2
75 2
76 2
76 1
77 2
78 3
78 2
79 3
80 2
81 2
81 4
82 4
83 3
83 4
84 4
85 3
85 3
86 3
87 3
88 3
88 4
89 3
90 3
91 4
92 4
92 4
92 3
93 3
94 3
95 3
95 3
96 3
97 4
97 3
98 5
99 5
99 5
100 5
101 5
102 5
102 5
103 5
104 5
105 5
105 5
106 5
107 5
107 5
108 5
109 6
109 6
110 7
111 7
111 7
112 7
113 7
114 7
114 7
115 7
116 7
117 7
117 7
118 6
119 6
119 6
120 6
121 6
121 7
