20 0
22 0
23 0
23 0
24 0
25 0
25 0
26 0
26 0
27 0
28 0
28 0
29 0
30 0
31 0
31 0
32 0
33 0
34 0
34 3
35 1
36 1
36 2
37 3
37 3
38 3
39 4
40 4
40 5
41 5
42 4
42 4
43 5
44 5
45 5
45 4
46 5
46 4
47 4
48 4
48 4
49 5
50 6
50 4
51 6
52 5
52 6
53 6
54 6
55 6
56 7
56 8
56 7
58 8
58 7
59 8
59 8
60 8
61 8
62 8
62 8
63 8
64 8
64 8
65 8
65 7
66 9
67 9
68 8
68 8
69 7
70 8
70 7
71 8
71 8
72 8
73 8
74 7
74 8
75 9
76 9
76 8
77 8
78 8
79 8
79 9
80 9
81 9
81 8
82 9
83 8
84 9
84 9
85 9
85 9
86 9
87 9
88 9
88 9
89 9
89 9
90 9
91 9
92 9
92 9
93 9
94 9
94 9
95 9
96 9
96 8
97 8
98 8
98 8
99 8
99 8
100 8
101 8
102 8
102 8
103 8
104 8
104 8
106 8
106 8
106 9
107 9
108 9
109 8
109 9
110 8
110 8
111 8
112 8
113 8
114 8
114 8
115 8
115 8
116 8
117 8
117 8
118 8
119 8
120 8
120 8
121 8
122 8
