20 0
22 0
23 0
23 0
24 0
24 0
25 0
26 0
27 0
27 0
28 0
29 0
30 0
30 0
31 0
32 0
32 0
33 0
34 0
34 0
35 0
36 0
37 0
37 0
38 0
39 0
39 0
40 0
41 0
41 0
42 0
43 0
44 0
45 0
45 0
46 0
47 0
47 0
48 0
49 0
49 0
50 0
50 0
51 0
52 0
52 0
53 0
54 0
55 0
55 0
56 1
57 2
58 1
58 3
59 2
60 2
60 3
61 4
62 3
63 3
63 3
64 3
65 5
65 4
66 5
67 4
67 4
68 4
69 6
69 7
71 5
71 5
72 4
72 6
73 6
74 5
75 5
76 5
76 5
77 5
77 6
78 5
79 6
80 5
81 6
81 6
82 5
82 6
83 5
84 6
84 6
85 6
86 7
87 7
87 7
88 5
89 7
89 7
90 7
91 7
92 7
93 7
94 7
94 7
95 7
96 7
96 7
97 7
98 7
98 7
99 7
99 7
100 8
101 7
102 7
103 8
103 8
104 8
105 9
106 9
106 8
107 8
107 9
108 8
109 8
109 8
110 8
111 9
112 9
112 9
114 9
114 9
114 9
115 9
116 8
117 9
117 9
118 9
118 9
119 8
120 9
121 8
121 8
