20 0
22 0
23 0
23 0
24 0
25 0
25 0
26 0
27 0
28 0
28 0
29 0
30 0
31 0
32 0
32 0
33 0
34 0
34 0
35 0
36 0
36 0
37 0
38 0
38 0
39 0
40 0
40 0
42 0
42 0
43 0
44 0
45 0
45 0
46 0
46 0
47 0
48 0
49 0
49 0
50 0
51 0
52 2
52 0
53 0
54 1
54 0
55 1
56 1
56 1
57 1
58 1
59 1
59 2
60 1
61 1
62 2
62 1
64 1
63 1
64 1
65 1
66 1
66 2
67 2
68 1
69 1
69 1
70 3
70 2
71 3
72 3
73 2
73 2
74 2
75 2
76 2
77 3
78 2
78 2
79 2
80 3
80 2
81 2
82 3
82 3
83 2
84 2
85 3
85 3
86 3
87 3
87 3
88 3
89 3
90 3
90 3
91 3
92 3
92 4
93 3
94 3
94 3
95 3
96 3
97 3
97 3
98 3
98 3
99 3
100 3
101 3
102 3
102 3
103 3
103 3
104 3
106 3
106 3
107 3
107 3
108 3
109 3
110 3
111 3
111 3
112 3
112 3
113 4
114 4
115 3
115 4
116 5
117 5
118 5
118 4
119 4
120 5
120 4
121 5
