20 0
22 0
23 0
23 0
25 0
25 0
25 0
26 0
27 0
27 0
28 0
29 0
29 0
30 0
31 0
32 0
33 0
33 0
34 0
35 0
35 0
36 0
37 0
37 0
38 0
39 0
39 0
40 0
41 0
42 0
42 0
43 0
44 0
44 0
45 0
46 0
47 0
47 0
48 0
49 0
49 0
50 0
51 0
52 0
52 0
53 0
54 0
54 0
55 0
56 0
57 0
57 0
58 0
59 0
59 0
60 0
61 0
62 0
62 0
63 0
63 0
64 0
65 0
66 0
66 0
67 0
68 0
69 0
69 0
70 0
71 0
71 0
72 0
73 1
74 1
74 1
75 0
76 0
76 1
77 0
78 0
79 0
79 1
80 1
81 1
81 1
82 1
83 2
83 1
84 1
85 1
86 1
86 1
87 1
88 1
89 2
89 2
90 2
91 2
92 1
92 2
93 2
94 2
95 3
95 2
96 2
96 2
97 2
98 1
98 2
100 2
100 2
100 1
101 1
103 2
103 3
104 3
105 3
105 2
106 4
106 3
107 3
108 4
109 3
109 3
110 3
111 3
112 4
113 3
113 3
114 4
115 4
115 4
116 4
117 4
118 4
118 4
119 5
120 5
120 4
121 4
122 5
