20 0
22 0
23 0
23 0
24 0
25 0
25 0
26 0
27 0
27 0
28 0
29 0
30 0
30 0
31 0
32 0
32 0
33 0
34 0
35 0
36 0
36 0
37 0
38 0
38 0
39 0
40 0
40 0
42 1
42 0
43 1
43 0
44 1
45 1
45 1
46 1
47 1
48 2
48 0
49 2
50 2
50 3
52 3
52 2
52 4
54 3
54 3
55 4
55 4
57 4
57 4
58 4
59 5
59 4
60 5
60 4
61 5
62 4
63 4
63 5
64 5
65 4
66 6
66 5
67 4
68 4
68 5
69 5
70 5
71 6
71 6
72 6
72 6
73 7
74 6
75 7
76 7
77 7
77 6
78 6
78 5
79 5
80 5
80 5
81 5
82 5
83 5
83 5
84 7
85 7
85 5
86 6
87 7
88 6
88 6
89 7
90 7
90 8
91 9
92 8
92 9
93 8
94 9
95 8
95 8
96 10
97 10
97 10
98 10
99 10
100 9
100 10
101 10
102 10
103 10
103 9
104 10
105 10
106 10
106 10
107 10
108 9
108 9
109 10
110 10
111 9
111 10
112 10
113 10
114 10
114 10
115 10
116 10
116 10
117 9
118 10
118 10
119 9
120 10
120 10
121 10
