20 0
22 0
22 0
23 0
24 0
25 0
26 0
26 0
27 0
27 0
28 0
29 0
30 0
30 0
31 0
32 0
33 0
33 0
34 0
34 0
35 0
36 0
37 0
37 0
38 0
39 0
39 0
40 0
41 0
42 0
42 0
43 0
44 0
44 0
45 0
46 0
46 0
47 0
48 0
48 0
49 0
50 0
51 0
51 0
52 0
53 0
54 0
54 0
55 0
56 0
56 0
58 0
58 0
58 0
59 0
60 0
61 0
61 0
62 1
63 0
63 0
64 0
65 1
66 1
66 0
67 1
68 0
68 1
69 1
70 0
71 0
71 1
72 0
73 1
73 1
74 1
74 0
75 2
76 1
77 1
77 1
78 1
79 1
79 1
80 2
81 2
82 1
82 2
83 2
84 2
85 2
85 2
86 2
87 2
87 1
88 2
89 2
89 2
90 1
90 1
91 1
92 2
93 2
93 2
94 2
96 1
96 2
97 2
97 2
98 1
99 1
99 2
100 2
101 1
102 1
103 1
103 2
104 2
104 2
105 1
107 1
107 1
108 1
108 1
109 1
110 1
110 1
111 2
112 1
113 1
113 2
114 2
114 2
115 2
116 1
117 2
117 1
118 1
119 2
119 2
120 2
121 2
121 2
122 2
