20 0
22 0
22 0
23 0
24 0
24 0
25 0
26 0
26 0
27 0
28 0
29 0
29 0
30 0
31 0
31 0
32 0
33 0
33 0
34 0
35 0
35 0
36 0
37 0
38 0
38 0
39 0
40 0
40 0
41 0
42 0
42 0
43 0
43 2
44 0
45 1
46 2
47 2
47 1
48 1
49 3
49 3
50 2
50 3
51 2
52 3
53 4
53 4
54 4
55 4
55 6
56 5
57 5
57 5
58 6
59 6
59 5
60 4
62 4
61 4
62 4
63 4
63 4
64 4
65 4
66 5
66 6
67 5
68 7
68 6
69 3
70 5
70 6
71 5
72 6
72 6
73 5
74 6
75 6
75 6
77 7
77 7
77 7
78 7
78 6
79 7
80 6
80 7
81 7
82 8
83 7
84 8
84 6
85 8
86 6
86 8
87 7
87 8
88 8
89 8
89 8
90 8
91 9
92 9
92 9
93 8
93 9
94 7
95 8
96 8
96 8
97 8
98 8
98 8
99 8
99 8
100 8
101 8
102 8
103 8
103 8
103 8
104 8
105 8
106 9
106 8
107 7
108 9
108 9
109 8
110 8
110 8
111 8
112 8
112 8
113 8
114 8
114 8
115 10
116 8
117 8
117 9
118 10
119 9
119 10
120 10
121 9
121 10
122 10
