20 0
22 0
23 0
23 0
24 0
25 0
25 0
26 0
26 0
27 0
28 0
29 0
30 0
30 0
30 0
31 0
32 0
33 0
33 0
34 0
35 0
35 0
36 0
37 1
37 1
38 3
38 1
40 2
41 2
41 3
42 2
43 3
44 2
44 2
44 2
45 2
46 2
47 2
47 2
48 2
49 2
49 2
50 2
51 2
51 2
53 2
53 2
54 2
55 3
55 2
56 2
57 3
57 2
58 3
59 2
59 3
60 3
61 2
61 2
62 3
63 3
63 3
64 2
65 2
66 2
66 2
67 2
67 2
68 2
69 2
69 2
70 2
71 3
71 2
72 2
72 3
73 3
74 2
74 4
75 3
76 2
77 3
77 2
78 2
79 2
80 2
80 2
81 3
81 3
82 2
83 2
84 2
84 2
85 2
86 3
86 3
87 2
88 2
89 2
89 2
90 2
91 2
91 2
92 2
93 2
94 2
94 2
95 2
95 2
96 2
97 2
97 2
98 3
99 2
99 2
100 2
101 3
102 3
102 3
103 3
104 3
104 2
105 3
105 3
106 3
107 3
107 4
108 4
109 4
110 3
111 4
111 4
112 4
112 3
113 4
114 4
114 4
115 4
116 4
116 4
117 4
118 4
118 4
119 4
120 4
121 3
121 4
122 3
