20 0
22 0
22 0
23 0
24 0
25 0
25 0
26 0
27 0
27 0
28 0
29 0
29 0
30 0
31 0
32 0
33 0
33 0
34 0
34 0
35 0
36 0
37 0
38 0
38 0
39 0
40 0
40 0
41 0
42 0
42 0
43 0
44 0
44 0
45 0
46 0
46 0
47 0
48 0
49 0
49 0
51 0
51 0
52 0
52 0
53 0
54 0
55 0
55 0
56 0
57 0
58 0
58 0
59 0
60 0
60 0
61 0
62 0
62 0
63 0
64 0
64 0
65 0
66 0
67 0
67 0
68 0
69 0
70 0
71 0
71 0
72 0
73 0
73 0
74 0
75 0
76 0
76 0
77 1
78 0
79 0
79 0
80 0
80 2
81 2
82 1
83 1
83 1
84 1
85 2
85 2
86 1
87 2
88 2
88 2
89 5
89 3
90 3
91 4
92 3
93 4
94 4
94 3
95 3
96 3
96 3
97 3
98 3
98 3
99 4
100 4
100 4
101 5
102 4
102 4
103 4
104 4
105 5
106 5
106 5
107 5
107 4
108 6
109 6
110 6
110 6
111 5
112 6
113 5
113 5
114 6
115 6
116 6
116 6
117 5
118 6
118 5
119 5
120 6
120 4
121 5
