20 0
22 0
23 0
23 0
24 0
25 0
25 0
27 0
27 0
27 0
28 0
29 0
29 0
30 0
31 0
31 0
33 0
33 0
34 0
34 0
35 0
36 0
36 0
37 0
38 0
39 0
40 0
40 0
41 0
42 0
42 0
43 0
44 0
44 0
45 0
46 0
47 0
48 0
48 0
49 0
49 0
50 0
51 0
52 0
52 0
53 0
54 0
54 0
55 1
56 0
57 0
57 0
58 1
59 0
60 1
60 0
60 0
61 0
62 0
62 0
63 0
64 0
64 0
65 0
66 0
67 1
67 0
68 1
69 0
70 1
70 0
71 0
72 1
72 0
73 0
73 1
74 1
75 1
75 2
76 1
77 2
78 2
78 2
79 2
80 2
80 2
81 2
82 2
83 2
83 2
84 1
85 2
85 2
86 2
87 2
88 2
89 2
89 2
90 2
91 3
91 3
92 2
92 2
93 3
94 4
94 4
95 4
96 3
97 4
97 5
98 4
99 4
100 4
100 3
101 4
101 3
102 3
103 5
103 5
105 5
105 4
106 5
106 5
107 5
108 5
108 5
109 4
109 4
110 5
111 3
112 5
113 4
113 4
114 3
114 3
115 3
116 3
117 4
117 4
118 5
119 4
119 5
120 5
121 5
121 5
122 5
