20 0
22 0
23 0
24 0
24 0
25 0
26 0
26 0
27 0
27 0
28 0
29 0
29 0
30 0
30 0
32 0
32 0
33 0
33 1
34 0
35 1
36 1
36 2
37 2
37 2
38 1
39 2
40 1
41 3
41 3
42 3
42 1
43 2
44 2
44 2
45 2
46 3
46 1
47 2
48 2
49 3
49 4
50 3
51 4
51 5
52 6
53 6
54 5
54 4
55 6
55 5
56 4
57 6
58 5
58 5
59 4
60 5
61 8
61 6
62 8
62 5
63 5
64 6
65 6
65 6
66 7
66 7
67 7
68 7
69 7
69 8
70 8
71 7
71 8
72 8
73 8
73 8
74 8
75 7
75 7
76 7
77 6
78 6
78 6
79 6
79 6
80 7
81 8
81 7
82 6
82 7
83 6
84 6
85 6
85 6
86 7
87 7
87 7
88 7
89 7
90 7
90 7
91 7
92 6
93 7
93 6
94 7
95 7
95 6
96 7
96 7
97 6
98 6
99 7
99 7
100 7
101 6
101 8
102 7
103 6
103 7
104 7
105 7
106 8
106 8
107 9
107 8
108 8
109 8
109 9
110 9
111 9
112 9
112 9
113 9
114 8
114 9
115 8
116 9
116 9
117 8
118 8
118 8
119 8
120 8
121 7
121 7
123 8
