20 0
22 0
22 0
23 0
24 0
24 0
25 0
26 0
26 0
27 0
28 0
29 0
29 1
30 0
31 0
31 0
32 1
33 1
33 1
34 1
35 1
35 1
36 1
37 1
37 1
38 2
39 2
40 2
40 3
41 2
41 3
42 3
43 3
44 3
44 3
45 4
46 4
47 4
47 3
48 5
48 3
49 3
50 3
51 3
52 5
52 4
53 4
53 4
55 4
55 4
55 4
56 5
57 5
58 4
58 5
59 4
60 5
60 5
61 4
61 4
62 5
63 5
64 5
64 5
65 4
66 3
66 3
67 4
68 5
68 5
69 4
70 4
70 5
71 6
72 5
72 5
73 5
73 5
75 6
75 5
76 6
76 5
77 6
78 6
79 5
79 5
80 5
80 6
82 5
82 5
83 5
83 6
84 5
85 6
85 6
86 6
87 6
87 6
88 6
89 6
89 6
90 6
91 7
92 7
92 7
93 7
94 7
94 7
95 7
96 7
96 7
97 7
98 7
98 7
99 7
100 7
101 6
101 7
102 7
103 7
103 7
104 7
105 7
105 7
106 7
107 8
107 7
108 8
108 8
110 7
110 8
111 7
111 7
112 7
113 7
113 7
114 7
115 8
115 8
116 8
117 8
118 8
118 9
119 9
120 8
121 9
121 9
