20 0
22 0
22 0
23 0
24 0
25 0
25 0
26 0
27 0
27 0
28 0
29 0
29 0
30 0
31 0
31 0
32 0
33 0
34 0
34 0
35 0
36 0
36 0
37 0
38 0
38 0
39 0
40 0
41 0
41 0
42 1
43 0
43 0
44 1
45 1
45 1
46 0
47 1
48 1
48 1
49 0
50 1
50 1
51 1
52 1
53 1
53 2
54 2
54 2
56 3
56 2
57 2
57 2
58 2
59 3
60 2
60 2
61 3
62 3
62 3
63 2
64 4
65 6
65 6
66 5
67 6
67 5
68 7
69 4
69 4
70 7
71 6
72 6
73 6
73 6
74 5
75 5
75 5
76 6
76 6
77 5
78 6
79 6
79 7
80 6
81 6
81 6
82 7
83 7
84 8
85 9
85 7
86 8
87 7
87 6
88 7
89 7
89 7
90 8
91 7
91 7
92 8
93 8
93 7
94 7
95 7
96 7
96 9
97 7
98 7
98 8
99 8
100 8
100 8
101 8
102 8
103 8
103 9
104 8
105 9
105 9
106 9
107 9
108 9
108 9
109 9
110 9
110 9
111 9
112 9
113 9
113 10
114 9
115 9
115 9
116 9
117 9
117 9
118 9
119 9
119 8
120 8
121 10
122 10
