20 0
22 0
22 0
23 0
24 0
25 0
25 0
26 0
27 0
27 0
28 0
28 0
29 0
30 0
30 0
31 0
32 0
33 0
34 0
34 0
35 0
36 0
36 0
37 0
37 0
38 0
39 1
40 0
40 1
41 0
41 1
42 1
43 1
44 1
44 1
45 1
46 1
46 2
47 1
48 1
48 1
49 1
50 1
50 1
51 1
52 1
52 1
53 1
54 2
55 2
55 2
56 1
57 1
57 3
58 2
59 3
59 4
60 1
61 2
62 3
63 2
63 3
64 4
65 5
65 3
66 5
67 6
67 5
68 5
69 4
69 4
70 5
70 5
71 5
72 5
72 5
73 6
74 5
74 5
75 5
76 5
76 6
77 6
78 7
79 7
80 8
80 7
81 8
82 7
82 8
83 8
83 8
84 8
85 8
86 8
86 8
87 7
88 8
88 8
89 8
90 8
90 8
91 8
91 7
93 8
93 8
94 7
94 7
95 6
96 6
96 6
97 6
98 7
98 7
99 7
100 6
100 6
101 6
102 6
103 6
103 7
104 6
104 6
105 6
106 6
107 6
107 7
108 7
108 7
109 7
110 7
110 7
111 6
112 6
112 6
113 6
114 6
114 6
115 6
116 6
117 6
117 6
118 6
119 6
119 6
120 6
121 6
