20 0
22 0
23 0
23 0
24 0
25 0
25 0
26 0
27 0
27 0
28 0
29 0
29 0
30 0
31 0
32 0
32 0
33 0
33 0
34 0
35 0
36 0
36 0
37 0
38 0
39 0
39 0
40 0
41 0
41 0
42 0
42 0
44 0
44 0
45 0
45 0
46 0
47 0
47 0
48 0
49 1
50 0
50 0
51 0
52 1
52 0
53 0
54 1
55 0
55 3
56 1
56 3
57 2
58 3
58 2
59 3
60 4
61 4
61 4
62 3
62 4
63 5
64 4
64 4
65 3
66 3
67 3
67 3
68 4
69 4
69 5
70 4
71 5
72 5
72 6
73 6
74 8
74 6
75 7
76 8
76 7
77 6
78 6
78 7
79 6
80 7
80 5
81 7
82 7
82 6
83 6
84 5
85 6
85 6
86 5
86 5
87 5
88 5
88 5
89 6
90 5
90 7
91 7
92 7
93 7
93 7
94 7
95 6
95 7
96 7
97 7
97 7
98 7
99 7
100 6
100 8
101 9
102 8
103 8
103 7
104 8
104 6
105 6
105 6
106 6
107 7
108 6
109 8
109 7
110 5
111 6
111 6
112 5
113 6
114 6
114 6
115 7
115 6
116 7
117 6
118 5
118 5
119 6
119 8
121 8
121 7
