20 0
22 0
22 0
23 0
24 0
25 0
25 0
26 0
27 0
28 0
28 0
29 0
30 0
30 0
32 0
32 0
32 0
33 0
35 0
35 0
36 0
36 0
37 0
38 0
39 0
39 0
40 0
41 0
41 0
42 0
43 0
44 0
44 0
45 0
46 0
46 0
47 0
48 0
49 1
49 1
50 1
51 1
51 1
52 0
53 1
54 1
54 1
55 1
56 1
57 1
57 1
58 1
59 2
59 2
61 2
61 3
62 2
62 2
63 2
64 2
64 2
65 2
66 2
67 2
67 3
68 3
69 4
69 2
70 3
71 2
72 3
72 3
73 3
74 3
75 3
75 4
76 4
76 3
77 3
78 4
79 4
79 5
80 4
81 5
82 5
83 5
83 5
84 5
84 5
85 5
86 4
87 6
87 6
88 6
89 5
89 6
90 5
91 6
91 6
93 5
93 5
94 6
95 6
95 6
96 6
96 7
97 6
98 6
99 6
99 6
100 7
101 6
101 6
102 6
103 6
103 6
104 6
105 6
106 6
106 6
107 6
108 6
109 6
109 6
110 7
111 7
112 7
112 6
113 7
114 6
115 6
115 7
116 7
117 7
118 8
118 7
119 7
119 7
120 7
121 7
