20 0
22 0
22 0
24 0
24 0
25 0
25 0
26 0
27 0
27 0
28 0
29 0
30 0
30 0
31 0
32 0
33 0
33 0
34 0
35 0
35 0
36 0
37 0
38 0
38 0
39 0
39 0
40 0
41 0
42 0
42 0
43 0
43 0
44 0
45 0
46 1
47 1
47 1
48 1
49 1
49 1
50 1
51 1
52 1
52 1
53 2
53 2
54 2
55 2
55 2
56 2
57 2
57 2
58 2
59 2
60 3
60 3
61 2
61 2
62 3
63 4
63 4
64 4
65 4
66 5
66 5
67 5
68 4
69 5
69 4
70 4
71 4
71 4
72 5
73 5
73 4
74 4
75 3
75 4
76 4
77 5
77 4
78 5
79 5
80 5
80 4
81 5
82 5
82 4
83 5
83 5
84 6
85 6
86 6
87 6
87 6
88 6
89 6
89 6
90 6
91 6
91 6
92 6
93 7
93 6
94 6
95 6
95 7
96 7
97 6
97 6
98 6
99 6
99 6
100 7
101 6
101 6
102 7
103 6
104 6
105 6
105 7
106 7
107 6
107 7
108 6
108 7
110 7
110 7
111 6
111 7
112 7
113 7
113 7
114 7
115 7
116 7
116 7
117 7
118 7
118 7
119 7
120 7
120 7
121 6
122 6
