20 0
22 0
22 0
23 0
24 0
25 0
25 0
26 0
27 0
27 0
28 0
29 0
29 0
30 0
31 0
31 1
32 0
32 1
33 1
34 2
34 2
35 2
36 2
37 3
38 2
38 2
39 3
40 2
40 4
41 4
42 3
42 4
43 4
43 5
44 5
45 4
46 5
46 5
47 4
48 4
48 5
49 4
50 4
50 4
51 3
52 4
52 4
53 3
54 5
55 4
55 3
56 4
57 4
57 3
58 4
58 5
60 5
60 4
61 5
62 4
62 4
63 4
64 4
64 5
65 4
66 4
66 5
67 6
67 6
68 5
69 5
70 5
70 5
71 5
72 5
72 6
73 7
74 8
75 8
75 6
76 6
77 6
77 7
78 5
79 9
79 8
80 9
81 9
82 7
82 7
83 7
84 7
85 7
85 7
86 6
87 6
87 6
88 6
89 6
89 7
90 6
91 7
91 7
92 8
93 8
94 8
94 10
95 9
96 8
96 8
97 8
97 8
98 8
99 8
100 8
100 8
101 8
102 8
102 8
103 9
104 9
105 9
105 9
106 8
107 9
108 9
108 9
109 9
109 9
110 10
111 10
112 10
112 10
113 9
113 9
114 9
115 9
116 10
116 9
117 9
118 9
118 10
119 9
120 9
120 9
121 9
122 9
122 9
