20 0
22 0
23 0
23 0
24 0
25 0
26 0
26 0
27 0
28 0
28 0
29 0
30 0
30 0
31 0
32 0
32 0
33 0
34 0
34 0
35 0
36 0
37 0
37 0
38 1
39 1
40 1
41 1
41 1
42 1
42 1
43 1
44 1
44 1
45 1
46 1
47 1
47 1
48 1
49 2
50 1
51 2
51 1
52 1
52 1
53 1
54 1
55 2
55 2
57 2
57 3
58 3
59 3
59 3
60 3
61 5
62 4
62 3
63 5
64 4
64 3
65 4
66 4
66 4
67 5
68 6
68 6
69 5
70 4
71 5
71 6
72 6
72 6
73 6
74 6
74 6
75 6
76 6
77 6
78 7
78 6
79 6
79 6
80 6
81 6
82 7
82 6
83 6
84 7
84 7
85 7
86 6
87 6
87 6
88 6
89 6
90 6
90 7
91 8
91 6
92 7
93 6
94 6
95 6
95 6
96 6
96 7
97 6
98 6
99 6
99 7
100 7
101 6
101 6
102 6
103 6
104 6
104 7
105 6
106 7
106 7
107 7
108 7
109 7
109 7
110 7
111 7
111 7
112 7
113 7
113 7
114 8
115 7
116 6
116 6
117 6
118 6
118 6
119 6
120 6
120 6
121 6
122 6
