20 0
22 0
22 0
23 0
24 0
25 0
25 0
26 0
27 0
27 0
28 0
29 0
29 0
30 0
31 0
32 1
32 0
33 0
34 1
35 1
35 1
36 1
37 1
37 1
38 1
39 1
39 1
40 1
40 1
41 1
42 1
43 1
43 2
44 2
45 2
45 1
46 2
47 2
48 2
48 1
49 1
50 2
50 2
51 2
51 2
52 1
53 2
53 2
54 2
55 2
55 3
56 4
57 2
58 3
59 4
59 4
60 4
61 4
61 4
62 4
63 4
63 4
64 4
65 4
65 4
66 4
67 5
68 4
68 4
69 4
70 4
70 4
71 5
72 4
73 5
73 4
74 4
74 4
75 4
76 4
77 4
77 5
78 4
79 4
80 4
80 4
81 3
81 4
82 4
83 4
84 4
84 5
85 5
86 5
86 4
88 4
88 5
89 5
90 5
91 5
91 5
92 5
93 6
93 5
94 5
94 5
95 5
96 5
96 6
97 5
98 5
99 6
99 5
100 5
101 7
101 6
102 6
103 6
103 7
104 7
105 6
105 7
106 6
107 7
108 7
109 7
109 7
110 6
110 7
111 7
112 7
112 7
113 7
113 7
114 7
116 7
116 7
117 8
117 8
118 8
118 8
119 8
120 8
121 8
121 8
