20 0
22 0
23 0
23 0
24 0
25 0
25 0
26 0
27 0
27 0
28 0
28 0
29 0
30 0
31 0
32 0
32 0
33 0
33 0
34 0
35 0
36 0
37 0
37 0
38 0
39 0
39 0
40 2
41 0
41 0
42 0
43 1
43 1
44 1
44 2
45 2
46 2
47 2
48 4
48 3
49 2
49 4
50 4
51 4
51 2
52 3
53 4
54 4
54 5
55 5
56 3
56 6
57 6
57 5
58 6
59 7
60 6
61 6
61 7
62 6
62 7
63 8
64 8
65 8
65 8
66 7
67 8
67 8
68 8
68 7
70 8
70 8
71 8
71 8
72 7
73 9
73 9
74 7
75 8
75 9
76 9
77 8
78 9
78 9
79 9
79 9
80 9
81 9
82 9
82 9
83 8
83 8
85 9
85 9
85 9
86 9
87 9
88 9
89 9
89 9
90 9
91 9
91 9
92 9
93 10
94 9
94 9
95 9
95 9
96 10
97 10
97 10
98 10
99 10
99 10
101 9
101 10
102 10
102 9
103 10
104 10
104 9
105 10
106 10
106 10
107 10
108 10
108 10
109 10
109 10
110 10
111 10
112 10
112 10
113 10
114 10
114 10
115 10
115 10
116 10
117 10
117 10
118 10
119 10
119 10
121 10
121 10
122 10
