20 0
22 0
23 0
23 0
24 0
24 0
25 0
26 0
27 0
27 0
28 0
29 0
30 0
30 0
31 0
32 0
32 0
33 0
34 0
34 0
35 0
36 0
37 0
37 1
38 1
38 0
39 1
40 2
40 1
41 1
42 1
42 2
43 2
44 1
44 1
45 1
46 1
47 1
47 1
48 1
49 1
49 1
50 1
51 1
52 2
52 2
53 2
53 2
54 2
55 3
56 2
56 3
57 3
58 4
59 4
59 3
60 5
61 4
61 5
62 5
63 4
63 4
64 4
65 4
65 4
66 4
67 4
68 4
69 4
70 5
70 4
71 5
71 4
72 5
73 4
73 5
74 5
75 5
75 5
76 5
77 5
78 5
79 5
79 5
80 6
80 5
81 5
82 6
82 6
83 6
84 6
85 5
85 5
86 6
87 6
87 6
88 6
89 6
90 6
91 6
91 6
92 6
92 6
93 6
94 6
95 6
95 6
96 6
97 6
97 6
98 6
99 6
99 7
100 6
101 6
101 6
102 7
103 6
103 7
104 6
105 6
106 7
106 6
107 6
108 6
109 7
109 7
110 7
111 7
111 8
112 7
112 7
113 8
114 7
115 7
116 7
116 7
117 7
117 7
119 7
119 7
120 7
120 7
121 7
