20 0
22 0
23 0
23 0
24 0
24 0
25 0
27 0
27 0
27 0
28 0
29 0
30 0
30 0
31 0
31 0
32 0
33 0
34 0
34 0
35 0
36 0
36 0
37 0
38 0
39 0
39 0
40 0
40 0
41 0
42 0
43 0
43 0
44 0
44 0
45 1
46 1
47 1
47 1
49 1
49 1
50 1
51 1
51 1
52 1
52 2
53 2
54 2
54 2
55 2
56 3
56 2
57 2
58 3
58 3
59 2
60 2
60 2
61 3
62 2
63 3
63 4
64 4
65 6
66 5
66 3
67 3
68 5
68 4
69 5
69 5
70 4
71 4
71 5
73 4
73 4
74 4
75 4
76 4
76 5
77 4
77 4
78 4
79 3
79 4
80 4
81 4
82 5
82 4
83 5
83 4
84 4
85 4
86 5
86 4
87 4
88 4
88 5
89 5
90 4
91 4
91 5
92 5
92 4
93 5
94 6
94 5
95 6
96 6
97 5
97 7
98 6
99 6
99 7
100 7
101 7
102 7
102 7
103 7
103 8
104 7
105 9
106 8
107 7
108 8
108 8
108 8
109 7
110 8
110 9
111 8
112 8
113 8
113 8
114 8
115 8
115 8
116 8
117 8
118 8
118 8
119 8
120 8
120 8
121 8
122 8
