20 0
22 0
22 0
23 0
24 0
25 0
25 0
26 0
27 0
27 0
28 0
29 0
30 0
30 0
31 0
32 0
33 0
33 0
34 0
35 0
35 0
36 0
37 0
37 0
39 0
39 0
40 0
41 0
41 0
42 0
43 0
44 0
44 1
45 0
46 0
46 0
47 0
48 0
48 0
49 0
50 1
51 0
52 1
52 1
53 1
53 1
54 1
55 1
56 1
56 1
58 1
58 1
59 1
60 1
60 1
61 1
62 1
62 1
63 1
64 1
65 1
65 1
66 1
67 1
67 1
68 1
69 1
69 1
70 2
71 1
71 2
72 2
73 2
74 2
75 2
75 2
76 2
77 2
77 2
78 2
78 2
79 2
80 2
81 2
81 2
82 2
83 2
84 2
84 2
85 2
86 2
86 2
87 2
88 2
88 2
90 2
91 3
91 3
92 2
93 3
93 2
94 3
94 3
95 4
96 4
97 4
97 4
98 4
99 5
99 4
100 4
101 5
102 4
103 5
103 4
104 4
105 4
105 5
106 5
107 5
107 5
108 6
109 6
109 6
110 6
111 6
111 6
112 4
113 6
114 7
114 6
115 6
116 6
116 6
117 6
118 6
119 6
119 6
120 7
121 7
121 7
122 6
