20 0
22 0
22 0
23 0
24 0
25 0
25 0
26 0
27 0
28 0
28 0
29 0
30 0
30 0
31 0
32 0
32 0
33 0
34 0
34 0
35 0
36 0
37 0
37 0
38 0
38 0
39 0
40 0
40 0
41 0
42 0
43 0
43 0
44 0
45 0
46 0
47 0
47 0
48 1
49 1
50 1
50 0
51 1
51 1
52 1
53 1
53 1
54 2
55 1
56 2
57 1
57 1
58 1
58 2
59 1
60 1
61 1
61 1
62 1
63 2
63 2
64 2
65 2
66 3
66 2
67 2
68 3
68 2
69 2
70 2
70 3
71 3
72 2
72 3
73 3
74 3
75 3
75 3
77 4
77 3
78 3
78 3
79 4
80 3
80 4
81 3
82 3
83 4
83 4
84 5
85 4
85 5
86 4
87 4
87 4
88 4
89 4
89 4
90 7
91 5
92 6
92 5
93 4
93 5
95 6
95 5
96 5
96 6
97 6
98 6
99 7
100 7
100 7
101 7
101 7
102 7
103 7
104 7
104 7
105 7
106 7
106 7
107 7
108 7
108 8
109 8
110 8
111 8
111 8
112 8
113 8
114 9
114 8
115 8
116 8
116 8
117 9
118 9
119 9
119 9
120 9
121 8
121 9
