20 0
22 0
22 0
23 0
24 0
25 0
25 0
26 0
27 0
27 0
28 0
29 0
29 0
31 1
31 1
32 1
32 1
33 2
34 2
34 2
35 2
36 1
37 2
37 3
38 3
38 2
39 2
40 3
40 3
41 3
42 3
43 3
43 3
44 4
45 3
45 3
46 3
47 3
48 3
48 3
49 4
49 3
50 3
51 3
51 3
52 3
53 4
53 3
54 3
55 4
55 5
56 4
57 4
57 4
58 4
59 5
60 5
61 5
61 5
61 6
62 6
63 5
64 5
65 6
65 7
66 7
66 7
67 6
68 7
69 7
69 6
70 6
71 6
71 6
72 6
73 6
73 6
74 6
74 7
75 6
76 6
76 6
77 6
78 6
79 6
79 6
80 6
80 6
81 6
82 6
83 6
83 6
84 7
84 6
85 6
86 7
87 6
88 6
88 6
89 6
89 6
90 6
91 7
92 7
92 7
93 8
93 7
94 7
95 7
95 8
96 7
97 7
97 7
98 8
99 7
100 8
100 8
101 8
102 8
102 8
103 8
104 8
104 9
105 9
105 8
106 7
107 7
108 7
108 7
109 8
110 7
110 8
111 7
112 8
113 8
113 8
115 8
115 8
115 8
116 8
117 8
118 8
118 8
119 8
120 8
120 8
121 8
122 8
