20 0
22 0
23 0
23 0
24 0
24 0
25 0
26 0
27 0
28 0
28 0
29 0
29 0
30 0
31 0
32 0
32 0
33 0
34 0
34 0
35 0
36 0
37 0
37 0
38 0
39 0
39 0
40 0
41 0
42 0
43 0
43 0
44 0
45 0
46 0
46 0
47 0
47 0
48 0
49 0
49 0
50 0
51 0
51 0
52 0
53 0
54 0
55 0
55 1
56 0
57 0
58 0
58 0
59 0
60 0
60 0
61 0
62 0
63 0
63 0
64 0
64 0
65 0
66 0
66 1
67 1
68 2
69 1
70 2
70 2
71 1
71 2
72 2
73 2
74 3
74 3
75 3
75 3
77 2
77 2
78 2
79 4
79 4
80 5
80 5
82 5
82 4
83 4
84 5
84 4
85 4
86 4
86 4
87 4
88 4
88 5
89 4
90 5
91 4
91 4
92 4
93 4
93 4
94 4
95 4
96 5
96 4
97 4
98 4
98 4
99 4
100 4
101 5
102 3
102 3
103 3
103 3
104 3
105 3
106 3
106 3
107 2
108 3
108 3
109 3
110 3
111 2
111 3
112 3
113 3
113 5
114 4
115 3
115 3
116 3
117 4
118 5
118 4
119 5
120 4
120 4
121 4
