20 0
22 0
23 0
23 0
24 0
24 0
25 0
26 0
26 0
28 0
28 0
29 0
29 0
30 0
31 1
31 0
32 0
33 0
33 0
34 0
35 0
36 0
37 1
37 1
38 1
39 2
39 2
40 2
40 2
41 2
42 2
43 2
43 2
44 2
45 2
46 2
46 2
47 3
47 2
48 2
49 2
49 3
50 3
51 2
52 2
52 2
53 2
54 2
54 2
55 2
56 2
56 3
57 3
58 4
58 3
59 2
60 3
61 3
61 4
62 4
63 4
64 4
64 4
65 4
65 4
66 4
67 3
68 4
68 5
69 6
69 3
70 5
71 5
71 4
72 4
73 6
74 4
74 4
75 6
76 8
76 8
77 7
77 7
78 7
79 7
80 7
80 6
81 6
81 6
82 6
83 6
83 7
85 6
85 5
86 5
86 7
87 6
88 7
89 6
89 7
90 7
91 7
91 7
92 8
93 8
93 7
94 6
95 9
96 9
97 8
97 9
98 7
99 7
100 9
100 8
101 8
101 8
102 8
103 8
104 8
104 8
105 9
105 8
106 8
107 10
107 8
108 8
109 9
109 9
110 8
111 7
112 8
112 7
113 8
114 7
114 7
115 7
116 8
116 7
117 9
118 7
119 9
119 10
120 9
120 7
121 9
