20 0
22 0
22 0
23 0
24 0
25 0
25 0
26 0
27 0
27 0
28 0
29 0
29 0
30 0
31 0
31 0
32 0
33 1
34 1
34 0
35 0
36 1
36 1
37 1
38 1
38 1
40 1
40 1
41 1
41 1
42 1
43 1
43 1
44 2
45 1
46 2
46 2
48 1
48 2
49 2
49 2
50 1
50 1
51 2
52 2
53 2
54 2
54 2
55 2
55 3
56 2
57 2
57 2
58 2
59 3
60 2
60 3
61 2
62 2
63 3
63 4
64 3
64 3
65 4
66 3
67 5
67 4
68 3
69 5
69 5
70 4
71 4
71 4
72 4
73 4
73 4
74 5
75 4
75 6
76 5
77 5
77 4
78 5
79 5
80 5
80 5
81 5
81 5
82 5
83 5
84 5
85 5
85 5
86 5
87 5
87 5
88 5
88 6
90 6
90 5
90 5
91 6
92 5
93 6
94 6
94 7
95 7
95 6
96 6
97 7
97 7
98 6
99 6
99 6
100 6
101 6
101 6
102 6
103 6
104 6
104 6
105 6
106 6
106 6
107 6
108 6
108 6
109 6
109 6
110 6
111 6
112 6
112 6
113 6
114 6
115 6
115 6
116 6
117 6
117 6
118 6
119 6
120 6
120 6
121 7
121 6
