20 0
22 0
22 0
23 0
24 0
25 0
25 0
26 0
27 0
27 0
28 0
29 0
29 0
30 0
31 0
31 0
32 0
33 1
33 1
34 1
35 1
36 1
36 1
37 1
38 1
38 1
39 1
40 1
40 1
41 1
42 1
43 1
43 1
44 1
45 1
45 1
46 1
47 1
47 1
48 1
48 1
49 1
50 1
51 1
52 2
52 1
53 2
53 3
54 2
55 3
55 2
56 3
57 3
57 3
58 3
59 3
61 4
61 3
61 5
62 5
63 5
63 5
64 5
65 5
65 3
66 4
67 4
67 4
68 4
69 4
69 4
70 3
71 4
71 4
72 3
73 3
73 3
74 3
75 3
76 3
76 3
77 3
78 3
78 3
79 3
79 3
80 3
81 3
82 3
82 3
83 3
83 3
84 4
85 3
86 4
86 3
87 3
88 4
88 3
89 3
90 5
91 4
91 4
92 5
92 4
94 4
94 4
95 4
95 4
96 4
97 4
97 4
98 4
99 4
100 4
100 4
101 4
101 4
102 4
103 4
103 4
104 4
104 4
105 4
106 4
106 4
107 4
108 4
109 4
110 4
110 4
111 4
111 4
112 4
113 4
113 4
114 4
115 4
116 4
116 4
117 5
117 4
118 4
119 4
120 4
120 4
121 4
121 4
