20 0
22 0
22 0
23 0
24 0
24 0
25 0
26 0
27 0
27 0
28 0
28 0
29 0
30 0
31 0
32 0
32 0
33 0
33 0
34 0
35 0
36 0
36 0
37 0
38 0
38 0
39 0
39 0
40 0
41 1
41 1
42 0
43 1
44 1
44 0
45 1
46 1
46 1
47 1
48 1
48 1
49 1
50 1
50 1
51 2
52 1
53 2
53 2
54 2
54 2
55 1
56 2
57 3
58 3
59 2
59 2
60 3
60 3
61 3
61 3
62 3
63 3
64 3
65 3
65 3
66 3
66 3
67 3
68 3
68 3
70 3
70 3
71 3
72 3
72 3
73 3
73 3
74 3
74 4
76 4
76 4
77 4
77 4
78 4
79 4
80 4
80 3
81 3
82 5
82 3
83 3
84 4
84 3
85 3
86 3
87 4
87 3
88 3
88 3
89 3
90 4
91 4
91 3
92 4
92 3
93 3
94 4
95 4
96 3
96 4
97 3
97 3
98 3
99 3
100 3
100 3
101 3
102 3
102 3
103 4
104 4
104 4
105 4
106 5
106 5
107 5
107 4
108 4
109 4
110 4
110 5
111 5
112 4
112 5
113 6
114 3
115 4
115 5
116 4
117 4
118 4
118 4
119 4
119 4
120 4
121 4
122 5
122 4
