20 0
22 0
22 0
23 0
24 0
24 0
25 0
26 0
27 0
27 0
28 0
29 0
29 0
30 0
30 0
31 0
32 0
33 0
33 1
34 0
35 1
37 1
37 1
38 1
38 1
39 1
40 1
40 1
41 1
41 1
42 1
43 1
43 1
44 1
45 1
45 1
46 1
47 1
48 1
48 1
49 1
50 1
50 1
51 1
52 1
52 1
53 1
53 1
55 1
55 1
56 1
57 1
58 1
59 1
60 2
60 1
62 3
62 2
62 2
63 2
64 2
64 2
65 2
67 2
67 2
68 3
68 2
69 2
70 2
71 2
71 2
72 3
72 3
73 3
74 3
75 3
75 3
76 3
77 3
77 3
78 3
79 3
80 3
80 3
81 3
81 3
82 3
83 3
84 4
84 4
85 4
85 5
87 4
87 4
88 4
88 5
89 4
90 5
90 5
92 5
92 5
93 6
93 5
94 6
94 5
95 5
96 5
97 6
97 5
98 6
99 6
99 6
100 5
100 5
101 5
102 6
103 5
103 5
104 6
104 5
105 6
106 6
106 6
107 6
108 6
109 6
109 6
111 6
111 6
112 6
112 6
113 6
114 5
115 5
115 4
116 4
117 4
118 5
118 6
119 5
119 4
120 4
121 5
121 5
122 5
123 5
