20 0
22 0
22 0
23 0
24 0
25 0
25 0
26 0
27 0
28 0
29 0
29 0
30 0
30 0
31 0
32 0
32 0
33 1
33 1
34 1
35 1
35 1
36 1
37 1
38 1
38 1
39 1
40 1
40 1
41 1
41 2
42 1
43 1
44 2
44 1
45 1
46 2
47 1
47 1
48 2
49 2
49 2
50 4
51 3
51 3
52 3
53 4
53 4
54 4
55 3
55 3
56 4
57 3
57 4
58 5
59 3
59 3
60 3
61 4
61 3
62 5
63 4
63 4
64 5
65 5
66 5
66 5
67 5
67 5
68 4
69 5
70 5
70 5
71 5
72 5
72 4
74 3
74 3
75 4
75 4
76 4
77 3
78 4
78 4
79 3
79 3
80 5
81 5
82 5
82 5
83 4
83 6
84 5
85 6
85 4
86 4
87 4
88 6
88 4
89 6
89 5
91 6
91 4
92 4
93 6
93 6
94 6
94 6
95 6
96 6
96 5
97 6
98 5
99 5
99 6
100 5
101 5
101 5
103 4
103 5
103 5
104 5
105 5
106 5
107 5
107 5
108 5
109 5
109 5
110 5
110 5
111 5
112 5
113 5
113 5
114 5
115 5
115 5
116 5
117 5
117 5
118 5
119 5
119 5
120 5
121 5
122 5
122 6
