20 0
22 0
23 0
24 0
24 0
25 0
25 0
26 0
26 0
27 0
28 0
29 0
30 0
30 0
31 0
32 0
32 0
33 0
33 0
34 0
35 0
36 0
37 0
37 0
38 0
39 0
40 0
40 0
41 0
42 0
42 0
43 0
44 0
44 0
45 0
45 0
46 0
47 0
48 0
48 1
49 1
50 1
51 1
52 1
52 1
53 2
53 1
54 1
55 2
56 2
56 2
57 2
58 2
58 2
59 2
60 3
61 3
62 3
62 3
62 3
63 3
64 3
65 3
65 4
66 3
67 3
68 3
69 5
69 5
70 4
70 5
71 5
72 4
73 4
73 4
74 5
75 5
75 5
76 5
77 5
77 5
78 5
79 5
79 5
80 5
81 6
82 6
82 6
83 6
84 6
84 6
85 6
86 6
87 6
88 6
88 7
89 6
89 6
91 5
91 5
91 6
92 6
93 6
94 6
94 6
95 6
95 5
97 6
97 7
98 6
99 6
99 7
100 6
100 7
101 7
102 7
103 7
103 7
104 7
105 7
105 8
106 7
107 6
107 6
108 6
109 6
110 6
110 6
111 6
112 6
113 7
114 6
114 6
115 6
115 6
116 6
117 7
117 8
118 7
119 8
120 8
120 7
121 7
122 7
