20 0
22 0
22 0
23 0
24 0
24 0
25 0
26 0
27 0
27 0
28 0
28 0
30 0
30 0
31 0
31 0
32 0
33 0
33 0
34 0
35 0
36 0
36 0
37 0
38 0
38 0
39 0
40 0
40 0
41 0
42 0
42 0
43 0
44 0
45 0
45 0
46 0
47 0
47 0
48 1
49 1
49 0
50 0
51 0
52 0
52 0
53 0
54 0
54 0
55 1
56 0
56 0
57 0
58 0
59 1
59 0
60 0
61 0
62 0
62 1
62 0
63 0
64 1
65 2
66 2
66 2
67 2
67 2
68 2
69 3
69 3
70 3
71 2
72 3
72 3
73 3
74 3
74 4
75 4
76 4
76 3
77 4
78 3
78 4
79 4
80 4
81 4
81 4
82 4
83 4
84 4
84 4
85 4
85 4
86 4
87 4
88 3
88 4
89 4
89 3
90 4
91 4
92 3
93 3
93 3
94 3
95 3
95 3
96 3
97 3
98 5
98 4
99 3
100 3
100 4
101 3
102 3
103 3
104 4
104 3
105 4
106 4
106 4
107 6
107 4
108 6
109 5
109 5
110 4
111 4
111 5
112 5
113 5
113 5
114 6
115 5
115 5
116 5
117 5
117 5
118 5
119 6
119 6
120 6
121 6
