20 0
22 0
23 0
23 0
24 0
25 0
25 0
26 0
27 0
28 0
28 0
29 0
30 0
30 0
31 0
32 0
32 0
33 0
34 0
34 0
35 0
36 1
36 0
37 1
38 0
39 0
39 1
40 0
41 1
41 1
42 2
42 3
43 3
44 3
45 3
46 3
47 3
47 3
48 3
48 3
49 3
50 3
50 3
51 3
52 4
52 3
53 6
54 4
54 3
55 5
56 6
56 5
57 6
58 5
59 4
59 4
60 7
60 6
61 6
62 6
63 5
64 7
64 7
65 6
66 8
66 6
67 6
68 7
68 7
69 7
70 8
70 8
71 7
72 7
72 7
73 8
74 7
74 10
75 9
76 7
77 8
77 8
78 9
79 10
79 9
80 8
81 10
82 10
82 9
83 10
83 9
84 9
85 8
86 10
87 9
87 8
88 9
88 8
89 8
90 8
91 8
91 8
92 8
93 8
93 8
94 8
95 10
95 8
96 8
97 8
97 8
98 10
99 9
100 9
100 8
101 9
102 9
103 9
103 8
105 9
105 9
106 9
106 9
107 11
108 9
108 9
109 10
110 9
110 9
111 10
112 10
112 10
113 11
114 10
115 11
115 11
116 11
117 11
117 10
118 11
119 10
120 11
120 11
121 11
122 11
