20 0
22 0
22 0
23 0
24 0
25 0
25 0
26 0
27 0
27 0
28 0
29 0
29 0
30 0
31 0
31 0
32 0
33 0
34 0
34 0
35 0
36 0
36 0
37 0
38 0
39 0
39 0
40 1
41 0
42 0
42 0
43 0
43 0
44 0
45 1
46 0
46 1
47 0
48 0
49 0
49 0
50 0
51 1
51 2
53 1
53 1
54 1
54 2
55 2
56 2
56 2
57 2
58 2
59 2
59 3
60 4
61 4
61 3
62 3
63 3
63 4
64 4
65 3
66 3
67 4
67 4
68 3
69 4
69 3
70 4
71 3
72 3
72 3
73 3
73 3
74 3
75 3
76 3
76 3
77 4
78 4
78 4
79 4
80 4
80 4
81 4
82 4
83 4
83 4
84 4
85 4
85 4
86 5
87 4
87 5
88 4
89 4
90 5
90 5
91 6
92 6
92 6
93 6
94 6
95 6
95 6
97 6
97 6
97 6
98 6
99 6
100 6
101 6
101 6
102 7
103 7
104 7
104 8
105 7
106 7
106 6
107 6
108 5
108 6
109 5
110 5
110 5
111 5
112 6
112 6
113 6
114 5
115 6
115 6
116 7
117 8
117 6
118 6
119 6
120 6
121 6
121 7
