20 0
22 0
23 0
23 0
24 0
25 0
25 0
26 0
27 0
27 0
28 0
29 0
30 0
30 0
31 0
32 0
32 0
33 0
34 0
35 0
35 0
36 0
37 0
38 0
38 0
39 0
40 0
40 0
41 0
42 0
43 0
43 0
44 0
44 0
45 0
46 0
47 0
48 1
48 0
49 0
50 0
50 0
51 1
52 1
52 1
53 0
54 0
54 1
55 2
56 1
57 0
58 1
58 1
59 1
60 1
61 1
61 1
62 1
62 1
63 1
64 1
64 1
65 1
66 1
66 1
67 2
68 1
69 2
69 1
70 1
71 3
72 2
72 1
73 2
74 2
74 2
75 3
76 2
77 3
77 3
78 2
79 3
79 3
80 3
81 4
81 4
82 5
83 4
83 4
85 3
85 4
86 3
87 4
87 5
88 3
89 4
89 3
90 3
91 3
91 3
92 3
93 4
94 3
94 2
95 3
96 2
96 3
97 4
98 2
99 3
99 4
100 4
101 3
101 3
102 5
103 4
104 3
104 3
105 5
106 4
107 5
107 5
108 4
109 6
110 5
110 6
111 5
112 6
112 4
113 4
114 4
115 4
115 6
116 6
116 5
117 4
118 6
119 6
120 7
120 7
121 7
122 6
