20 0
22 0
22 0
23 0
24 0
25 0
26 0
26 0
27 0
28 0
28 0
29 0
30 0
30 0
31 0
31 0
32 0
33 0
34 0
34 1
35 0
35 2
36 0
37 0
38 1
39 2
39 2
40 3
40 3
41 4
42 3
43 5
43 3
44 4
45 5
45 4
46 6
47 4
47 4
48 5
49 5
50 5
50 4
51 4
52 5
52 4
53 5
54 4
54 4
55 4
56 4
56 4
57 4
58 5
59 4
59 5
60 4
61 4
62 4
62 4
63 4
64 4
64 4
65 4
65 4
66 4
67 4
68 5
68 5
69 5
70 5
70 6
71 5
72 6
72 5
73 5
74 5
74 5
75 6
76 6
77 5
77 6
78 5
79 5
79 6
80 5
81 6
82 6
82 5
83 6
84 5
84 6
85 5
86 5
86 6
87 5
88 5
88 5
89 5
90 6
91 5
92 5
93 5
93 5
93 5
94 5
95 6
95 6
97 5
97 6
98 5
98 5
99 5
100 5
101 6
101 6
102 6
102 7
103 7
103 6
104 7
105 7
106 9
106 7
107 7
108 6
108 7
109 7
110 7
111 7
111 8
112 7
112 9
114 8
114 7
115 9
116 9
116 8
117 9
117 8
118 7
119 8
120 8
120 8
121 9
121 8
