20 0
22 0
22 0
23 0
24 0
25 0
25 0
26 0
27 0
27 0
28 0
28 0
30 0
30 0
31 0
31 0
32 0
33 1
33 1
34 0
35 1
36 2
37 1
37 1
38 1
39 3
39 3
40 3
41 3
41 3
42 3
43 3
43 3
44 4
45 3
45 3
46 3
47 4
47 3
48 5
49 5
49 6
50 5
51 6
51 5
52 5
53 5
53 5
54 5
55 5
55 5
57 5
57 5
57 5
58 5
59 5
59 5
60 5
61 5
61 5
62 5
63 5
63 5
64 5
65 5
65 5
66 5
67 5
68 5
68 5
69 5
70 5
70 5
71 5
71 5
73 5
74 5
74 5
75 5
75 5
76 5
77 5
77 5
78 5
79 5
80 5
80 5
81 5
82 5
83 5
83 5
84 5
85 5
85 5
86 5
87 5
87 5
88 5
89 5
89 5
90 5
91 5
91 5
92 5
92 5
93 5
94 5
94 5
95 5
96 5
97 5
98 5
98 5
99 5
100 5
100 5
101 5
102 5
102 5
103 5
104 5
104 5
105 5
106 5
106 5
107 5
109 5
109 5
110 5
110 5
111 5
111 5
112 5
114 5
113 5
114 5
115 5
115 5
116 5
117 5
118 5
118 5
119 5
119 5
120 5
121 5
121 5
122 4
