20 0
22 0
22 0
23 0
24 0
25 0
25 0
26 0
27 0
27 0
28 0
29 0
30 0
30 0
31 0
32 0
33 0
33 0
34 0
34 0
35 0
36 0
37 0
37 0
38 0
39 0
39 0
41 0
41 0
42 0
42 0
43 0
44 0
45 0
45 0
46 0
47 0
47 0
48 0
49 0
50 0
50 0
51 0
52 1
52 1
53 1
54 1
54 1
55 2
56 1
57 1
58 2
58 2
59 2
59 2
61 2
61 2
62 2
62 3
63 2
64 2
64 2
65 1
66 2
66 2
67 1
68 1
69 2
69 2
71 2
71 2
72 2
72 2
73 2
74 2
75 2
75 2
76 1
77 3
78 2
78 2
79 2
80 2
80 2
81 2
82 2
83 3
83 2
84 2
84 2
85 2
86 2
87 2
88 2
88 2
89 2
90 2
90 2
91 3
92 2
93 2
94 1
94 2
95 2
95 3
96 2
97 3
98 4
98 3
99 5
100 5
100 5
101 7
102 6
102 6
104 7
104 7
104 7
105 6
106 8
107 8
108 8
108 7
109 8
110 9
110 5
111 8
112 9
113 9
113 10
114 10
115 10
115 8
116 8
117 9
118 10
118 10
119 8
120 8
120 8
121 7
