20 0
22 0
23 0
23 0
24 0
25 0
26 0
26 0
27 0
27 0
28 0
29 0
29 0
30 0
31 0
32 0
33 0
33 0
34 0
35 0
35 0
36 0
37 0
37 0
38 0
39 0
39 0
40 0
41 0
41 0
42 0
43 0
43 0
44 0
45 0
46 0
46 0
47 0
48 1
49 1
49 1
50 1
51 2
51 1
52 1
53 1
53 1
54 2
55 1
55 2
56 1
57 1
58 2
58 3
59 2
60 2
61 2
61 2
62 2
63 2
63 3
64 3
64 3
65 2
66 2
67 2
68 2
68 2
69 2
69 2
70 2
71 2
72 2
72 2
73 2
74 4
75 3
76 3
76 3
76 3
77 3
78 3
78 3
79 3
80 3
81 4
82 5
82 4
83 5
84 4
84 5
85 4
86 6
86 5
87 5
88 5
88 7
89 6
90 7
90 8
91 8
92 7
93 10
93 10
94 7
94 9
95 11
96 11
97 9
97 9
99 10
99 9
100 9
101 10
101 9
102 9
103 9
103 11
104 11
105 12
105 11
106 12
107 9
108 11
108 11
109 10
109 10
110 11
111 11
112 13
112 12
113 10
114 11
114 11
115 10
116 11
117 10
117 11
118 11
118 11
119 10
120 12
121 12
121 11
