20 0
22 0
23 0
23 0
24 0
24 0
25 0
26 0
26 0
28 0
28 0
29 0
29 0
30 0
31 0
31 0
32 0
33 1
33 0
34 1
35 1
36 1
36 1
37 1
38 1
38 2
39 2
40 1
40 2
41 2
42 2
42 2
43 2
44 2
45 2
45 2
46 2
47 2
47 3
48 3
49 3
49 4
50 3
51 3
52 4
52 4
53 4
54 5
54 4
55 5
56 5
57 5
57 5
58 5
59 6
59 5
60 6
61 6
61 7
62 6
63 6
63 6
64 7
65 7
65 7
66 6
67 8
67 8
68 8
69 8
69 8
70 8
71 7
72 8
73 8
73 8
74 8
75 8
75 8
76 9
76 8
77 8
78 8
79 8
79 7
80 8
80 8
82 9
82 9
83 10
83 9
84 9
85 9
85 9
86 10
87 11
88 10
88 11
89 11
89 11
90 11
91 12
92 12
92 11
93 12
94 11
94 12
95 12
96 12
97 11
97 11
98 12
99 11
99 11
100 11
101 11
101 13
102 12
102 12
103 12
104 13
105 13
105 12
106 13
107 12
108 13
108 13
109 13
110 13
110 12
111 13
112 13
112 12
113 13
114 13
115 13
116 13
116 13
117 13
118 13
118 12
119 12
119 12
120 12
120 12
121 12
122 12
