20 0
22 0
22 0
23 0
24 0
25 0
26 0
26 0
27 0
27 0
28 0
29 0
30 0
30 0
31 0
32 0
32 0
33 0
34 0
34 0
35 0
36 0
36 0
37 1
38 1
39 1
39 1
40 1
41 1
41 2
42 1
43 1
43 1
44 0
45 1
46 1
46 1
47 1
48 2
49 1
49 3
50 3
51 2
51 2
52 3
52 3
53 3
54 4
54 4
56 3
56 2
57 3
57 3
58 3
59 3
59 4
60 4
61 3
62 3
62 3
63 4
63 4
64 4
65 5
66 5
66 5
67 5
68 5
68 4
69 4
70 4
70 4
71 4
72 4
72 4
73 4
74 4
74 4
75 4
76 4
76 4
77 4
78 4
79 4
79 4
80 4
81 4
82 4
82 4
83 4
84 4
84 4
85 4
86 5
86 5
87 5
88 5
89 5
89 5
90 5
91 5
91 5
92 5
93 5
94 5
94 5
95 5
95 5
96 5
97 5
97 5
98 5
99 5
100 5
100 5
101 5
102 5
102 5
103 5
104 5
105 5
105 5
106 5
107 5
107 5
108 5
109 5
109 5
111 5
111 5
112 5
112 5
113 5
114 5
114 5
115 5
116 5
116 5
117 5
117 5
118 5
119 5
120 5
120 5
121 5
121 5
