20 0
22 0
22 0
23 0
24 0
25 0
25 0
26 0
26 0
27 0
28 0
29 0
30 0
30 0
31 0
31 0
32 0
33 0
34 0
35 0
36 0
36 0
37 0
37 0
39 0
39 0
40 0
40 0
41 0
42 0
42 0
44 0
44 0
45 0
45 0
46 0
47 0
48 0
48 0
49 0
50 0
50 0
51 0
52 0
52 0
53 0
54 0
55 1
55 1
56 1
56 1
57 0
58 1
59 0
59 1
60 0
60 1
61 1
62 0
62 2
63 0
64 1
65 1
66 1
66 2
67 1
68 1
68 1
69 1
70 1
70 1
71 1
72 1
72 1
73 1
74 1
74 1
76 2
76 3
77 1
77 2
78 3
79 2
79 2
80 3
81 3
81 2
83 2
83 3
83 2
84 2
85 2
86 2
86 2
87 2
88 3
88 3
89 3
90 5
90 3
91 3
92 2
93 3
93 3
94 2
95 2
95 2
96 2
97 2
98 2
98 2
99 2
99 2
100 2
101 2
102 3
102 3
103 3
103 2
104 3
105 2
106 3
106 3
107 4
108 4
108 5
109 5
110 5
110 4
111 5
112 5
113 5
113 3
114 5
115 5
115 4
116 4
117 4
118 4
119 4
120 4
120 4
121 5
122 5
122 4
