20 0
22 0
23 0
24 0
24 0
25 0
25 0
26 0
27 0
27 0
28 0
29 0
29 0
30 1
31 0
31 0
32 1
33 0
34 0
34 1
35 1
36 1
36 1
37 1
38 1
38 1
39 1
40 1
41 1
41 1
42 2
43 1
44 3
45 1
45 1
46 0
46 1
47 1
48 2
49 1
50 1
50 2
51 3
51 3
52 3
53 4
53 3
54 4
55 4
55 5
56 4
57 5
58 4
58 5
60 5
60 5
60 3
61 4
62 5
62 6
63 5
64 6
64 6
65 6
66 6
66 6
67 7
68 7
69 7
69 5
70 7
71 7
71 7
72 7
73 6
73 7
74 6
74 7
75 6
76 7
77 7
77 6
78 6
79 6
80 6
80 6
81 6
82 6
83 6
83 6
84 6
85 6
85 5
86 6
86 7
87 7
88 6
89 7
89 7
90 7
91 7
92 7
92 8
93 8
94 8
95 8
95 8
96 6
97 7
97 7
98 7
99 7
99 7
100 6
101 8
101 7
103 8
103 8
103 8
104 8
105 8
106 8
106 8
107 8
107 8
108 8
109 8
110 7
110 8
111 8
112 8
112 8
113 8
114 8
114 8
115 8
116 8
117 7
117 7
118 7
118 7
119 7
120 7
120 7
121 7
