20 0
22 0
22 0
23 0
24 0
25 0
25 0
26 0
27 0
28 0
28 0
29 0
30 0
30 0
31 0
32 0
32 0
33 0
34 1
34 0
35 1
36 1
36 0
37 0
38 1
38 0
39 2
40 2
40 1
42 3
42 2
43 3
44 3
44 2
45 3
46 3
46 3
47 2
48 2
48 3
49 4
49 3
50 3
51 3
52 3
52 3
53 3
53 3
54 4
55 4
56 4
57 5
57 4
58 4
59 4
59 5
60 5
60 5
61 6
62 7
63 4
63 5
64 7
65 7
65 6
66 7
67 6
67 5
68 7
69 6
69 7
70 9
71 7
71 7
72 8
73 6
73 7
74 7
75 6
76 6
76 6
77 7
77 7
78 7
79 6
79 6
80 6
81 6
82 6
82 6
83 6
84 7
84 7
85 6
86 8
86 7
87 8
88 8
89 8
90 8
90 9
91 9
91 9
92 10
92 9
94 8
94 8
95 8
96 8
96 8
97 8
98 8
98 8
99 8
100 8
101 8
101 9
102 8
102 8
103 9
103 8
104 8
105 8
105 8
107 8
107 9
108 8
109 9
110 9
111 8
111 9
112 9
113 9
113 8
114 9
115 9
115 8
116 8
117 9
117 10
118 10
119 9
119 9
120 9
121 10
121 9
