20 0
22 0
23 0
23 0
24 0
24 0
25 0
26 0
27 0
28 0
29 0
29 0
30 0
30 0
31 0
32 0
33 0
33 0
34 0
35 0
35 0
36 0
37 0
37 0
38 1
39 1
40 0
40 1
41 1
42 1
42 2
43 1
44 1
44 1
45 1
46 1
47 2
47 2
48 1
49 2
50 1
51 1
51 2
52 1
52 2
53 2
54 2
54 2
55 2
56 2
56 2
57 2
58 2
59 1
59 1
60 1
60 1
61 1
63 1
63 1
64 1
64 1
65 1
66 1
67 1
67 2
67 2
69 2
69 1
70 2
70 2
71 3
72 3
73 2
73 3
74 3
75 2
75 3
76 3
77 4
78 5
78 5
79 3
80 4
80 4
81 5
82 4
83 5
83 4
84 5
84 6
85 6
86 6
87 6
88 6
88 6
89 6
90 5
90 6
91 6
92 6
92 6
93 6
94 6
94 5
95 7
96 6
96 6
97 8
98 7
99 7
99 8
100 6
101 8
101 7
102 8
103 8
103 7
104 7
105 7
106 7
106 7
107 7
108 7
108 7
109 6
110 6
110 7
111 7
112 7
112 7
113 7
114 7
115 7
115 7
116 7
117 7
117 7
118 7
119 8
119 7
120 7
121 7
122 7
