20 0
22 0
23 0
23 0
24 0
24 0
25 0
26 0
27 0
27 0
28 0
29 0
29 0
30 0
31 0
32 0
32 0
33 0
34 0
34 0
35 0
35 1
36 0
37 0
38 0
38 0
39 0
40 1
41 0
41 1
42 3
42 3
43 2
44 3
45 4
45 3
46 3
47 3
48 3
48 4
49 5
50 5
50 4
51 5
52 6
52 4
53 5
54 4
55 4
55 6
56 5
57 5
58 6
59 7
59 8
60 6
60 6
61 8
62 8
62 8
63 8
64 8
64 8
65 8
66 8
67 8
67 8
69 8
69 8
70 8
71 8
71 8
72 8
73 8
73 8
74 8
75 9
75 8
76 10
77 9
77 9
78 9
79 8
79 8
80 10
81 9
81 9
82 8
83 9
83 9
84 11
85 12
86 10
86 10
87 10
88 10
88 11
89 12
90 11
90 9
91 10
92 12
93 9
93 9
94 10
95 11
95 10
96 11
96 12
97 10
98 11
99 11
99 11
100 11
101 11
102 11
102 11
103 10
103 11
104 10
105 10
105 10
107 11
107 10
108 10
108 10
109 10
110 9
111 10
111 10
112 9
113 9
113 9
114 9
115 10
115 10
117 10
117 9
118 10
118 9
119 9
120 9
121 10
121 9
