20 0
22 0
22 0
23 0
24 0
25 0
25 0
26 0
27 0
27 0
28 0
29 0
30 0
30 0
31 0
32 0
32 0
33 0
34 0
35 0
35 0
36 0
37 0
38 0
38 0
39 0
40 0
40 0
41 0
42 0
42 0
43 0
44 0
44 0
45 0
46 0
47 0
48 0
48 0
49 0
50 0
50 0
51 0
52 0
52 0
53 0
54 0
54 1
55 0
56 0
57 0
58 2
58 3
59 2
59 2
60 3
61 3
62 3
62 3
63 3
64 3
65 3
65 3
66 4
67 3
68 4
68 4
69 5
70 4
70 4
71 4
72 4
72 4
73 4
74 5
75 5
76 5
76 5
77 5
77 4
78 4
79 5
79 5
80 5
81 5
81 4
82 4
83 5
84 6
85 5
85 5
86 6
87 6
87 6
88 7
89 5
89 5
90 7
91 7
92 6
92 7
93 7
93 8
95 7
95 8
96 9
97 8
97 9
98 9
99 9
99 9
100 8
101 9
101 9
102 8
103 9
104 9
105 9
105 9
106 9
107 9
107 9
108 9
109 9
109 8
110 9
111 10
112 10
112 9
113 9
114 9
114 10
115 9
116 9
116 10
117 11
118 10
119 10
119 10
120 9
121 11
122 10
