20 0
22 0
23 0
23 0
24 0
25 0
25 0
26 0
27 0
27 0
28 0
29 0
29 0
30 0
31 1
31 1
32 1
33 0
33 0
34 1
35 1
35 1
36 1
37 2
37 2
38 3
39 2
39 3
40 2
41 2
41 2
42 3
43 3
44 2
45 3
46 3
46 3
47 3
48 3
48 3
49 3
49 3
50 3
51 3
51 3
52 3
53 3
53 3
54 3
55 3
55 3
56 3
57 3
57 3
58 3
59 3
61 3
61 3
62 3
62 3
63 3
64 3
64 3
65 3
66 4
67 3
68 3
68 3
69 3
69 4
70 3
71 4
72 3
72 3
73 4
73 4
74 4
75 4
75 4
76 4
77 4
77 4
78 4
79 4
80 4
80 4
81 4
81 4
82 4
83 4
84 4
84 3
85 4
85 4
86 4
87 4
87 4
88 3
89 3
90 3
91 3
91 3
92 3
92 3
93 3
94 3
94 3
95 3
95 3
96 3
97 3
98 3
99 3
99 3
100 3
100 3
101 3
102 3
103 3
103 3
104 3
105 3
105 3
106 3
107 3
108 3
108 2
109 2
109 2
110 2
111 2
111 2
112 2
113 2
113 2
114 2
115 2
116 2
116 2
117 2
117 2
118 2
119 2
119 3
120 2
121 2
122 2
