20 0
22 0
22 0
23 0
24 0
25 0
25 0
26 0
27 0
27 0
28 0
29 0
30 0
30 0
31 0
32 0
33 0
34 0
34 0
35 0
36 0
37 0
37 0
38 0
38 0
39 0
40 0
41 0
41 0
42 0
43 0
43 0
44 0
45 0
46 0
46 0
47 0
48 0
48 0
49 0
49 1
50 0
51 0
52 1
52 1
53 1
54 1
54 1
55 1
56 1
57 0
57 1
58 2
59 2
59 1
60 1
61 0
62 2
63 2
63 2
64 2
65 2
65 2
66 2
67 2
67 2
68 2
69 2
70 2
70 2
71 2
72 2
72 2
73 2
74 3
75 3
75 3
76 3
77 3
78 4
78 4
79 4
79 4
80 4
81 4
82 4
82 4
83 5
84 4
85 4
85 6
86 5
87 4
88 4
88 4
89 5
89 5
91 5
91 6
92 5
92 4
93 6
94 7
95 6
95 7
96 6
96 7
98 6
98 6
99 6
100 7
100 6
101 6
102 7
103 7
103 7
104 6
104 8
105 7
106 6
107 9
108 9
108 8
109 9
110 9
110 8
111 10
112 9
113 9
113 10
114 10
115 10
116 10
116 10
117 10
117 10
118 9
119 9
120 9
120 9
121 9
