20 0
22 0
23 0
24 0
24 0
25 0
25 0
26 0
26 0
27 0
28 0
29 0
29 0
30 0
31 0
32 0
32 0
33 0
34 0
34 0
35 0
36 0
37 0
37 0
38 0
39 0
39 0
40 0
41 0
41 0
42 0
43 1
43 0
44 1
45 0
45 1
46 0
47 1
48 0
49 1
50 1
50 1
51 1
51 1
52 1
53 1
54 1
54 1
55 2
56 2
56 1
57 1
58 1
58 1
59 1
59 2
60 1
61 1
62 2
62 2
63 2
64 1
64 1
65 1
66 1
67 1
67 1
68 1
69 2
69 1
70 1
71 3
71 1
72 2
73 2
73 1
74 1
75 2
76 2
77 2
77 2
78 3
78 3
79 3
80 2
80 3
81 4
82 3
83 4
83 4
84 3
85 3
86 4
86 2
87 4
87 3
88 3
89 2
90 3
91 2
91 3
92 3
92 4
93 2
94 3
95 4
95 4
96 5
96 4
97 4
98 4
99 5
100 6
100 6
101 4
102 4
102 5
103 4
104 4
104 4
105 4
106 4
106 4
107 4
108 5
109 4
109 4
110 5
111 5
111 4
112 4
113 5
113 5
114 4
115 5
116 6
117 6
117 5
118 6
119 6
119 6
120 5
121 6
121 6
122 6
