20 0
22 0
23 0
24 0
24 0
25 0
25 0
26 0
27 0
27 0
28 0
29 0
29 0
31 0
31 0
32 0
33 0
33 0
34 0
34 0
35 0
36 0
37 0
38 0
38 0
39 0
39 0
40 0
41 0
41 0
42 0
43 0
43 0
44 0
45 0
46 0
46 0
47 0
48 1
49 0
49 1
50 0
51 1
51 2
52 2
53 3
53 3
55 1
56 4
56 4
57 2
58 3
58 2
59 3
59 3
60 3
61 3
62 4
62 4
63 4
64 4
65 5
65 3
65 3
66 3
67 4
68 3
68 3
69 4
70 3
71 4
71 3
72 4
72 4
73 4
74 5
74 4
75 4
76 5
76 5
77 6
78 6
79 5
79 5
80 6
81 5
82 6
82 5
83 6
84 6
84 7
85 5
86 6
86 5
87 6
88 7
88 8
89 7
90 8
91 6
91 8
92 8
92 8
93 6
94 9
95 7
95 7
96 8
97 7
98 9
98 9
99 9
99 7
100 6
101 8
102 8
102 8
103 7
104 8
104 9
105 8
106 8
107 6
107 8
108 8
108 7
110 8
110 8
111 9
111 9
112 9
113 7
114 9
114 10
115 9
115 9
116 9
117 10
118 9
118 8
119 9
120 9
120 10
121 8
