20 0
22 0
22 0
23 0
24 0
25 0
25 0
26 0
26 0
27 0
28 0
29 0
29 0
30 0
31 0
31 0
32 0
33 0
34 0
35 0
35 0
36 0
36 1
37 1
38 1
38 1
39 1
40 1
41 2
41 2
42 1
42 1
44 2
44 2
45 2
45 2
46 2
47 3
48 3
48 3
49 4
49 4
50 3
51 3
52 4
52 4
53 5
54 4
55 3
55 6
56 6
57 5
58 5
58 6
59 5
60 6
60 7
61 7
62 5
62 5
63 6
64 6
64 6
65 6
66 6
66 6
68 6
68 7
69 7
69 8
70 8
71 8
71 8
72 8
73 8
74 8
75 8
75 8
76 8
76 8
77 8
78 8
78 8
79 8
80 8
80 8
81 8
81 8
83 8
83 8
84 8
85 8
85 8
86 8
86 8
87 8
88 8
89 9
90 8
90 9
91 10
91 9
92 10
93 10
94 10
94 10
95 11
96 11
96 11
97 12
98 11
99 10
99 11
100 11
101 11
102 11
102 11
103 11
103 11
104 11
105 10
106 10
106 10
107 11
107 11
108 12
109 10
110 10
110 11
111 10
112 11
112 11
113 10
114 10
115 11
115 11
116 11
117 11
117 12
118 12
119 12
120 11
120 11
121 11
122 11
