20 0
22 0
23 0
23 0
24 0
25 0
25 0
26 0
27 0
27 0
28 0
29 0
30 0
30 0
31 0
31 0
32 0
33 0
34 0
34 0
35 0
36 0
36 0
37 0
38 0
38 0
39 0
40 0
41 0
41 0
42 0
43 0
43 0
44 1
45 1
45 0
46 1
47 1
47 1
48 1
49 1
49 1
50 1
51 1
51 1
52 1
53 1
54 1
55 1
55 1
56 1
57 1
58 1
58 1
59 1
59 1
61 1
61 1
62 1
62 1
63 2
64 1
64 1
65 1
66 2
66 1
67 1
68 2
69 1
69 1
70 2
71 2
72 3
73 4
73 3
74 3
75 3
75 3
76 2
77 3
78 2
78 2
79 2
79 3
80 3
81 3
81 4
82 4
83 3
84 4
84 4
85 4
86 3
87 4
88 4
88 4
88 4
89 4
90 4
90 4
91 4
92 4
93 4
93 4
94 5
95 5
95 5
96 6
97 5
98 5
99 5
99 5
100 5
101 4
101 5
103 5
103 6
104 5
105 6
105 6
106 6
107 6
107 6
108 5
109 6
109 6
110 5
111 5
111 5
112 5
113 5
113 4
114 4
115 4
115 5
116 5
117 5
118 5
118 5
119 5
120 5
120 5
121 5
122 5
