20 0
22 0
22 0
23 0
24 0
24 0
25 0
26 0
27 0
27 0
28 0
29 0
29 0
30 0
31 0
31 0
32 0
33 0
33 0
34 0
34 0
36 0
36 0
37 0
38 0
38 0
39 0
39 0
40 0
41 1
41 1
42 1
43 1
44 1
44 1
45 1
46 1
47 1
47 1
48 1
49 1
49 1
50 1
51 2
51 1
52 1
53 3
53 4
54 3
55 4
55 2
56 3
57 3
57 2
58 3
59 4
60 4
60 4
61 3
62 3
62 4
63 4
64 3
64 3
65 3
66 3
67 3
67 4
68 3
68 3
69 4
70 3
70 3
71 3
72 3
72 3
73 3
74 3
74 4
75 4
76 5
77 4
77 5
78 5
78 4
79 5
80 6
81 5
81 5
82 5
83 5
83 6
84 5
85 6
86 6
86 6
87 5
87 6
88 6
89 5
89 6
90 5
91 5
91 5
92 6
93 5
94 5
94 6
95 5
96 5
96 5
97 5
98 5
99 6
99 5
100 6
100 6
101 6
102 5
103 6
103 6
104 6
104 6
105 6
106 6
107 6
107 5
108 5
109 5
110 7
110 7
111 6
112 6
112 6
113 7
114 7
114 6
115 8
115 7
117 8
118 8
119 8
119 8
120 8
120 8
121 8
