20 0
22 0
23 0
23 0
24 0
25 0
25 0
26 0
27 0
27 0
29 0
29 0
30 0
30 0
31 0
32 0
32 0
33 0
34 0
35 0
35 0
36 0
37 0
37 0
38 0
39 0
39 0
40 0
41 0
42 0
42 0
43 0
44 0
45 0
45 0
46 0
46 0
47 0
48 0
49 0
50 0
50 0
51 0
52 0
52 0
53 0
54 0
55 0
55 0
56 0
56 0
57 0
58 1
59 1
59 0
60 1
61 0
62 1
62 0
63 0
63 2
64 1
65 1
66 1
67 1
67 0
68 1
69 0
69 1
70 1
70 1
71 1
72 1
73 2
73 2
74 1
75 0
76 2
76 1
77 1
78 2
79 2
79 1
80 2
80 1
81 1
82 1
83 2
83 1
84 1
85 1
86 1
86 1
87 1
88 1
88 1
89 1
90 2
91 2
91 1
92 1
93 2
93 1
94 1
95 2
95 1
96 1
97 2
98 2
98 2
99 2
100 2
100 2
101 2
102 2
103 1
103 1
104 1
105 1
105 2
106 1
107 2
108 2
108 1
109 1
110 2
110 1
111 1
112 2
112 2
113 1
114 1
114 1
115 1
116 1
117 1
117 1
118 1
119 1
120 1
120 1
121 1
122 1
