20 0
23 0
23 0
24 0
24 0
25 0
26 0
26 0
27 0
28 0
29 0
29 0
30 0
31 0
31 0
32 0
33 0
33 0
34 0
35 0
35 0
36 0
37 0
37 0
38 0
39 0
40 1
40 0
41 0
42 1
43 2
43 2
44 2
45 3
46 1
46 2
47 3
47 4
48 3
50 3
50 3
50 3
51 2
52 3
53 3
53 2
54 2
54 3
56 3
56 3
57 3
58 3
58 4
59 5
60 5
60 5
61 5
62 5
62 4
63 5
64 3
65 4
65 5
66 4
67 4
68 7
69 8
70 6
70 6
71 6
71 8
72 6
73 7
74 6
74 8
75 7
76 8
76 6
77 7
78 8
78 8
79 8
80 8
80 9
81 7
82 8
83 7
83 8
84 9
85 9
86 8
86 8
87 9
88 8
88 9
89 9
90 10
90 9
91 9
92 9
92 9
93 10
94 8
95 9
95 9
96 9
97 9
97 10
98 10
99 10
99 10
100 9
101 9
102 10
102 9
103 9
104 9
104 11
105 11
106 10
107 10
107 11
108 11
109 11
110 10
110 11
111 11
112 11
112 10
113 12
114 12
114 11
115 10
116 12
117 12
117 12
118 11
119 12
119 12
120 12
121 12
122 12
