20 0
22 0
22 0
23 0
24 0
25 0
25 0
26 0
27 0
27 0
28 0
29 0
30 0
30 0
31 0
32 0
32 0
33 0
33 0
34 0
35 0
36 0
36 0
37 0
38 0
38 0
39 0
40 0
40 0
41 0
42 0
43 0
43 0
44 0
44 1
46 0
46 0
47 0
48 0
49 0
49 0
50 0
51 0
51 0
52 0
53 0
54 0
55 0
55 1
56 0
56 0
57 1
58 1
59 2
59 2
60 1
60 2
62 4
62 3
63 3
63 5
65 5
65 5
66 6
67 5
67 5
68 5
68 7
69 5
70 5
70 5
71 3
72 4
73 4
73 4
74 4
75 4
75 5
76 6
77 4
77 5
78 5
79 5
80 4
80 4
81 5
82 6
82 6
83 6
84 6
85 6
85 8
86 7
86 7
87 7
88 6
89 7
89 7
90 6
91 6
92 8
92 8
93 9
93 7
94 8
95 8
95 8
96 7
97 8
98 7
98 8
99 8
100 7
101 8
101 8
102 7
102 7
103 8
104 7
104 8
105 8
105 8
106 7
107 8
108 8
108 8
109 8
110 8
111 8
111 8
112 8
113 8
113 8
114 8
115 8
115 8
116 8
117 8
118 8
118 8
119 8
120 8
120 8
121 8
