20 0
22 0
23 0
23 0
24 0
25 0
25 0
26 0
27 0
27 0
29 0
29 0
30 0
30 0
31 0
32 0
32 0
33 0
34 0
34 0
35 1
36 1
37 1
38 1
39 1
39 1
40 1
40 2
41 1
42 2
42 3
43 3
44 3
45 3
46 3
46 3
47 3
47 3
48 3
49 3
50 3
50 3
51 3
52 3
53 4
53 3
54 3
55 4
55 4
56 4
57 5
58 4
58 5
59 4
60 5
60 6
61 4
62 4
62 5
64 5
64 4
65 5
66 5
66 5
67 5
67 5
68 5
69 5
70 5
70 6
71 6
72 5
72 7
73 7
74 7
75 5
75 7
76 9
77 8
78 9
78 9
79 8
80 8
80 7
81 7
82 7
83 8
84 8
84 8
85 8
85 8
86 9
87 7
88 7
89 8
89 8
90 7
90 9
91 7
92 8
93 9
93 8
94 9
95 10
95 10
96 10
97 9
98 10
98 10
99 9
100 10
100 10
101 10
102 10
103 9
103 10
104 8
105 9
105 10
106 10
107 9
108 9
108 8
109 8
110 7
110 9
111 8
112 8
112 8
113 9
114 8
115 8
116 8
117 9
117 8
118 8
118 9
120 9
120 8
121 9
121 8
