20 0
22 0
22 0
24 0
24 0
25 0
25 0
26 0
26 0
27 0
28 0
29 0
30 0
30 0
31 0
31 0
32 0
33 0
34 0
34 0
35 0
36 0
36 0
37 0
38 0
39 0
39 0
40 0
40 0
41 0
42 0
43 0
44 0
44 1
45 0
45 2
46 1
47 1
48 1
48 2
49 1
50 2
50 2
51 3
52 2
53 2
53 2
54 2
54 1
55 1
56 1
56 1
57 2
58 2
59 2
59 1
60 2
61 1
61 2
62 2
63 2
63 2
64 2
65 2
66 2
67 2
68 3
69 3
69 3
70 3
70 3
71 3
71 3
72 3
73 3
73 3
74 4
75 4
76 4
76 3
77 3
78 3
79 4
79 3
81 3
81 3
82 3
82 3
83 3
84 3
85 3
85 3
86 3
87 3
87 3
88 4
89 4
89 4
90 5
90 5
91 6
92 6
92 6
93 6
94 7
95 6
95 6
96 6
97 6
98 6
98 5
98 6
99 6
100 6
101 6
101 6
102 6
103 6
103 6
104 7
105 7
106 5
106 5
107 7
108 7
108 6
109 7
110 7
111 7
111 6
112 6
113 6
113 6
114 5
115 6
115 6
116 6
116 6
117 6
118 6
119 6
120 6
120 6
121 6
122 6
