20 0
22 0
23 0
23 0
24 0
25 0
25 0
26 0
27 0
28 0
28 0
29 0
29 0
30 0
31 0
32 0
32 0
33 0
34 0
35 0
36 0
37 0
37 0
38 0
39 0
39 0
40 0
40 0
41 0
42 0
43 0
43 0
44 0
45 0
46 1
46 0
47 0
47 0
48 0
49 0
50 0
50 0
51 0
52 0
52 1
53 0
54 0
55 1
55 0
56 0
57 0
58 0
59 0
59 0
60 0
60 0
61 0
62 0
63 0
63 0
64 0
65 0
66 0
66 0
67 0
68 0
69 0
69 0
70 0
70 0
71 0
72 0
73 0
73 0
74 0
75 0
76 0
77 0
77 0
78 0
79 0
80 0
80 0
81 0
82 1
82 0
83 0
83 1
84 0
86 1
86 0
87 0
88 1
88 0
89 0
90 2
90 0
91 0
92 1
92 2
93 1
94 1
94 1
95 1
96 1
97 1
97 1
98 1
99 1
100 2
100 2
101 2
102 1
102 3
103 3
103 3
105 3
105 2
106 3
107 2
107 2
108 3
109 3
109 2
110 3
111 3
112 2
112 3
114 2
114 1
115 2
115 3
116 3
117 3
117 2
118 2
119 2
120 2
120 2
121 3
