20 0
22 0
22 0
23 0
24 0
25 0
25 0
26 0
26 0
27 0
28 0
29 0
29 0
30 0
31 0
31 0
32 0
33 0
33 0
34 0
35 0
36 0
36 0
37 0
38 0
38 0
39 0
39 0
40 0
41 0
42 0
42 0
43 0
44 0
45 1
45 0
46 0
47 1
47 1
48 1
49 1
49 1
50 1
50 2
51 1
52 2
53 2
53 2
54 2
55 2
55 2
56 2
57 2
58 2
58 2
59 2
60 2
60 2
61 2
62 2
62 2
63 2
64 2
65 2
65 2
66 2
67 2
68 2
68 2
69 2
70 2
71 2
71 2
72 2
72 2
73 3
74 3
75 3
75 2
76 3
76 3
77 2
78 2
79 2
79 2
80 2
80 2
81 2
82 2
82 3
83 3
84 3
85 3
86 3
86 3
87 3
87 3
88 3
89 3
90 2
90 3
91 3
92 2
92 3
93 3
94 3
94 3
95 3
96 3
96 3
97 3
98 3
99 3
100 3
101 3
101 3
102 3
102 3
103 3
104 3
104 3
105 4
106 3
106 3
107 4
108 3
109 3
109 4
110 4
111 3
111 3
112 4
113 3
113 4
114 4
115 4
115 4
116 4
117 4
118 4
118 4
119 4
120 4
120 4
121 4
122 4
