20 0
22 0
22 0
23 0
24 0
25 0
26 0
26 0
27 0
28 0
29 0
29 0
30 0
30 0
31 1
32 1
33 1
33 1
34 1
34 1
35 1
36 1
36 1
37 1
38 1
39 1
40 2
40 1
41 2
41 2
42 2
43 2
43 3
44 2
45 2
46 2
46 2
47 3
48 2
49 3
49 3
50 2
51 3
51 4
52 3
53 3
53 4
54 4
55 4
55 4
56 4
57 3
58 4
58 3
59 4
60 3
60 5
61 5
62 4
63 5
63 6
64 5
64 5
65 4
66 6
66 5
67 6
68 6
68 5
69 6
70 5
71 6
71 6
72 6
73 6
74 6
74 6
75 6
76 6
77 6
77 6
78 6
79 6
80 6
80 6
81 6
82 6
82 6
83 6
84 6
84 6
86 6
86 7
87 6
87 7
88 7
89 7
89 7
90 7
91 7
91 7
92 7
93 7
93 7
94 7
95 7
96 7
96 7
97 7
98 7
98 7
99 8
100 7
101 7
102 7
102 7
103 7
103 7
104 8
105 8
105 9
106 7
107 8
108 7
109 7
109 9
110 9
111 8
112 9
112 7
113 8
113 7
114 8
115 8
116 8
116 9
117 11
118 10
118 11
119 10
120 10
121 10
121 10
122 11
