20 0
22 0
22 0
24 0
24 0
25 0
26 0
26 0
27 0
27 0
28 0
29 0
30 0
30 0
31 0
32 0
32 0
33 0
34 0
34 0
35 0
36 0
37 0
37 0
38 0
39 0
39 0
40 0
41 0
42 0
42 0
43 0
43 0
44 0
45 0
45 0
46 0
47 0
48 0
48 0
49 0
50 0
50 0
51 0
52 0
53 0
53 0
54 0
55 1
55 1
56 0
57 1
58 1
58 1
59 1
60 2
60 2
61 1
62 2
62 1
63 3
64 3
64 1
65 3
66 3
66 3
67 3
67 3
69 4
69 3
70 4
71 3
71 3
72 5
72 4
73 4
74 3
75 4
76 3
77 3
77 3
78 3
79 5
80 4
80 3
81 5
82 5
82 5
83 5
83 5
84 5
85 6
85 5
86 6
87 6
88 6
88 7
89 6
90 6
90 6
91 6
92 6
93 6
93 6
94 7
94 6
95 7
96 6
97 7
98 7
99 7
99 8
100 8
100 7
101 8
102 8
103 8
104 8
105 8
105 7
105 7
106 8
107 7
108 8
108 6
109 7
110 7
110 8
111 7
112 8
112 8
113 7
114 5
115 5
115 7
116 7
117 6
117 7
118 7
119 7
119 5
120 7
121 7
121 7
122 7
