20 0
22 0
22 0
23 0
24 0
25 0
25 0
26 0
26 0
27 0
28 0
29 0
29 0
30 0
31 1
31 1
32 1
33 1
33 1
34 1
34 1
35 1
36 2
37 3
37 2
38 2
39 3
39 4
40 5
41 3
41 4
42 4
43 6
43 5
44 6
45 7
46 4
46 5
47 6
48 7
48 7
49 7
50 7
51 6
51 6
52 7
53 7
53 6
54 7
55 7
56 8
56 7
57 8
58 7
58 7
59 7
60 8
61 6
61 7
62 8
63 7
63 7
64 7
65 7
65 7
66 7
66 7
67 7
68 7
69 6
69 6
70 6
71 7
72 6
72 6
73 6
74 6
74 6
75 6
75 6
76 6
77 6
77 7
79 6
79 6
79 6
80 7
81 7
81 7
82 7
83 7
84 6
84 7
85 7
85 7
86 9
87 8
88 8
89 9
89 8
90 8
90 8
91 8
92 7
92 7
93 7
94 7
94 7
95 6
96 6
96 6
97 6
98 6
98 6
99 6
100 6
100 6
101 6
102 6
102 6
103 7
104 7
104 7
105 7
106 7
106 7
107 7
108 7
108 7
109 7
110 7
110 7
111 7
112 7
113 7
113 7
114 7
115 7
115 7
116 7
117 7
117 7
118 7
119 7
119 7
120 7
121 7
121 7
