20 0
22 0
23 0
23 0
24 0
25 0
25 0
26 0
27 0
27 0
28 0
28 0
30 0
30 0
31 0
31 1
32 0
33 0
33 0
34 0
35 0
35 0
36 0
37 1
37 1
38 1
39 1
40 1
40 1
41 1
41 1
42 2
43 1
43 1
45 1
45 1
46 2
47 2
47 2
48 1
49 3
49 2
50 2
51 2
52 2
53 2
53 2
54 2
55 2
55 2
56 2
57 2
58 2
58 3
59 4
60 2
60 3
61 5
62 3
63 5
63 6
64 5
64 6
66 5
66 5
67 6
67 5
68 6
69 6
69 5
70 5
70 5
71 6
72 6
73 6
73 6
74 7
75 6
75 7
77 7
77 7
78 7
78 7
79 7
80 7
80 7
81 7
82 7
83 7
84 7
84 7
85 7
86 7
87 7
87 6
88 6
88 6
89 6
90 6
90 6
91 6
92 6
93 6
93 6
94 6
95 6
95 6
96 6
97 6
97 6
98 6
99 6
99 6
100 6
100 6
102 6
102 6
103 6
104 6
104 6
105 6
105 6
106 6
107 6
107 6
108 6
109 6
110 6
111 6
111 6
112 7
113 7
113 7
114 7
115 7
115 7
116 7
117 7
117 7
118 7
118 7
120 7
120 7
121 7
121 7
