20 0
22 0
23 0
23 0
24 0
25 0
25 0
26 0
27 0
28 0
28 0
29 0
30 0
31 0
31 0
32 0
32 0
33 0
34 0
34 0
35 1
36 0
37 0
37 1
38 1
39 1
40 0
40 1
41 1
41 0
42 0
43 0
44 0
44 0
45 0
46 0
47 0
47 0
48 0
49 0
49 0
50 0
51 0
52 0
52 0
53 0
54 0
54 0
55 1
56 1
56 0
57 0
58 1
59 1
60 1
60 2
61 2
62 1
62 2
63 1
64 2
64 2
65 2
66 2
67 3
67 2
68 3
69 2
69 2
70 2
71 3
71 3
72 3
73 3
74 2
74 4
75 4
76 4
77 4
78 4
78 3
79 4
80 4
80 3
81 3
82 3
82 4
83 4
84 4
85 4
85 4
86 4
87 5
87 4
88 4
89 4
90 4
90 4
91 4
91 5
92 5
93 5
94 6
94 6
95 5
96 5
97 5
97 6
98 6
99 5
99 6
100 7
101 8
101 8
102 6
103 7
103 8
104 8
105 7
106 8
106 7
107 8
108 7
108 9
109 7
111 7
111 10
111 9
112 9
113 10
114 9
114 10
115 9
116 10
117 10
117 9
118 9
119 9
119 10
120 9
121 9
122 9
