20 0
22 0
23 0
23 0
24 0
25 0
25 0
26 0
27 0
28 0
28 0
29 0
30 0
31 0
31 0
32 0
33 0
33 0
34 0
34 0
35 0
36 0
37 0
38 0
39 0
39 0
40 0
40 0
41 0
42 0
42 0
43 0
44 0
44 0
45 0
46 0
46 0
47 0
48 1
48 1
49 1
50 1
51 1
51 1
52 1
53 1
53 1
54 1
55 1
55 1
56 1
57 1
57 1
58 2
59 1
60 1
60 1
61 1
62 1
62 2
63 1
64 1
64 1
65 1
66 2
66 2
67 2
68 2
68 2
69 1
70 1
71 1
71 1
72 2
72 2
73 2
74 2
75 2
75 2
76 2
77 2
77 2
78 2
79 2
80 2
80 2
81 2
82 2
82 2
83 2
84 2
84 2
85 3
86 3
87 2
87 2
88 2
89 2
89 2
90 2
90 2
91 2
92 2
92 2
94 2
94 2
95 2
96 2
96 2
97 2
97 3
98 3
99 3
99 3
101 2
101 3
102 3
103 3
103 3
104 3
104 2
105 3
106 3
106 2
107 2
108 3
109 4
109 2
110 3
110 4
111 4
112 3
113 3
113 3
114 3
115 4
115 4
116 4
117 3
117 3
118 3
119 4
120 4
120 4
121 4
122 4
