20 0
22 0
23 0
23 0
24 0
25 0
26 0
26 0
27 0
28 0
28 0
29 0
30 0
30 0
31 0
32 0
33 0
33 0
34 0
35 0
35 0
37 0
37 0
37 0
38 0
39 0
39 0
40 0
41 0
41 0
42 0
43 0
43 0
44 0
45 0
45 0
46 0
47 0
48 0
48 0
49 0
50 0
50 0
51 0
52 0
52 0
53 0
53 1
54 0
55 0
55 0
56 0
57 1
57 1
58 1
59 1
59 1
60 1
61 1
61 1
62 1
63 1
63 1
64 1
65 1
65 2
66 1
67 2
68 2
68 2
69 2
69 2
71 4
71 2
72 2
72 2
73 3
74 2
75 2
75 3
76 2
76 2
77 2
78 2
79 2
79 2
80 2
81 2
81 2
82 2
83 3
83 3
84 3
84 3
85 3
86 3
87 3
87 3
88 3
89 3
89 3
90 3
91 3
92 3
92 3
93 3
94 3
94 3
95 3
96 3
96 3
97 3
97 3
98 3
99 3
100 3
100 3
101 3
102 4
102 4
103 3
104 4
104 4
105 4
106 4
106 4
107 4
108 4
108 4
109 4
110 4
110 3
111 3
112 3
113 3
113 3
114 3
115 3
115 3
116 3
116 3
118 3
118 3
119 3
119 3
120 3
121 3
121 3
