20 0
22 0
23 0
23 0
24 0
25 0
26 0
26 0
27 0
27 0
28 0
29 0
29 0
30 0
31 0
31 0
32 0
33 0
33 0
34 0
35 0
35 0
36 0
37 0
37 0
38 0
39 0
40 0
41 0
41 0
42 0
43 0
44 0
44 0
45 0
45 0
46 0
47 0
47 0
48 0
49 0
50 0
50 0
51 0
51 0
52 0
53 0
53 0
54 0
55 0
55 0
56 0
57 0
58 0
58 0
59 0
59 0
60 0
61 0
61 0
62 0
63 1
64 0
65 1
65 2
65 1
66 2
67 2
68 1
68 1
69 1
70 1
70 2
71 2
72 2
72 2
73 2
74 3
74 2
75 2
76 2
76 3
77 3
78 3
79 3
79 2
80 3
81 3
81 2
82 3
83 3
83 3
84 3
85 4
85 4
86 5
87 4
88 4
88 4
89 5
89 4
90 5
91 5
91 4
92 5
93 4
93 6
94 6
95 5
95 6
96 5
97 6
98 6
98 5
99 5
99 6
101 5
102 6
102 5
103 5
103 5
104 5
104 5
105 4
106 4
107 4
107 4
108 4
109 5
110 5
110 5
111 5
111 4
112 4
113 4
114 4
114 5
115 6
116 6
117 4
117 6
118 6
119 6
120 4
120 6
121 7
121 5
122 5
