20 0
22 0
22 0
23 0
24 0
25 0
25 0
26 0
27 0
27 0
28 0
29 0
30 0
31 0
31 0
32 0
33 0
33 0
34 0
35 0
35 0
36 0
37 0
38 0
38 0
39 0
40 0
40 1
41 1
42 1
42 1
43 1
44 1
44 1
46 1
46 1
47 1
48 1
48 2
49 1
50 1
50 2
51 2
52 2
53 2
53 2
54 1
55 2
55 2
56 2
57 3
58 1
58 1
59 1
60 1
60 2
61 2
62 3
63 2
63 2
64 1
64 1
65 1
66 1
67 1
68 2
68 2
69 1
70 5
70 4
71 3
71 2
72 3
73 2
74 3
74 4
75 3
76 3
77 4
77 4
78 5
79 4
79 4
81 5
81 5
81 5
82 5
83 4
84 5
84 5
85 8
86 6
87 7
87 6
88 8
89 8
89 9
91 10
91 8
92 9
92 8
93 8
94 10
94 12
95 8
96 9
97 10
98 11
98 10
99 12
99 10
100 9
101 11
102 11
102 10
103 11
104 11
105 11
105 12
106 14
106 13
107 14
108 13
109 12
110 13
110 12
111 12
111 12
112 13
113 12
114 11
114 11
115 13
116 12
116 11
117 11
118 12
119 13
119 13
121 14
121 13
122 14
