20 0
22 0
23 0
23 0
24 0
24 0
25 0
26 0
27 0
28 0
28 0
28 0
30 0
30 0
31 0
31 0
32 0
33 0
34 0
35 0
35 0
36 0
36 0
37 0
38 0
39 0
39 0
40 0
41 0
41 0
42 0
43 0
43 0
44 0
45 1
45 0
46 1
47 2
47 2
48 2
49 2
50 2
50 2
51 2
52 2
53 1
53 1
54 2
55 2
55 2
56 3
57 3
57 2
58 1
58 2
59 2
60 3
60 3
61 3
62 3
62 3
63 3
64 4
65 4
65 3
66 4
66 4
67 3
68 4
68 4
70 3
70 4
71 3
71 4
72 3
73 4
73 4
74 3
75 3
75 3
76 4
77 3
77 3
79 4
79 4
80 4
80 4
81 4
82 4
83 4
84 4
85 3
85 4
85 3
86 4
87 4
87 3
88 3
89 3
89 3
90 3
91 5
92 4
92 4
93 5
93 4
94 4
95 4
96 4
96 4
97 3
98 3
98 4
99 5
100 4
101 3
101 4
102 3
102 4
103 4
104 4
105 4
105 4
106 4
106 3
107 3
108 3
108 3
109 3
110 4
111 3
112 4
112 3
113 4
113 5
114 3
115 3
115 4
116 3
117 3
118 4
118 3
119 2
119 3
120 3
121 4
121 4
