20 0
22 0
22 0
23 0
24 0
25 0
25 0
26 0
27 0
27 0
28 0
28 0
29 0
30 0
31 0
32 0
32 0
33 0
34 0
35 0
35 1
36 0
36 0
37 0
37 1
38 1
39 0
39 0
40 1
41 2
42 1
42 1
43 0
44 1
44 1
46 2
46 2
46 2
47 1
48 2
49 2
49 2
50 2
51 2
51 2
52 2
53 2
53 2
54 2
55 2
56 2
56 2
57 2
58 2
58 2
59 3
60 2
60 2
61 3
62 3
63 2
63 2
64 3
65 3
65 3
66 3
66 3
67 3
68 2
69 2
69 3
70 3
71 3
72 3
73 3
73 3
74 3
74 3
75 3
76 3
76 3
77 3
78 3
79 3
79 3
80 3
80 3
81 3
82 3
82 3
83 3
84 3
84 3
85 3
86 3
86 3
87 3
88 3
89 3
90 3
90 3
91 3
92 3
92 3
93 3
94 3
95 3
95 3
96 3
96 3
97 2
98 3
99 2
99 3
100 3
101 3
101 2
102 3
103 3
103 3
104 3
105 3
105 3
106 3
107 3
107 3
108 3
109 3
109 3
110 3
111 3
111 4
112 3
113 3
113 3
114 3
115 3
116 3
116 3
117 3
118 3
119 3
119 3
120 3
121 3
122 3
122 4
