20 0
22 0
23 0
23 0
24 0
25 0
25 0
26 0
27 0
27 0
28 0
29 0
30 0
31 0
31 0
32 0
32 0
33 0
34 0
35 0
35 0
36 0
37 0
37 0
38 0
39 0
40 0
40 0
41 0
42 0
43 0
43 0
44 1
44 1
45 0
46 0
47 0
47 0
49 0
49 1
49 1
50 0
51 1
52 1
53 1
53 2
54 2
55 1
55 1
56 2
57 2
57 2
58 2
59 2
59 2
60 2
61 3
62 4
62 3
63 4
64 3
64 4
65 4
66 4
66 4
68 4
68 4
69 4
69 4
70 4
71 4
72 5
72 4
73 4
73 4
74 4
75 4
76 4
77 4
77 4
78 4
79 4
79 4
80 4
81 4
81 4
82 4
83 4
83 4
84 4
85 4
85 4
86 4
87 5
88 5
88 5
89 4
90 6
90 6
91 6
92 6
93 6
93 6
94 6
95 6
96 6
96 6
97 6
98 6
98 6
99 6
100 7
100 7
101 7
102 7
102 7
103 7
104 7
105 7
105 7
106 7
107 7
107 7
108 7
109 7
110 6
110 6
111 6
112 6
112 6
113 6
114 6
115 6
116 6
117 6
117 6
118 7
119 6
119 6
120 6
121 6
121 6
