20 0
22 0
23 0
23 0
24 0
25 0
25 0
26 0
26 0
27 0
28 0
29 0
29 0
30 0
31 0
31 0
32 0
33 0
33 0
34 0
35 0
35 0
36 0
37 0
38 0
38 0
39 0
40 0
40 0
41 0
42 0
43 0
43 0
44 0
44 0
45 0
46 0
46 0
47 0
48 0
48 0
49 0
50 0
51 0
51 0
52 0
53 0
53 0
54 0
55 0
55 0
56 0
57 0
58 0
58 0
59 0
60 0
60 0
61 0
61 1
62 0
63 1
64 1
64 1
65 1
66 1
66 1
67 1
68 0
69 1
69 1
70 1
71 2
71 1
72 2
73 2
73 2
74 1
75 2
75 2
76 2
77 2
77 2
78 2
79 3
80 2
80 3
81 2
81 4
82 4
83 4
84 4
84 4
85 4
86 4
86 4
87 4
88 4
89 4
89 4
90 4
90 4
91 4
92 4
93 4
93 4
94 4
95 4
95 4
96 4
97 4
97 4
98 4
98 4
99 4
100 4
101 4
102 4
102 4
103 4
104 4
104 4
105 4
106 4
106 4
107 4
108 4
108 4
109 4
110 4
110 4
111 4
112 4
113 4
113 4
114 4
114 4
115 4
116 4
117 4
117 4
118 4
119 4
119 4
120 5
121 5
122 4
