20 0
22 0
23 0
23 0
24 0
24 0
25 0
26 0
27 0
27 0
28 0
29 0
29 0
30 0
31 0
31 0
32 0
33 0
34 0
34 0
35 0
36 0
36 0
37 0
38 0
39 0
39 0
40 0
41 0
41 0
42 0
43 0
43 0
45 0
45 0
46 0
46 0
47 0
48 0
48 0
49 0
50 0
50 0
51 0
52 1
53 0
53 0
54 0
55 1
55 1
56 0
57 0
58 1
58 0
59 0
60 0
61 0
61 1
62 1
63 1
64 0
64 2
65 2
66 1
66 1
67 2
68 2
69 3
69 2
70 3
71 2
71 3
72 3
73 3
74 3
74 2
75 3
76 3
76 3
77 3
78 2
78 2
79 2
80 3
80 2
81 3
82 3
83 2
83 2
84 3
85 2
85 2
86 2
87 2
88 2
88 2
89 3
90 3
91 4
91 4
92 5
93 4
93 5
94 5
95 4
95 4
96 5
97 4
97 5
99 4
99 5
100 5
100 5
101 4
102 4
103 4
103 5
104 5
104 5
105 5
106 5
107 4
107 5
108 5
109 5
110 4
110 5
111 5
111 5
112 5
113 5
114 5
114 5
115 5
116 5
116 5
117 5
118 6
119 5
119 6
120 6
120 6
121 6
122 5
