20 0
22 0
22 0
23 0
24 0
25 0
25 0
26 0
27 0
27 0
28 0
29 0
30 0
30 0
31 0
32 0
33 0
33 0
34 0
35 0
35 0
36 0
37 0
37 0
38 0
39 0
40 0
41 0
41 0
42 0
43 0
44 0
44 0
45 0
45 0
46 0
47 0
48 0
48 0
49 2
50 1
51 1
51 1
52 0
52 1
53 2
54 2
55 2
55 5
56 3
57 4
58 4
58 4
59 3
59 6
60 3
61 4
62 4
62 5
63 7
63 6
64 5
65 8
66 9
67 8
67 9
68 10
69 9
70 9
70 10
71 9
72 10
72 9
73 8
74 9
74 6
75 8
76 9
77 8
77 9
78 8
79 8
79 8
80 7
81 7
82 9
82 8
83 8
84 8
84 9
85 8
86 8
86 8
88 9
88 10
89 9
89 9
90 8
91 8
91 9
93 8
93 8
94 8
94 9
95 9
96 7
97 9
98 7
98 8
99 8
99 8
101 8
101 10
102 9
102 9
103 9
104 9
104 8
105 9
106 9
107 9
107 9
108 11
108 9
109 9
110 9
111 10
111 9
112 10
113 9
114 11
114 10
115 11
115 11
116 11
117 12
118 11
119 11
119 11
120 10
120 11
121 12
