20 0
22 0
23 0
23 0
24 0
25 0
25 0
26 0
27 0
27 0
28 0
29 0
30 0
30 0
31 0
32 0
32 0
33 0
34 0
35 0
35 1
36 1
37 1
38 1
38 1
39 1
40 2
41 2
41 2
42 2
43 1
44 1
44 2
45 2
45 3
46 2
47 2
48 2
49 2
49 2
50 2
50 2
52 2
52 2
53 2
54 2
54 2
55 2
56 2
56 3
57 2
58 2
59 3
59 4
60 3
61 5
61 4
62 4
63 5
63 5
64 4
65 4
65 4
67 4
67 5
68 3
68 5
69 5
70 4
71 4
71 5
72 4
73 5
74 4
74 4
75 4
75 4
76 4
77 4
77 4
78 4
79 4
79 4
80 4
81 4
82 4
83 4
83 4
84 4
84 4
85 4
86 6
87 4
88 5
88 5
89 5
90 5
90 5
91 6
92 6
92 5
93 5
94 7
95 6
95 6
96 8
97 8
98 6
98 6
99 8
99 5
100 7
101 6
102 7
102 7
103 6
104 6
104 8
105 8
106 8
107 8
107 8
109 10
109 9
110 10
110 10
111 10
111 9
112 9
113 9
114 9
114 10
115 10
116 9
116 8
117 8
118 8
119 9
119 11
120 8
121 10
121 9
