20 0
22 0
22 0
23 0
24 0
25 0
25 0
26 0
26 0
27 0
28 0
29 1
30 0
30 0
31 1
31 1
32 1
33 1
34 1
34 1
35 2
36 1
36 1
37 1
38 1
39 2
40 2
40 1
41 2
41 3
42 3
43 3
44 2
44 2
45 2
46 3
46 2
47 3
48 3
48 4
49 4
50 4
50 5
51 4
52 4
52 4
53 5
54 4
54 6
55 5
56 6
57 6
57 6
58 5
59 5
60 6
60 6
61 5
62 6
62 6
63 6
64 6
65 7
65 7
66 7
67 5
67 6
68 6
69 7
69 6
70 6
71 6
72 6
72 6
73 6
74 6
74 6
75 6
76 6
76 6
77 6
78 6
79 6
79 6
80 6
81 6
81 6
82 6
83 7
83 7
84 8
85 8
85 7
86 7
87 7
87 7
89 6
89 6
90 7
90 7
91 6
92 7
92 6
93 6
94 7
95 6
95 6
96 7
97 7
97 7
98 7
99 7
99 8
100 8
101 8
102 7
102 8
103 9
104 8
104 7
105 8
106 8
106 8
107 7
108 8
109 9
109 9
110 8
111 7
112 7
112 7
113 8
114 8
114 9
115 9
116 9
116 9
117 9
118 9
118 9
119 9
120 9
120 9
121 9
122 9
