20 0
22 0
23 0
24 0
24 0
25 0
25 0
26 0
27 0
28 0
28 0
29 0
30 0
30 0
31 0
32 0
32 0
33 0
34 0
34 0
35 0
36 0
36 0
37 0
38 0
38 0
39 1
40 0
40 1
41 1
42 1
42 2
43 2
44 2
44 2
45 2
46 1
47 3
47 2
48 3
49 3
49 3
50 3
51 3
51 3
52 3
53 4
53 3
54 3
55 3
55 3
56 3
57 3
59 3
59 3
60 3
60 4
61 3
62 3
62 3
63 3
64 3
64 3
65 3
66 4
66 3
67 3
68 3
68 3
69 3
70 3
70 3
71 3
72 3
72 3
73 3
74 3
74 3
75 3
76 3
77 3
77 3
78 4
79 4
79 4
80 3
81 4
81 4
82 4
83 4
84 4
84 4
85 4
85 4
86 5
87 5
87 5
88 5
89 5
90 4
90 4
91 4
92 4
92 4
93 4
94 4
94 5
95 6
96 5
96 6
97 6
97 5
98 5
99 5
100 5
101 5
101 5
102 5
102 5
103 5
104 5
105 5
105 5
106 5
107 5
107 5
108 5
109 5
110 5
110 5
111 5
111 5
112 5
113 5
113 6
115 5
116 5
117 5
117 5
118 6
118 5
119 6
120 6
121 5
121 6
122 6
