20 0
22 0
23 0
24 0
24 0
25 0
25 0
26 0
27 0
27 0
28 0
28 0
29 0
31 0
31 0
32 0
32 0
33 0
34 0
34 0
35 0
36 1
37 1
37 0
38 1
39 1
39 1
40 1
41 1
41 1
42 1
42 1
43 1
44 1
45 2
45 2
46 2
47 2
47 2
48 2
49 2
50 2
50 3
51 3
52 3
52 3
53 3
53 3
54 3
55 1
56 3
56 2
57 2
57 3
58 3
59 4
60 4
60 4
62 5
62 6
63 5
63 5
64 6
65 6
65 6
66 6
67 7
67 7
68 7
69 6
69 7
70 7
71 7
71 6
72 7
73 7
73 7
74 7
75 7
75 7
76 7
77 7
78 7
78 7
79 7
80 7
80 7
81 7
82 7
83 7
83 7
84 7
85 7
85 7
86 7
87 7
87 7
88 7
89 7
90 7
90 7
91 7
91 7
92 7
93 7
93 7
94 7
95 7
96 7
96 7
97 7
98 7
98 7
99 7
100 7
100 7
101 7
102 7
102 7
103 7
104 7
104 7
105 7
106 7
106 7
107 7
108 7
108 7
109 7
110 7
111 7
111 7
112 7
112 7
113 7
114 7
115 7
115 7
116 7
117 7
118 7
118 7
119 7
120 7
120 7
121 7
122 7
