20 0
22 0
22 0
23 0
24 0
25 0
25 0
26 0
27 0
27 0
28 0
29 0
30 0
30 0
31 0
32 0
32 0
33 0
34 0
34 0
35 0
37 0
37 0
38 0
39 0
39 0
40 1
40 1
41 1
42 1
42 1
43 1
44 1
44 1
45 1
46 1
46 1
47 1
48 1
48 1
49 1
50 1
51 1
51 0
52 0
53 0
53 1
54 0
55 1
56 1
56 2
57 2
57 1
59 0
59 1
60 2
61 2
62 2
62 1
63 1
64 2
64 2
65 2
66 2
66 2
67 4
68 3
69 4
69 3
70 3
71 4
71 3
72 4
73 5
73 4
74 4
75 5
76 5
77 4
77 4
78 3
78 4
79 4
80 5
80 4
81 5
82 4
82 4
83 5
84 5
85 5
85 5
86 5
87 5
87 5
88 5
89 6
89 6
90 5
91 6
91 6
92 6
93 6
93 7
94 7
95 5
96 6
97 7
97 7
98 7
99 8
99 7
100 7
101 8
102 8
102 8
103 7
103 7
104 8
105 7
106 7
106 8
108 8
108 8
109 8
109 8
110 8
111 8
111 7
112 7
113 7
114 7
114 7
115 7
116 7
116 8
117 8
118 8
119 8
120 8
120 8
121 8
122 8
122 8
