20 0
22 0
22 0
23 0
24 0
25 0
25 0
26 0
27 0
28 0
28 0
29 0
29 0
30 0
31 0
31 0
32 0
33 0
34 0
35 0
35 0
36 0
36 0
37 0
38 1
39 1
39 1
40 2
41 1
42 2
42 2
43 2
44 2
45 1
45 2
46 2
47 2
47 2
48 2
49 2
49 2
50 2
51 2
52 2
52 2
53 2
54 2
54 2
55 4
56 3
56 4
57 4
58 3
59 4
59 4
60 3
61 4
62 4
63 4
63 4
64 4
64 4
65 4
66 4
66 4
67 4
68 4
68 4
69 3
70 4
71 3
71 3
72 3
72 3
73 3
74 3
74 3
75 3
76 3
76 3
77 3
78 3
79 4
79 4
80 5
81 5
82 5
82 5
83 5
84 6
84 5
85 7
86 6
86 6
87 6
88 7
89 6
90 6
90 6
91 5
92 5
93 6
94 7
94 7
95 7
95 6
96 7
97 6
97 7
98 7
100 7
100 7
101 7
102 7
102 7
103 6
104 7
104 7
105 8
106 6
107 7
107 8
108 7
109 7
110 7
110 8
111 6
112 7
112 6
113 7
113 7
114 6
115 6
116 6
117 6
117 6
118 7
119 7
119 7
120 7
120 7
121 7
122 7
123 7
