20 0
22 0
22 0
23 0
24 0
25 0
25 0
26 0
26 0
27 0
29 0
29 0
29 0
30 0
31 0
31 0
32 0
33 0
33 0
34 0
35 0
36 0
36 0
37 0
38 0
38 0
39 0
40 0
40 0
41 0
42 0
42 1
43 1
44 1
45 2
45 2
46 1
47 1
47 1
48 1
48 1
49 1
50 1
51 1
52 1
52 2
53 1
54 1
54 1
55 2
56 2
57 1
57 3
58 3
59 2
60 2
60 3
61 3
62 5
62 3
63 4
63 3
64 6
65 6
66 4
66 4
67 4
68 4
68 4
69 4
70 4
71 4
71 4
72 3
73 4
73 4
74 4
75 3
75 4
76 2
77 3
77 3
78 3
79 3
80 4
81 3
81 4
82 3
83 5
83 4
84 4
85 6
85 6
86 6
87 5
88 6
88 6
89 7
90 5
90 6
91 6
91 6
93 6
93 6
93 4
94 4
95 6
96 6
96 5
97 6
98 6
98 6
99 6
100 5
100 6
101 6
102 6
103 6
103 6
104 5
105 5
105 5
106 6
106 6
107 5
108 6
109 5
109 5
110 6
111 6
111 6
112 7
113 6
114 6
114 6
115 6
116 5
116 5
117 5
118 6
118 5
119 7
120 6
120 5
121 5
122 5
