20 0
22 0
23 0
24 0
24 0
25 0
25 0
26 0
27 0
27 0
28 0
29 0
30 0
30 0
31 0
32 0
32 0
33 0
34 0
34 0
35 1
36 0
36 0
37 0
38 1
39 1
39 1
40 1
41 1
41 1
42 1
43 1
43 1
44 1
45 1
46 3
46 2
47 2
48 2
48 3
49 3
50 3
51 3
51 3
52 3
53 3
54 3
54 3
55 3
56 3
57 3
57 3
58 2
58 3
59 3
60 3
61 3
61 3
62 3
62 3
63 3
64 3
65 3
65 4
66 3
67 3
68 3
68 4
69 4
70 5
70 5
71 3
72 4
73 4
73 4
74 8
75 6
75 5
76 6
77 6
77 7
78 5
79 5
80 6
80 6
81 5
82 6
82 6
83 6
84 5
85 6
85 8
86 6
87 7
87 7
88 7
89 8
90 7
91 7
91 9
92 8
93 8
93 8
94 8
95 7
96 8
96 7
97 7
97 7
98 8
99 9
99 8
100 9
101 10
102 8
102 10
103 10
105 8
105 9
106 9
107 10
107 8
108 8
108 9
109 8
110 10
111 9
111 9
112 9
113 9
113 9
114 8
115 9
115 9
116 9
117 9
117 9
118 9
119 8
120 9
120 8
121 8
