20 0
22 0
23 0
23 0
24 0
25 0
25 0
26 0
27 0
27 0
28 0
29 0
30 0
30 0
31 0
32 0
32 0
33 0
34 0
35 0
36 0
37 0
37 0
38 0
38 0
39 0
40 0
41 0
42 0
42 0
42 0
43 0
44 0
45 0
45 0
46 0
47 0
47 0
48 0
49 2
50 1
51 1
51 2
52 3
53 2
53 3
54 3
55 4
55 3
57 3
57 2
58 3
58 3
59 2
60 3
60 2
61 3
62 3
63 3
63 3
64 4
65 3
66 4
66 4
67 4
67 3
68 3
69 3
70 3
70 4
71 4
72 4
73 3
73 3
74 3
75 4
75 5
76 4
77 7
78 5
78 6
79 5
80 7
80 6
81 7
82 7
83 6
83 6
84 7
85 7
85 6
86 6
87 6
87 6
89 6
89 6
90 7
91 6
91 8
92 6
93 6
93 6
94 6
95 6
95 6
96 6
97 6
98 6
98 6
99 7
100 7
102 7
102 7
103 7
103 7
104 7
104 7
105 7
106 7
106 7
107 7
108 7
109 7
109 7
110 7
111 7
111 7
112 7
113 7
114 7
114 7
115 7
116 7
117 7
117 8
118 7
118 7
119 7
120 8
121 9
121 8
