20 0
22 0
23 0
23 0
25 0
25 0
25 0
26 0
27 0
27 0
28 0
29 0
30 0
30 0
31 0
31 0
32 0
33 0
34 0
35 0
36 0
36 0
37 0
37 0
38 0
39 0
39 0
40 0
40 0
41 0
42 0
43 0
43 0
44 0
45 0
45 0
46 0
47 0
47 0
48 1
49 1
49 1
50 1
51 2
51 2
52 2
53 3
53 3
54 4
55 3
55 3
56 3
57 4
58 4
58 3
59 3
59 3
60 3
61 3
62 3
62 3
63 4
63 3
64 4
65 5
66 4
66 4
67 4
68 4
69 4
69 5
70 4
71 4
71 6
72 4
72 5
73 4
74 4
75 4
75 4
76 4
77 4
78 4
78 4
79 4
79 5
80 4
81 4
81 5
82 4
83 4
84 5
84 5
85 5
86 6
86 6
87 6
87 5
88 5
89 5
90 5
90 5
91 5
92 5
92 5
93 5
94 5
95 5
95 5
96 5
97 5
97 5
98 5
99 5
99 5
100 5
101 5
101 5
102 5
102 5
103 6
104 6
104 6
105 6
106 6
107 6
107 6
108 6
109 6
109 6
110 6
111 6
111 6
112 6
113 6
113 6
114 6
115 6
115 6
116 7
117 6
118 7
118 7
119 7
119 7
120 7
121 7
122 7
