20 0
22 0
22 0
23 0
24 0
25 0
25 0
26 0
26 0
27 0
28 0
29 0
29 0
30 0
31 0
32 1
32 0
33 1
34 0
34 0
35 1
36 1
36 1
38 1
38 0
39 1
40 1
40 1
41 0
42 1
42 1
43 1
44 0
44 1
45 0
46 1
47 1
47 2
48 2
49 1
49 0
50 1
51 2
51 2
52 1
53 1
54 1
54 1
55 2
55 2
56 2
57 2
57 2
58 2
59 2
60 1
60 1
61 1
62 1
62 1
63 1
64 1
64 1
65 2
66 1
66 1
67 2
68 2
69 2
69 1
71 2
71 1
72 1
72 2
73 2
74 2
75 1
75 1
76 2
76 1
77 1
78 2
79 1
79 1
80 2
81 2
81 2
82 2
83 3
84 2
84 2
85 2
86 2
86 3
87 3
87 3
88 3
89 3
90 4
90 3
91 3
93 3
93 3
94 4
94 3
95 5
96 4
96 4
97 4
98 4
98 5
99 5
100 5
101 4
101 5
102 5
102 4
103 5
104 5
105 4
105 5
106 5
107 5
108 5
108 5
109 5
110 5
110 5
111 5
112 5
112 5
113 5
114 5
114 5
115 5
116 5
117 5
117 5
118 5
119 6
119 5
120 5
121 5
121 5
