20 0
22 0
23 0
23 0
24 0
25 0
25 0
26 0
27 0
27 0
28 0
29 0
30 0
31 0
31 0
32 0
33 0
33 1
34 1
35 1
35 1
36 1
37 2
38 1
38 1
39 2
40 2
40 2
41 2
42 2
42 2
43 2
44 3
44 2
45 3
46 4
46 3
47 4
48 4
48 4
49 4
50 3
50 5
51 4
52 4
52 3
53 4
54 3
54 4
56 7
56 8
57 9
57 8
58 8
58 9
60 9
60 7
61 8
62 8
62 8
63 7
64 6
64 8
65 8
65 8
67 8
67 8
68 8
69 8
69 7
70 7
71 6
71 6
72 6
72 6
73 6
74 7
75 7
75 6
76 6
77 5
77 7
78 5
79 8
79 7
80 7
81 7
82 8
82 6
83 8
83 8
84 7
85 7
86 8
86 8
87 8
88 8
88 8
89 7
90 8
90 7
91 8
92 7
93 8
93 7
94 7
95 8
95 7
96 7
97 7
98 7
98 7
99 8
100 8
101 7
101 8
102 8
102 8
103 7
104 7
104 8
105 8
106 7
107 8
107 7
108 7
108 7
109 7
110 7
110 8
111 7
112 6
113 6
113 6
114 6
115 6
115 7
116 8
117 7
118 8
118 9
119 8
120 9
120 9
121 10
