20 0
22 0
23 0
23 0
24 0
24 0
25 0
26 0
27 0
28 0
28 0
29 0
30 0
30 0
31 0
31 0
32 0
33 0
33 0
34 0
35 0
36 0
37 0
37 1
38 0
39 0
39 0
40 0
40 1
41 1
42 1
43 1
43 1
44 1
45 1
45 1
46 1
47 1
48 1
48 1
49 1
49 1
50 1
51 1
52 1
52 3
53 2
54 3
54 3
55 3
56 3
57 3
57 3
58 4
59 3
59 3
60 4
61 4
62 3
62 3
63 4
64 4
64 3
65 5
66 4
66 4
67 4
68 4
69 4
69 4
70 4
71 4
72 4
72 4
73 4
73 5
74 4
75 4
76 5
76 4
77 5
77 5
78 5
79 5
80 5
80 6
81 4
82 5
82 5
83 6
84 6
84 6
85 6
86 6
86 6
87 5
88 6
88 6
89 6
90 6
91 6
91 6
92 6
93 5
94 5
94 6
95 6
96 5
96 6
97 6
98 6
99 7
99 7
100 7
101 7
101 7
102 8
103 7
104 8
104 7
105 7
106 7
106 7
107 7
107 7
108 7
109 7
109 6
110 8
111 6
111 6
113 6
113 6
114 6
115 7
115 6
116 6
116 7
117 6
118 7
118 7
119 7
120 7
121 7
121 7
