20 0
22 0
23 0
23 0
24 0
25 0
25 0
26 0
27 0
27 0
28 0
29 0
30 0
30 0
31 0
32 0
32 1
33 1
34 1
34 1
35 1
35 1
36 1
37 1
38 1
38 1
39 1
39 1
40 1
41 1
42 1
42 1
43 1
44 1
45 1
45 1
46 1
47 1
48 1
48 2
49 1
50 1
50 2
51 2
52 2
52 2
53 2
53 2
54 2
55 2
56 2
56 2
57 2
57 2
58 2
59 2
60 2
60 2
61 2
62 2
62 2
63 2
64 2
64 2
65 2
66 2
67 2
67 2
68 2
69 2
70 2
70 2
71 2
72 2
72 2
73 2
74 2
75 2
75 2
76 2
76 2
77 2
78 2
78 2
79 2
80 2
80 2
81 2
82 2
83 2
84 2
84 2
85 2
85 3
86 2
86 2
88 2
88 2
89 2
89 2
90 2
91 2
92 2
92 2
93 2
94 2
94 2
95 2
96 2
97 2
97 3
98 2
99 2
99 3
100 3
100 2
101 2
102 2
103 2
103 2
104 2
105 3
105 2
106 3
107 2
107 2
108 3
109 2
109 2
110 2
111 2
112 3
112 4
113 4
113 4
114 4
115 3
116 4
116 4
117 4
118 4
119 2
119 3
120 3
121 4
122 3
