20 0
22 0
22 0
23 0
24 0
25 0
25 0
26 0
27 0
27 0
28 0
28 0
29 0
30 0
31 0
31 0
32 0
33 0
33 0
34 0
35 0
35 0
36 0
37 0
37 0
38 0
39 0
40 0
40 0
41 0
42 0
42 0
43 0
43 0
44 0
45 0
45 0
46 0
47 0
48 1
48 0
50 1
50 0
51 1
51 1
52 2
53 1
53 0
54 1
55 1
55 1
56 1
57 2
58 1
58 3
59 3
60 2
60 2
61 3
62 2
63 2
64 2
64 2
65 2
66 3
66 5
67 3
68 3
68 4
69 4
70 4
70 3
71 4
72 4
72 4
74 4
75 4
75 4
76 4
76 4
77 4
78 4
78 4
79 5
80 4
81 4
81 4
81 4
83 4
83 4
84 4
84 4
85 4
86 4
86 4
87 4
88 4
88 4
89 4
90 4
90 4
91 4
92 4
93 4
93 4
94 4
95 5
96 4
96 4
97 4
97 4
98 4
98 4
99 4
100 4
101 4
101 4
103 4
103 4
104 4
104 4
105 4
106 4
107 4
107 4
108 4
109 4
110 4
110 4
111 4
112 4
113 4
113 4
114 4
114 4
115 4
116 4
116 4
117 4
118 4
118 4
119 4
120 4
120 4
121 4
122 4
