20 0
22 0
22 0
23 0
24 0
25 0
25 0
26 0
27 0
28 0
28 0
29 0
29 0
30 0
31 0
32 0
32 0
33 0
33 0
34 0
35 0
36 0
37 0
37 0
38 0
39 0
39 0
40 0
41 0
41 0
42 0
42 0
43 0
44 0
44 0
45 0
47 0
47 0
48 0
48 0
49 1
49 0
50 1
51 0
51 1
53 2
54 1
54 1
55 1
55 2
56 1
57 1
57 1
58 1
59 2
60 2
61 1
61 2
62 1
62 1
63 2
64 2
64 2
65 2
66 2
66 2
67 2
68 2
69 2
69 2
70 2
71 2
72 2
73 2
73 2
74 2
75 3
75 3
76 2
76 2
77 3
78 3
78 3
79 3
80 4
80 3
82 3
82 4
83 3
84 4
84 4
85 4
85 4
86 4
87 4
87 4
88 4
89 4
89 4
90 3
91 3
91 3
92 3
93 3
94 3
94 3
95 3
96 3
96 3
97 3
98 4
99 3
99 3
100 3
100 3
101 3
102 3
103 3
103 3
104 3
104 3
105 3
106 3
106 3
107 3
107 3
108 3
109 3
110 3
110 3
111 3
112 3
112 3
113 3
114 3
114 3
115 3
116 3
117 3
117 3
118 3
119 3
119 3
120 3
120 3
122 3
122 3
