20 0
22 0
23 0
24 0
24 0
25 0
25 0
26 0
27 0
28 0
28 0
29 0
30 0
31 0
31 0
32 0
33 0
33 0
34 0
35 0
35 0
36 0
37 0
37 0
38 0
39 0
39 0
40 0
41 0
41 1
42 0
43 1
43 0
44 1
45 1
46 1
46 1
47 1
48 2
48 1
49 1
50 1
51 1
52 2
52 2
53 2
53 2
54 2
55 2
55 2
56 2
57 3
57 3
58 3
59 3
60 3
61 3
61 2
62 3
62 3
63 3
64 3
64 3
65 4
66 4
66 4
67 4
68 4
69 4
69 4
70 4
71 4
71 4
72 4
73 4
73 3
74 4
75 5
76 3
76 3
77 5
78 4
78 3
79 4
79 3
81 3
81 3
82 4
82 3
83 4
84 3
85 5
85 5
86 4
87 4
88 4
88 4
89 4
90 5
90 4
91 5
92 4
93 4
94 4
94 4
94 4
95 4
96 4
97 4
97 4
98 4
99 5
99 5
100 4
101 4
101 5
102 4
103 4
104 4
104 4
105 4
105 4
106 4
107 4
108 4
109 5
109 4
110 5
111 5
111 5
112 5
112 5
114 5
115 5
115 5
116 6
117 6
117 6
118 5
118 6
119 6
120 6
120 5
121 6
