17 0
21 0
22 1
24 8
25 4
27 11
28 8
29 10
31 11
33 11
34 11
35 12
37 9
38 10
39 9
41 12
42 10
44 8
46 9
47 12
48 12
50 12
51 13
52 13
54 13
56 12
57 13
58 11
59 13
61 15
62 14
64 15
65 12
67 12
68 13
70 13
71 13
72 13
74 14
75 13
77 12
78 14
79 11
81 12
83 14
84 16
85 15
86 12
88 15
91 14
91 14
93 14
94 13
96 13
97 12
99 12
100 15
102 14
103 16
104 14
106 15
107 15
109 16
110 17
111 17
113 17
114 16
115 15
117 16
119 16
120 18
122 16
123 17
125 17
126 18
127 17
128 17
129 19
131 20
133 19
134 18
135 20
137 18
138 17
139 20
141 19
142 21
144 20
145 20
147 19
