17 0
21 2
22 2
25 3
26 6
28 8
28 4
31 5
32 8
33 8
35 9
36 10
38 9
39 10
40 8
42 11
43 6
44 12
46 9
48 8
49 12
50 10
52 10
54 10
55 11
56 16
58 11
59 12
61 10
62 10
63 12
65 13
67 10
68 10
69 11
71 13
72 12
74 12
76 12
77 13
78 11
79 12
81 14
83 11
84 12
85 12
87 14
89 16
90 16
91 15
93 19
94 18
96 15
97 15
98 16
100 19
102 18
103 17
105 19
106 17
107 17
109 18
110 19
112 23
113 16
114 19
116 18
117 21
119 23
120 23
123 23
124 21
125 17
127 19
128 19
129 23
131 22
132 21
134 20
135 21
137 19
138 18
140 19
142 19
142 22
144 17
145 22
147 22
