17 0
20 0
22 4
24 4
25 6
27 6
28 7
29 7
31 8
32 6
34 7
35 9
37 8
38 10
40 8
41 9
43 8
44 14
46 8
48 14
49 11
50 9
51 12
53 16
54 14
56 11
57 11
58 12
60 15
61 15
63 14
64 15
66 12
67 11
68 10
70 9
71 10
74 12
75 10
76 12
78 13
79 12
80 12
82 13
83 12
84 12
86 13
88 13
89 14
90 13
92 10
94 11
95 13
97 13
98 11
99 8
101 10
102 9
103 8
105 10
106 12
108 10
109 13
110 13
112 11
113 9
115 10
116 10
118 10
119 12
120 9
122 12
124 9
125 13
126 13
128 12
130 16
131 18
133 14
134 16
136 14
137 13
139 12
140 17
141 15
142 12
144 15
145 14
146 15
