17 0
21 2
22 5
24 5
25 6
27 6
28 4
30 6
32 8
33 8
34 13
36 9
37 6
38 10
40 9
41 9
43 10
44 11
46 12
47 11
48 11
50 15
51 12
53 11
55 11
55 12
57 15
58 9
60 14
61 15
63 12
65 10
66 12
67 12
69 12
70 11
71 12
72 13
74 13
76 14
77 12
78 12
80 11
82 13
83 12
84 13
85 10
87 12
88 12
90 11
92 10
93 11
94 10
95 12
97 8
99 11
100 10
101 10
103 11
104 9
106 10
108 11
109 10
110 12
111 10
113 12
114 11
115 12
117 12
118 12
120 12
121 15
123 13
124 14
126 16
127 16
129 14
130 15
132 16
133 14
134 13
136 13
137 13
139 12
140 13
142 14
143 12
145 13
147 13
