17 0
20 3
22 1
24 5
25 4
27 3
28 4
30 7
31 3
32 5
34 7
36 5
37 10
39 8
40 9
42 8
43 13
45 10
46 11
48 9
50 12
51 13
52 12
54 14
55 10
57 12
58 11
59 15
60 12
62 13
63 15
65 12
66 14
68 12
69 14
71 13
73 11
74 12
76 15
77 11
79 11
80 13
81 12
83 13
85 14
86 11
88 10
90 12
90 13
92 13
93 16
95 14
96 12
98 13
99 14
100 14
102 14
103 16
104 16
106 16
107 12
109 11
110 15
112 13
113 12
115 10
117 12
118 13
120 13
121 12
122 14
124 15
125 14
127 13
128 14
130 12
131 13
132 14
134 14
136 18
137 14
138 15
139 14
141 16
142 13
144 17
146 16
