17 0
21 1
22 2
24 4
26 7
27 3
29 6
30 6
31 5
33 5
35 9
36 5
38 7
39 8
41 9
42 7
43 8
45 10
46 11
48 12
50 8
51 15
52 11
54 11
55 10
57 15
58 11
60 16
61 13
63 14
64 15
66 14
68 15
69 16
70 13
72 14
74 13
75 14
77 13
79 15
81 19
82 20
83 17
84 16
86 17
87 18
89 23
90 17
92 21
94 15
95 18
96 18
98 22
99 23
101 24
102 23
104 20
105 18
107 24
108 21
110 16
112 15
113 21
114 24
116 22
117 25
119 20
120 20
122 25
124 27
125 27
126 27
128 24
129 31
131 24
132 32
134 28
136 26
138 21
139 28
140 25
142 22
143 24
145 22
146 28
