17 0
20 2
22 2
24 4
25 4
27 2
28 5
30 7
31 4
33 7
33 6
35 8
37 6
38 8
39 6
41 7
43 8
44 5
45 5
47 10
48 8
49 9
51 10
52 10
54 11
56 10
57 11
59 11
60 10
62 9
63 10
64 12
65 11
67 12
68 11
70 10
72 15
73 16
75 16
76 15
77 17
79 17
80 18
81 19
83 16
84 21
86 18
87 15
89 16
90 17
92 19
93 20
94 18
96 19
98 19
99 21
101 18
102 21
104 21
105 18
107 18
108 19
110 22
111 20
112 22
113 18
115 22
116 23
118 19
119 24
121 21
122 22
124 21
125 22
126 20
128 19
129 17
131 18
132 17
133 18
135 18
136 15
138 16
139 17
141 21
142 19
144 17
145 17
147 16
