17 0
21 0
22 5
24 6
25 4
27 7
28 9
30 11
31 13
32 13
34 15
36 16
37 14
38 12
40 13
41 16
43 13
44 12
45 11
47 15
48 12
50 13
51 11
53 12
54 13
55 11
56 13
58 13
60 12
61 13
63 10
64 10
65 9
67 11
69 10
70 14
71 13
73 14
74 12
75 13
77 14
79 15
80 14
81 12
82 13
84 13
85 14
87 14
88 15
90 14
91 13
92 14
94 16
95 16
97 15
98 15
100 16
101 17
103 14
105 14
105 16
107 17
108 13
110 14
111 15
113 19
114 14
115 14
117 15
118 15
120 15
122 19
123 13
125 16
126 17
127 17
129 13
130 13
131 18
133 17
134 16
135 14
137 16
139 13
140 16
142 16
143 16
144 15
147 16
