17 0
20 3
22 2
23 4
25 6
26 6
28 8
30 7
32 10
33 8
34 10
35 9
37 9
38 11
40 12
42 10
43 10
45 6
46 9
48 10
49 10
51 12
52 14
53 14
55 12
56 14
57 14
59 11
61 11
62 15
63 10
65 10
67 13
68 11
69 10
71 11
72 8
74 12
75 12
77 10
78 10
79 11
81 12
83 13
84 12
85 10
87 12
88 13
90 13
91 9
93 17
94 16
95 20
97 15
99 14
100 13
101 16
103 16
105 12
106 13
107 13
108 12
111 16
112 16
113 14
115 16
117 15
118 15
119 21
120 18
122 18
123 18
125 16
127 17
129 16
130 20
131 15
132 14
133 21
135 17
137 18
139 19
140 19
141 20
142 18
144 15
145 18
147 19
