17 0
20 1
22 2
24 2
25 3
27 5
28 4
30 7
31 5
33 6
34 6
35 4
38 5
38 6
39 11
41 8
42 12
44 9
45 12
47 14
48 13
50 12
51 11
52 9
54 9
56 12
58 14
59 13
60 15
61 13
63 16
65 14
66 10
68 13
69 13
70 16
72 15
73 15
74 15
76 16
77 15
79 14
81 14
82 15
83 17
85 18
86 18
88 16
89 15
91 16
92 15
94 14
95 16
96 18
98 15
99 17
100 18
102 19
103 18
104 18
106 17
107 21
109 19
111 21
112 19
114 19
116 18
116 19
118 23
119 21
121 17
122 19
124 17
125 19
126 20
128 21
129 19
131 17
132 20
134 18
135 17
136 18
138 18
140 18
141 14
142 16
144 14
145 17
147 14
