17 0
20 4
23 1
24 5
25 3
27 6
28 9
30 8
31 7
33 9
34 8
36 10
37 7
39 5
40 11
42 9
43 11
44 11
46 10
47 8
49 9
51 10
52 10
53 14
55 16
56 13
58 13
59 15
61 19
62 17
64 18
65 17
67 15
69 13
70 15
71 14
73 15
74 14
76 13
77 15
79 12
81 17
82 16
83 16
85 12
86 17
87 15
89 12
91 14
92 15
93 17
95 16
96 23
99 24
100 19
101 19
103 17
105 17
106 17
108 15
109 18
110 16
111 17
113 18
115 19
116 17
118 20
119 19
120 19
122 22
123 23
125 21
126 24
128 21
129 22
131 21
132 20
134 25
135 20
137 24
138 21
140 23
141 23
143 22
144 23
145 23
