17 0
20 3
23 2
24 2
25 3
27 4
28 3
30 7
31 6
32 5
34 8
35 5
36 6
38 6
39 8
41 13
42 10
44 12
45 12
47 13
48 11
50 12
51 10
53 13
54 11
55 8
57 10
58 11
60 12
62 12
63 15
65 13
65 14
67 13
69 14
69 12
71 15
72 13
74 13
75 11
77 11
79 11
80 10
81 10
83 11
84 10
86 13
86 11
88 13
89 11
91 14
92 15
94 13
95 13
97 13
99 13
99 12
101 14
103 14
104 12
105 13
107 14
108 13
110 16
111 13
113 11
114 16
116 12
117 15
118 16
121 13
121 16
123 14
124 13
126 14
127 13
128 15
130 12
131 13
133 15
134 15
136 17
137 15
138 16
140 19
142 16
144 18
145 16
147 16
