17 0
20 2
23 2
24 6
25 5
27 8
28 9
29 6
30 7
32 9
34 8
35 11
37 7
38 9
40 11
41 8
42 6
43 8
45 9
46 6
48 8
50 11
51 7
52 7
54 8
55 9
57 12
58 7
60 10
61 14
62 11
64 11
65 10
66 12
68 9
70 13
72 9
73 10
74 11
76 11
77 12
78 13
79 13
81 12
82 16
84 13
85 12
86 14
88 13
89 13
91 13
93 13
94 14
96 15
97 14
99 13
100 13
102 15
103 12
104 16
106 14
107 13
109 14
110 12
111 14
113 14
115 12
115 13
117 13
119 13
121 13
122 16
123 16
124 15
126 16
128 14
129 16
130 15
131 13
132 14
134 13
136 13
137 13
138 12
140 13
141 13
142 15
145 16
146 14
147 14
