17 0
21 1
22 2
24 6
25 3
27 6
28 6
30 1
31 4
33 5
34 4
36 9
37 6
38 7
40 5
41 7
43 8
45 8
46 6
47 8
49 9
51 11
52 12
54 8
55 9
56 9
58 8
59 11
61 12
62 10
63 14
65 15
67 10
68 12
70 10
71 10
72 12
74 11
76 17
77 14
78 13
80 12
82 13
83 16
85 14
87 14
88 13
89 14
91 12
92 12
93 14
95 16
97 14
98 14
99 16
101 17
102 15
104 17
106 15
107 12
109 12
110 19
111 13
113 12
114 14
116 17
117 18
119 14
120 13
122 10
123 15
125 19
126 18
128 15
129 15
131 17
132 19
134 17
135 15
137 7
139 14
140 13
141 11
142 11
144 14
145 16
