17 0
21 1
22 3
24 3
25 2
26 5
28 10
30 5
31 6
33 3
34 6
36 6
37 7
39 6
40 4
41 5
43 6
44 6
46 10
47 11
49 6
50 8
51 6
53 9
54 14
57 11
57 14
59 12
61 10
62 16
64 16
64 16
67 16
68 18
69 16
71 20
72 18
74 17
75 22
77 16
78 22
80 18
81 21
83 20
84 22
86 16
87 18
88 19
90 20
92 17
93 19
95 20
96 19
97 18
99 21
100 24
102 22
103 21
105 22
106 25
107 21
110 16
111 19
113 19
114 17
115 21
117 18
119 19
119 19
121 19
123 20
124 18
126 18
128 18
129 21
130 17
132 15
133 20
134 21
136 17
138 16
139 19
140 19
142 21
143 21
145 20
146 23
