17 0
20 2
22 0
24 6
26 2
27 4
28 9
29 8
31 8
32 6
34 5
35 10
37 6
38 9
40 11
41 11
42 12
44 11
45 11
46 9
48 13
49 13
51 15
53 18
54 15
55 12
57 16
58 14
60 14
61 13
63 13
64 16
65 16
67 14
68 14
70 14
71 14
73 14
74 14
75 14
76 16
78 13
80 14
81 13
83 14
84 14
85 12
87 15
88 16
89 17
91 15
92 14
94 15
95 14
97 15
98 14
99 14
101 16
102 16
104 15
106 14
108 13
109 14
110 15
111 13
112 13
114 13
115 14
117 13
118 13
120 14
121 15
123 15
124 14
126 14
127 15
129 14
130 15
131 14
133 15
135 14
136 17
137 17
138 17
140 16
141 15
142 15
144 16
146 21
