17 0
20 3
22 1
24 3
25 5
27 6
28 4
30 7
31 7
32 4
34 9
36 8
37 10
38 12
39 7
41 9
43 12
44 13
45 9
47 10
48 11
50 13
51 12
53 15
55 13
56 13
58 14
59 14
60 13
61 13
63 16
64 15
66 13
67 15
69 14
70 15
71 14
73 18
74 13
76 13
77 15
79 15
80 13
82 15
83 14
85 16
87 17
88 17
89 13
91 12
93 15
94 15
95 16
96 16
98 16
100 19
101 17
102 18
104 16
105 15
107 18
108 16
109 15
112 18
112 14
113 15
115 17
117 14
118 15
120 17
121 16
122 14
124 14
125 17
126 17
128 16
130 18
131 19
133 20
134 20
135 17
137 18
139 19
140 20
141 20
143 19
145 20
146 20
