17 0
21 1
23 4
25 7
25 7
27 8
28 9
30 9
31 9
33 12
34 12
36 10
37 10
39 11
40 13
41 12
42 11
44 10
46 11
47 13
49 11
50 13
51 13
52 11
54 14
56 10
57 14
58 9
60 14
61 10
63 14
65 12
66 14
67 14
68 11
70 11
71 15
73 13
74 16
76 19
77 19
79 17
80 16
82 15
83 15
85 16
86 14
87 16
88 16
90 16
92 15
93 17
95 17
96 17
97 17
99 17
100 12
101 17
103 16
104 18
106 15
108 17
109 15
111 13
113 15
114 15
115 14
116 12
117 14
119 12
121 15
122 14
124 15
125 13
127 14
127 13
129 13
132 12
132 12
133 11
135 13
136 16
138 14
140 13
141 14
142 15
144 14
145 14
146 14
