17 0
21 0
22 3
24 2
25 4
27 3
28 5
29 6
30 8
32 9
34 11
35 11
37 11
38 12
40 11
41 11
43 12
45 10
46 10
47 12
49 12
50 14
51 14
52 13
54 13
55 11
57 14
58 13
60 12
61 16
62 11
65 15
66 14
67 16
69 15
70 16
71 13
72 15
74 17
75 13
76 14
78 17
79 15
81 14
82 14
84 18
85 15
87 17
88 16
90 18
91 16
92 16
95 18
95 17
97 15
98 13
100 15
101 13
102 18
103 17
105 16
106 17
108 16
110 15
111 17
112 16
114 17
116 16
117 18
118 17
119 19
121 19
122 16
124 17
125 17
126 17
128 15
130 15
131 15
132 14
133 13
135 14
136 14
138 13
139 15
141 14
143 15
144 12
146 15
