17 0
21 1
22 1
24 3
25 1
27 6
29 4
30 3
32 5
33 3
34 7
36 5
37 10
39 8
40 10
41 8
43 10
44 8
45 10
47 10
49 10
50 11
52 12
53 10
54 15
56 11
58 15
59 13
61 12
62 11
63 9
64 10
66 11
68 11
69 12
70 12
72 12
74 12
75 12
76 16
78 16
79 17
80 14
82 14
83 20
85 17
86 15
88 17
89 17
91 15
93 15
93 13
95 13
96 12
99 12
100 13
102 12
103 17
104 13
106 13
107 10
109 13
109 12
111 12
113 14
114 12
115 13
117 14
119 16
121 14
122 13
123 14
124 13
126 19
127 15
128 17
130 17
132 20
133 17
134 19
136 15
137 15
139 15
140 12
142 16
143 14
145 17
146 18
