17 0
21 2
22 0
24 4
25 6
27 7
28 8
30 4
32 1
32 4
34 8
36 9
37 6
38 7
40 12
41 14
43 12
45 14
46 10
47 7
49 10
51 6
52 13
54 9
55 11
57 9
58 10
59 12
61 15
62 12
64 12
65 14
66 10
68 10
70 14
70 15
72 17
74 14
75 14
77 12
78 18
80 14
82 14
83 18
84 18
86 19
87 19
89 17
90 18
91 15
93 15
94 17
96 15
97 19
99 19
100 16
102 18
103 19
105 21
106 17
108 20
109 19
110 21
112 18
113 18
115 17
116 27
118 20
119 22
121 18
123 20
124 23
126 19
127 21
128 20
129 20
131 18
132 19
134 17
135 19
137 23
138 19
140 19
142 22
142 22
144 22
146 20
