17 0
21 3
23 2
24 2
25 3
27 6
28 7
30 8
32 7
34 10
34 8
36 11
37 9
39 10
39 11
42 12
43 11
44 8
46 13
47 12
48 10
50 9
51 7
52 9
54 11
56 12
57 10
58 11
59 15
61 10
63 7
64 11
65 12
66 14
68 10
69 13
71 12
72 13
74 13
75 13
77 13
78 10
80 11
80 15
83 14
84 15
85 13
87 13
88 13
89 15
90 14
92 13
94 13
95 13
96 12
99 12
99 13
101 12
102 12
103 14
105 14
106 12
107 14
109 13
110 13
112 13
114 11
115 13
116 14
118 10
119 12
120 13
122 13
124 13
125 13
126 12
128 13
129 15
130 15
132 14
133 12
135 12
136 13
137 14
138 14
140 13
142 14
143 12
145 12
146 13
