17 0
21 2
23 1
25 3
26 5
27 5
28 8
30 7
31 11
32 7
34 10
35 8
37 10
38 10
40 10
41 14
43 13
44 15
45 15
47 13
49 14
50 14
51 14
53 12
54 11
55 11
57 10
58 10
59 14
61 12
62 10
64 12
65 11
67 10
68 11
69 12
71 13
73 11
74 12
75 11
77 10
78 10
80 8
81 10
83 10
84 9
86 11
87 9
88 9
90 10
91 11
92 11
94 11
96 12
97 9
99 11
100 12
102 13
103 12
105 11
106 10
107 11
108 13
110 10
112 9
115 9
115 9
117 9
117 9
118 13
120 10
122 11
123 12
125 11
126 9
128 12
129 11
130 13
132 13
133 13
134 15
136 11
137 11
139 11
141 11
142 9
143 12
144 11
146 9
