17 0
21 1
23 1
24 3
26 3
26 3
28 7
29 7
31 10
33 9
34 12
36 13
37 12
39 14
40 13
41 14
42 17
44 13
46 12
47 11
49 12
51 13
52 11
53 11
54 10
56 11
57 16
58 11
60 13
62 12
63 14
64 13
66 12
67 12
68 11
70 13
72 10
73 12
74 10
76 11
77 9
79 10
80 12
81 10
83 8
84 14
86 14
87 12
89 12
89 15
91 15
93 12
94 17
95 11
97 13
98 13
100 12
102 12
103 12
104 15
106 14
107 11
109 12
110 12
112 12
113 12
114 14
116 15
117 18
119 15
120 14
121 15
123 14
124 12
125 14
127 15
129 17
130 15
132 19
133 18
134 16
136 17
137 18
139 16
140 16
142 17
143 17
145 18
146 19
