17 0
21 4
22 5
24 3
25 4
26 3
29 2
30 3
32 6
32 7
34 8
35 10
37 5
38 13
39 8
41 10
42 11
44 10
46 14
47 13
48 11
50 15
51 18
53 16
54 13
56 14
57 13
58 13
60 15
62 14
63 14
64 15
66 13
67 16
68 13
70 20
71 18
73 18
75 22
76 17
77 16
79 15
80 18
81 14
83 13
85 17
86 14
87 15
88 16
90 14
92 15
93 17
94 16
96 17
97 18
99 16
100 17
102 18
103 15
104 15
106 14
107 16
109 18
110 16
111 19
113 16
115 16
116 21
117 19
119 19
120 21
122 21
124 22
125 19
126 21
128 20
129 23
131 25
132 23
133 24
135 21
136 22
137 20
139 23
141 21
142 21
143 21
145 22
146 20
