17 0
21 2
22 2
24 5
25 6
26 5
28 8
29 6
31 6
33 10
34 11
36 9
37 11
38 9
41 9
42 9
44 12
44 12
46 13
47 12
49 14
50 11
52 16
54 10
55 14
56 13
58 11
59 11
61 11
62 12
64 15
65 15
66 13
68 10
70 10
71 17
73 19
74 16
76 15
77 17
78 17
80 17
82 17
84 20
85 14
86 17
88 13
89 18
90 13
92 18
94 14
95 16
96 16
98 21
99 19
101 13
102 17
104 19
105 17
107 19
108 17
110 19
111 22
113 21
114 18
116 22
117 17
119 22
121 20
122 26
123 26
125 19
126 22
128 20
129 22
131 22
132 25
133 19
135 21
136 24
138 22
139 31
141 28
142 25
144 25
146 28
146 26
