17 0
20 1
22 2
24 8
25 3
27 8
28 10
29 3
31 5
32 7
34 7
35 6
37 8
38 7
39 12
41 7
43 8
44 11
45 8
47 9
48 11
50 9
51 9
53 10
54 10
55 12
57 13
58 13
60 16
61 13
62 12
64 12
65 13
67 13
68 17
70 15
71 16
73 14
74 13
75 15
77 16
78 13
80 13
81 16
82 15
84 15
85 12
87 13
88 12
90 14
91 14
93 15
94 16
96 15
98 16
99 15
100 16
102 16
103 15
104 17
106 17
108 19
108 16
110 16
111 14
113 16
114 16
116 16
117 15
118 16
120 14
121 15
123 18
124 17
126 17
127 14
129 15
130 15
131 18
133 14
134 17
136 13
137 19
139 14
140 18
141 14
143 19
144 18
146 18
