17 0
21 5
22 3
24 5
25 3
27 6
28 5
29 10
31 7
32 5
34 8
35 8
37 6
38 6
40 8
41 9
43 8
44 8
45 9
47 11
49 9
50 11
51 9
52 12
55 10
56 8
57 10
58 11
60 13
61 11
62 9
64 9
65 10
67 7
68 10
70 11
71 9
72 12
74 13
75 13
76 13
78 15
79 14
81 14
83 13
84 18
86 16
86 17
88 16
90 17
91 16
92 17
93 13
95 15
96 16
98 15
99 14
101 15
102 15
104 17
106 13
106 14
108 13
109 13
110 13
112 13
114 13
115 11
116 12
118 13
119 14
120 14
122 12
123 11
125 13
126 11
128 13
129 13
130 12
132 13
134 11
135 14
136 14
137 12
139 13
140 13
142 13
143 14
145 13
146 14
