17 0
20 1
22 1
24 9
25 4
27 5
28 9
30 11
31 8
32 8
34 9
35 8
37 7
38 9
40 10
41 12
42 7
44 11
45 11
47 9
48 16
50 10
52 14
53 12
54 14
56 16
57 11
59 15
60 12
62 13
63 11
64 9
66 15
67 15
69 13
70 13
72 15
74 13
75 14
76 17
78 19
79 18
81 17
82 17
83 22
86 18
86 19
88 15
89 14
91 16
92 19
94 14
95 15
96 15
98 14
99 15
101 19
102 16
104 17
105 20
107 17
108 19
110 16
111 17
112 16
114 14
116 18
117 17
119 18
121 18
122 17
124 18
125 15
126 19
128 17
129 16
130 17
132 16
134 18
135 18
136 18
138 17
139 18
141 14
142 17
144 16
145 18
146 16
