17 0
21 1
22 2
24 4
26 2
27 4
28 3
29 5
31 4
33 4
34 3
36 5
37 4
38 3
40 7
42 5
43 5
44 4
46 9
47 9
48 11
50 12
52 8
53 9
55 9
56 8
58 8
59 14
61 13
62 13
63 16
65 14
66 13
68 14
69 13
70 11
72 15
73 12
76 14
77 14
78 11
79 16
81 16
83 18
84 16
85 17
87 18
88 18
90 15
91 17
93 20
94 21
96 22
97 21
99 24
100 22
102 20
103 19
104 19
106 22
107 24
109 22
111 24
113 26
113 24
115 25
116 24
118 25
119 23
121 22
122 18
123 21
126 21
126 21
128 19
130 21
131 20
133 23
134 23
136 23
137 25
138 22
140 23
142 24
143 22
144 23
146 25
