17 0
21 4
22 0
24 3
25 3
27 3
28 3
30 2
31 3
33 1
34 9
36 5
38 4
39 6
41 4
42 4
44 8
45 7
47 6
48 1
50 10
51 9
53 9
54 4
56 7
57 5
59 8
60 9
62 9
64 6
65 8
67 12
68 10
70 7
71 9
72 10
74 13
76 13
77 12
79 10
80 10
82 15
83 12
85 18
87 15
88 12
89 16
91 11
92 14
94 12
96 14
98 9
99 12
100 14
102 16
103 21
105 18
106 19
108 16
109 20
111 17
112 16
114 20
115 23
117 23
118 22
120 25
122 21
123 19
125 18
126 19
127 21
129 25
131 17
133 20
134 24
136 21
137 18
138 23
139 28
141 20
143 19
144 23
146 26
148 23
