17 0
20 0
22 2
23 5
26 6
26 6
28 8
30 3
31 5
32 6
34 5
35 7
37 8
38 10
39 7
42 9
43 8
44 11
45 10
47 11
48 12
50 12
51 12
52 10
54 12
55 11
57 12
59 12
60 10
61 10
63 10
64 13
65 15
67 13
68 14
70 16
71 16
72 15
74 16
76 17
77 16
78 16
80 22
81 21
83 21
85 16
86 19
88 23
89 22
90 20
91 18
93 18
95 15
97 21
98 24
100 19
101 22
102 20
103 21
105 20
106 23
108 24
109 23
110 17
112 27
113 21
115 20
116 21
118 21
119 21
121 21
122 20
123 21
125 18
126 23
128 19
129 20
131 21
132 18
134 17
135 19
136 16
138 19
140 18
141 20
143 17
144 17
145 21
