17 0
21 0
22 1
24 4
26 0
27 3
28 6
30 3
31 4
33 9
35 2
36 5
38 5
39 5
41 8
42 6
44 6
45 3
47 5
49 4
50 9
51 6
53 11
54 10
56 17
57 12
59 8
61 12
63 14
64 10
65 10
67 11
68 8
70 15
71 16
73 12
74 14
76 14
77 17
79 15
80 18
82 14
83 10
85 11
87 18
88 17
89 15
91 13
93 14
94 14
95 11
97 16
98 16
100 18
102 17
103 20
105 16
107 16
108 21
109 26
111 24
112 19
114 23
115 22
117 23
119 26
120 19
121 22
123 24
124 25
126 23
128 23
129 26
130 27
132 26
133 31
135 31
137 27
139 28
140 23
142 27
143 24
145 28
146 29
