17 0
21 4
22 3
24 5
25 5
27 8
28 8
30 8
31 9
32 8
34 12
35 15
37 15
39 13
40 13
41 11
42 13
43 15
45 15
47 14
49 14
50 12
51 15
53 18
54 14
55 14
57 15
58 14
60 13
61 12
62 11
64 10
65 12
66 11
68 10
69 10
71 12
72 11
74 13
75 12
77 13
78 12
80 16
81 13
83 16
84 14
85 18
87 14
88 18
89 16
91 15
92 15
93 19
95 17
96 18
98 18
100 16
100 18
102 18
103 17
105 17
106 18
108 17
109 13
110 16
112 17
114 17
116 17
118 17
118 15
119 18
121 18
122 20
124 18
125 21
127 18
128 19
130 19
131 18
132 18
133 20
135 18
136 15
137 17
139 18
140 18
142 17
144 17
145 16
