17 0
20 5
22 1
24 2
25 2
27 2
28 4
29 3
31 5
32 6
34 7
35 10
37 9
38 10
40 9
41 13
42 13
44 15
46 10
47 12
48 14
49 13
51 14
52 13
54 17
55 16
57 17
58 16
59 13
61 17
62 16
64 17
65 15
67 16
68 16
69 15
72 14
73 13
74 16
76 14
77 14
79 14
81 14
81 12
82 11
84 10
85 11
86 12
88 10
89 10
91 11
92 11
94 9
95 10
97 11
98 12
100 14
102 12
103 13
104 12
105 11
107 13
108 15
110 13
111 13
113 14
114 13
115 12
117 10
118 11
119 12
121 13
122 10
124 10
125 10
126 11
128 10
129 11
131 10
132 11
134 11
135 10
137 11
138 9
140 8
141 10
142 10
144 10
145 9
146 9
