17 0
20 2
22 3
24 6
25 7
26 6
28 4
30 8
32 7
33 7
34 6
36 6
37 8
39 9
41 8
42 5
43 9
45 8
46 9
48 11
49 11
51 10
51 10
53 9
54 11
56 8
57 8
59 10
60 7
62 11
63 10
64 14
66 13
67 11
69 11
70 12
71 11
73 13
74 14
76 14
77 16
79 13
80 14
82 15
83 12
85 15
86 11
88 14
89 11
91 9
91 14
93 13
95 12
96 11
97 11
98 12
100 10
101 12
103 9
104 9
105 8
107 8
108 8
110 7
111 8
112 9
115 10
116 11
117 10
118 12
120 11
121 10
123 11
124 10
125 11
127 12
128 8
130 8
131 10
132 8
134 8
135 8
137 10
138 9
140 9
141 9
143 8
144 9
145 8
147 8
