17 0
21 2
22 1
24 5
25 6
27 6
28 6
30 9
31 6
33 13
34 8
35 6
37 8
38 10
40 8
41 8
43 14
44 9
46 13
47 14
48 15
50 17
51 15
53 16
54 19
55 16
57 16
58 19
60 15
61 21
63 19
65 14
66 21
68 20
69 16
70 13
72 18
73 16
74 14
75 12
77 14
78 14
80 15
82 16
83 15
84 17
86 15
88 15
88 21
90 21
91 19
93 18
95 26
97 18
98 18
98 18
100 22
101 17
103 19
105 21
106 18
108 19
109 19
111 19
112 21
114 20
115 20
117 19
118 16
119 19
120 19
122 18
124 16
125 21
126 16
128 20
129 20
130 18
132 19
134 19
135 19
137 15
138 17
139 19
140 19
142 19
144 18
145 22
146 17
