17 0
20 4
22 2
24 4
25 4
27 4
28 4
29 6
31 9
32 10
34 10
35 13
37 10
38 10
40 15
42 14
44 18
45 16
46 17
47 16
48 15
50 15
52 15
53 16
55 15
56 18
58 15
59 16
60 16
61 15
63 14
64 15
66 16
68 14
69 15
71 19
72 19
74 19
75 16
76 16
78 19
79 19
81 15
82 16
83 22
85 21
86 18
88 19
89 17
91 16
93 19
93 18
95 17
96 19
98 16
100 16
101 15
102 17
103 19
105 20
106 15
108 16
110 18
110 17
112 16
113 15
115 18
116 18
118 17
120 18
121 19
123 22
125 22
126 21
127 18
128 18
129 19
131 17
133 20
134 17
135 21
137 18
138 17
140 19
141 16
143 20
144 19
146 17
146 18
