17 0
21 3
22 2
24 3
25 1
27 2
28 2
30 3
32 3
33 4
35 1
37 6
38 2
39 5
41 6
43 4
44 7
46 7
47 7
50 10
51 9
52 6
54 9
55 11
57 10
58 10
59 8
61 13
62 13
64 7
65 12
67 12
69 16
70 15
71 13
73 12
74 10
77 11
79 12
80 13
81 15
83 14
84 19
85 14
87 13
89 13
90 16
92 17
94 15
95 17
96 14
98 16
99 20
101 19
103 17
104 14
106 16
107 21
108 16
110 22
112 16
113 20
115 19
116 18
118 14
119 20
121 17
122 20
124 16
125 14
127 16
128 17
130 19
131 15
133 15
134 18
136 21
137 14
139 15
140 16
142 19
143 20
146 26
146 17
