17 0
21 1
22 4
24 4
25 4
27 4
29 2
30 4
32 5
33 2
34 3
36 2
38 4
39 3
40 9
42 8
43 4
46 6
47 6
48 6
50 7
51 6
53 11
55 5
56 10
58 8
59 12
60 7
62 10
64 11
65 8
67 8
69 11
70 13
71 14
73 11
74 12
75 12
77 14
79 9
81 13
82 13
83 18
85 14
86 14
88 15
89 18
91 19
92 17
94 17
96 22
97 20
99 29
100 15
101 21
103 18
105 17
106 20
108 18
109 13
111 16
112 20
114 19
116 24
117 17
119 23
120 24
122 27
123 22
125 23
126 25
128 22
130 18
132 22
133 18
134 18
136 24
137 26
139 23
140 28
142 25
143 34
144 26
147 27
