17 0
20 0
22 4
24 3
27 6
27 5
28 9
30 10
31 8
32 11
34 11
35 11
37 11
38 13
39 10
41 16
43 15
45 12
45 14
47 17
48 16
50 15
51 17
52 14
54 17
55 17
57 16
58 14
60 13
62 13
63 13
64 13
66 14
67 16
68 17
69 13
71 13
72 15
74 15
75 11
77 15
78 15
80 15
81 13
82 13
83 10
86 13
86 12
88 13
90 13
91 16
92 12
94 13
95 14
97 14
98 15
100 14
101 16
102 14
104 14
105 14
107 14
109 13
110 16
111 12
113 14
114 14
115 15
118 15
118 15
120 16
121 16
123 13
124 17
126 14
128 13
128 15
130 13
131 13
132 12
135 14
135 13
137 13
138 13
140 13
141 14
143 14
144 13
146 12
147 13
