17 0
21 4
23 4
24 2
25 4
27 5
29 6
30 9
31 7
32 7
34 8
35 8
37 7
39 8
40 6
41 9
43 7
44 9
45 12
47 10
49 11
50 11
51 10
53 9
54 11
56 10
57 9
58 9
60 10
61 14
63 13
64 14
65 14
67 11
68 14
69 13
71 11
72 12
74 11
75 10
77 10
78 11
80 11
81 11
82 14
84 13
85 11
87 13
88 14
90 14
91 13
92 14
94 11
96 13
97 13
98 15
99 14
101 14
102 14
105 12
106 14
107 12
108 17
109 14
112 17
112 15
114 18
116 16
117 14
118 17
119 15
121 16
123 15
124 15
125 16
127 16
128 16
130 15
131 17
133 15
134 17
136 14
136 14
138 16
140 14
141 15
142 15
144 14
145 14
146 13
