17 0
20 3
22 1
23 5
25 5
27 6
28 4
30 3
31 3
33 5
35 5
37 6
39 8
39 6
41 14
42 6
43 10
44 6
46 7
47 5
49 9
50 9
52 9
53 8
55 9
57 9
58 9
60 10
61 12
63 11
64 13
65 14
67 8
68 13
70 13
71 16
73 13
74 14
76 13
77 11
79 13
80 12
82 14
83 17
84 13
86 13
87 14
89 20
90 17
92 15
94 22
95 14
96 14
98 15
100 17
101 21
103 17
104 20
106 17
107 21
108 19
110 17
112 19
113 18
115 21
116 17
117 18
119 22
120 22
122 19
123 22
124 23
126 26
128 22
130 25
131 26
132 23
133 26
135 26
136 26
138 25
140 25
142 27
143 30
144 29
145 30
