17 0
20 4
22 2
24 4
25 2
27 2
28 4
30 6
31 4
33 5
34 7
36 4
37 7
38 8
40 9
42 7
43 6
45 8
46 8
47 8
49 11
50 9
52 10
54 12
55 11
57 10
58 9
59 9
61 9
62 10
64 11
65 15
67 13
68 13
70 13
72 15
73 13
74 12
75 12
77 15
78 16
80 13
82 13
83 16
85 14
86 12
87 16
89 13
90 12
92 14
93 20
94 18
96 17
97 19
100 18
101 18
102 18
104 16
105 24
107 21
108 18
110 22
111 18
113 20
114 22
115 21
117 27
119 20
120 17
122 22
123 19
125 22
126 23
128 20
129 17
131 22
132 22
133 21
135 19
136 23
138 23
139 22
141 24
143 22
144 22
145 20
