17 0
21 0
22 3
24 4
25 5
26 5
28 7
29 7
30 5
32 6
34 6
35 9
37 6
38 8
39 7
40 6
43 7
44 7
45 11
46 7
48 11
49 9
51 10
52 14
53 12
55 9
56 12
58 7
59 10
61 14
62 13
64 12
65 15
66 14
67 17
69 14
70 13
72 12
73 11
75 10
76 12
77 13
79 12
81 10
82 9
83 9
84 8
86 9
88 8
89 9
90 9
92 10
93 10
94 12
96 12
98 9
99 12
101 13
103 12
104 13
106 10
108 10
108 11
110 10
113 11
113 11
115 10
116 10
117 10
118 10
120 11
121 9
123 10
124 9
126 9
128 11
129 10
130 9
131 13
132 10
134 11
136 9
137 10
139 12
140 10
142 10
142 12
144 11
145 10
