17 0
21 0
22 3
24 2
26 2
27 6
28 6
30 5
31 5
33 5
34 6
37 5
39 4
39 5
40 6
42 4
44 6
45 6
47 7
48 7
49 11
51 11
52 12
54 14
55 10
57 12
58 12
60 13
61 16
63 13
65 11
67 10
68 13
69 9
71 12
72 12
73 11
75 10
76 10
78 8
79 9
81 15
82 15
84 13
85 16
88 15
89 11
91 15
92 14
94 18
94 16
96 18
98 15
99 21
101 15
102 14
104 14
105 15
106 18
108 19
110 14
111 15
113 21
114 21
116 20
117 17
118 18
120 20
121 15
123 19
124 17
126 19
127 23
129 17
130 21
132 19
133 16
135 17
137 20
138 17
139 18
141 18
143 20
144 27
146 21
