17 0
21 2
22 5
24 3
25 10
27 12
28 10
29 10
31 11
32 14
34 14
36 12
36 14
38 12
39 13
41 10
42 9
44 13
45 10
47 11
48 11
49 9
51 10
52 9
53 9
55 11
56 8
58 7
59 8
62 8
63 8
64 9
65 10
67 10
68 9
70 8
71 10
72 11
73 11
75 12
77 13
78 12
80 13
81 10
82 10
83 9
85 8
86 9
87 10
89 10
91 9
92 9
93 10
95 11
96 13
98 12
99 11
100 11
102 9
104 11
105 10
107 9
108 10
109 11
111 9
112 8
113 10
115 11
116 8
118 10
119 12
120 16
122 13
123 11
125 11
126 13
128 11
129 11
130 12
131 12
133 11
134 12
136 11
138 10
139 14
140 12
142 12
143 14
144 12
145 13
