17 0
21 4
23 2
25 3
26 5
28 9
29 9
30 10
32 11
33 9
35 11
36 6
37 8
39 9
40 10
41 8
43 11
44 11
46 12
47 10
49 13
50 12
52 8
53 11
54 6
55 7
57 6
59 7
60 8
62 8
63 8
64 7
65 9
67 9
68 12
70 11
72 12
73 12
74 11
76 11
78 9
78 11
81 12
82 13
83 12
84 14
86 15
87 14
89 20
90 17
91 18
93 16
94 18
95 21
97 17
99 20
100 18
101 16
103 19
105 19
106 20
107 18
108 18
110 17
112 18
114 21
114 15
116 18
117 17
119 14
119 18
121 14
123 14
124 17
125 16
127 15
129 17
130 14
131 15
133 14
134 17
136 15
138 16
139 15
140 16
142 17
143 19
144 16
146 19
