17 0
21 1
22 1
24 4
25 6
26 5
28 8
29 5
31 10
33 9
34 8
35 9
37 12
38 12
39 10
41 11
43 12
44 13
45 12
47 10
49 13
50 9
52 13
53 8
55 11
56 10
57 11
59 13
60 11
62 17
63 11
64 13
67 13
68 13
69 13
70 13
71 13
73 14
74 13
76 13
77 12
78 12
80 13
81 12
83 12
84 12
86 13
87 14
89 13
90 14
92 15
93 14
94 16
96 18
97 19
98 14
100 15
102 17
103 13
104 15
106 13
107 13
109 17
110 15
112 12
113 14
114 18
116 12
117 13
119 17
120 16
122 18
123 15
125 17
126 18
128 15
128 16
130 17
132 18
133 12
135 15
136 13
137 14
139 14
140 14
142 14
143 14
145 15
147 15
