17 0
21 2
22 1
24 4
25 5
26 7
28 5
30 6
31 5
32 4
34 3
36 6
37 8
38 5
40 6
42 5
43 6
44 7
46 7
48 9
49 8
50 9
52 8
53 11
54 10
56 8
58 6
59 9
61 9
62 10
64 9
65 11
66 9
69 13
70 13
71 17
72 14
74 16
75 14
77 12
78 12
80 16
82 14
83 17
84 18
86 20
87 20
89 22
91 20
92 22
93 20
95 17
96 20
97 16
99 21
102 17
102 21
104 21
105 21
106 21
108 18
110 22
111 19
113 21
114 18
116 19
117 20
118 18
121 25
122 22
123 18
125 24
126 21
128 24
129 18
131 17
132 21
134 22
136 22
137 20
138 22
139 19
141 17
142 19
144 24
145 20
147 20
