17 0
21 3
22 4
24 1
25 4
27 5
28 2
30 5
31 9
32 9
34 7
35 10
37 10
39 7
40 10
42 11
43 12
44 12
46 10
47 11
49 10
50 8
51 12
53 11
55 12
56 14
58 10
59 11
60 10
62 8
63 9
65 9
67 11
68 10
69 12
71 12
72 8
74 9
75 10
77 13
78 12
79 8
81 14
83 13
84 11
86 13
87 11
89 14
90 10
91 11
93 12
94 12
96 13
97 14
99 18
101 16
102 16
103 19
105 19
106 16
108 12
109 15
111 16
113 17
113 16
115 17
117 16
118 14
119 18
121 19
122 16
124 15
125 20
127 15
128 15
130 15
131 14
132 15
134 17
135 18
136 19
138 17
140 16
142 16
144 17
145 17
145 21
