17 0
21 0
22 1
24 6
25 3
27 1
28 3
30 3
31 5
32 3
34 4
36 4
37 5
39 8
40 8
42 8
43 9
44 7
46 10
48 10
49 12
51 10
52 12
53 9
54 10
56 10
57 13
59 11
60 10
62 10
63 12
64 10
66 12
68 16
69 11
70 12
72 12
73 12
75 18
76 12
78 15
79 15
81 13
82 14
84 12
85 14
87 9
88 14
90 9
91 11
93 12
94 16
95 15
97 12
98 13
100 11
101 13
102 14
104 14
105 16
107 19
109 14
110 17
112 15
113 15
114 17
116 16
118 17
119 16
120 19
122 15
123 13
124 15
127 15
127 14
129 15
130 19
132 17
133 17
135 17
136 14
138 16
139 16
141 20
142 17
144 16
145 18
147 18
