17 0
20 2
22 4
24 5
25 6
27 6
28 8
30 10
31 8
33 6
34 5
35 5
37 12
38 9
40 11
41 10
43 13
44 13
46 13
47 18
49 15
50 15
52 14
53 18
54 16
56 16
58 16
59 22
60 16
62 20
63 21
65 17
66 17
67 19
69 17
71 17
72 16
73 16
75 15
77 17
78 20
79 22
81 21
82 27
84 22
86 26
86 23
89 23
90 22
91 22
93 21
94 24
96 20
97 20
98 26
100 22
101 22
103 21
104 21
106 21
107 18
108 19
110 20
111 21
113 21
115 21
116 21
117 18
119 15
120 17
122 16
123 17
125 18
126 20
127 17
129 18
131 17
132 18
134 21
136 20
136 20
138 18
140 19
141 18
143 16
144 18
145 16
