17 0
21 3
22 2
24 5
25 7
27 8
28 11
29 10
31 7
32 9
34 9
35 9
38 9
39 12
40 11
41 11
43 12
44 13
46 10
48 8
49 10
50 8
51 8
53 11
54 10
56 14
58 10
58 12
60 12
61 11
63 13
65 10
66 13
67 8
69 10
70 15
72 11
73 13
74 15
76 11
78 12
79 11
80 10
82 13
84 14
84 14
86 14
87 16
89 15
91 14
92 15
94 17
95 14
96 16
98 12
99 14
101 17
102 13
104 14
104 15
106 21
108 16
109 16
110 16
112 16
113 19
115 18
116 12
117 14
119 16
120 17
123 18
124 15
125 16
126 15
128 15
129 17
131 17
132 18
133 16
135 20
136 16
138 16
139 13
141 18
142 17
143 15
145 13
147 17
