17 0
20 2
23 2
24 2
25 2
27 5
28 3
30 6
31 3
33 7
35 7
36 3
37 6
39 9
40 7
42 4
43 7
44 7
47 9
48 8
49 12
50 12
53 15
54 15
55 12
56 13
58 12
59 9
61 13
62 11
64 12
65 13
67 18
68 14
70 16
71 17
73 17
74 15
76 14
78 15
78 17
80 19
81 15
83 21
84 17
86 15
87 17
89 17
91 14
92 15
93 19
95 23
96 16
98 18
100 19
101 14
102 15
104 22
106 19
107 14
108 19
109 20
111 15
113 17
114 17
115 21
118 20
119 19
120 19
121 19
123 20
124 16
126 19
127 22
129 19
130 24
132 21
133 23
135 25
136 21
137 23
139 23
141 22
142 16
144 17
145 17
147 18
