17 0
21 0
22 1
24 6
25 7
27 8
28 13
29 10
31 10
32 8
34 9
36 8
36 14
38 12
40 12
41 11
42 12
43 12
45 12
47 14
48 15
50 12
50 12
52 15
53 13
55 11
56 12
58 12
59 15
61 15
62 14
63 16
64 15
66 15
68 13
69 14
70 14
72 13
73 17
76 15
77 16
78 14
79 15
81 14
83 14
83 17
86 19
87 15
88 15
90 14
91 14
92 13
94 13
95 16
96 15
98 16
100 15
102 13
103 14
105 15
106 17
107 15
108 15
110 14
111 13
112 14
114 15
115 13
117 11
118 12
119 13
120 13
122 14
124 11
125 10
127 14
128 14
130 13
131 14
133 14
134 14
135 14
137 13
138 14
139 13
141 14
142 13
144 14
146 14
146 14
