50 0
53 0
55 0
57 0
59 0
60 1
62 2
63 3
65 3
66 3
68 6
70 5
72 6
74 6
75 7
77 7
79 6
81 6
82 6
84 8
85 9
87 10
88 9
91 9
93 9
94 9
96 9
97 9
99 9
100 8
102 10
104 10
105 10
107 10
109 9
110 10
112 10
115 9
116 9
118 9
120 9
121 8
123 8
124 7
126 7
128 7
129 7
131 7
133 7
135 8
137 8
139 9
141 9
143 9
144 9
146 9
148 9
149 9
152 9
153 9
155 9
156 9
158 9
160 9
161 9
164 9
165 9
166 9
168 9
170 8
172 8
173 8
175 8
177 8
179 8
180 8
182 8
184 8
185 8
187 8
189 8
191 8
192 8
193 8
196 8
198 8
198 8
201 8
202 8
204 8
205 8
207 8
208 8
210 8
211 8
213 8
215 8
216 8
218 8
219 8
221 8
223 8
225 8
226 8
228 8
229 8
231 8
233 8
235 8
237 7
238 7
240 7
242 7
243 7
246 8
247 8
249 8
250 7
252 7
254 7
255 7
257 7
259 7
262 7
263 7
265 7
266 7
267 7
269 7
270 7
273 7
275 7
276 7
278 7
280 7
282 7
284 7
285 7
287 7
289 7
291 7
292 7
294 7
295 7
297 7
298 7
301 6
302 7
303 7
305 7
307 7
308 7
310 7
312 7
314 7
315 6
317 6
319 6
320 6
322 6
