70 0
73 0
75 0
76 0
78 0
80 0
82 0
84 2
85 3
87 3
89 3
91 5
92 6
94 7
96 10
97 9
99 8
101 11
103 10
105 10
106 9
108 9
110 10
111 11
113 11
115 10
117 11
118 11
121 11
122 9
124 10
125 10
127 11
128 11
130 11
132 11
134 12
136 13
138 13
140 12
142 10
143 12
145 10
146 11
148 9
150 10
151 10
154 9
156 10
158 10
160 10
162 10
164 10
165 10
167 9
168 9
170 9
172 10
174 10
175 10
177 11
179 12
180 11
182 12
183 11
185 11
187 11
189 10
190 11
192 10
194 10
196 10
198 10
200 10
201 10
203 10
205 10
207 10
208 10
210 10
212 10
213 10
214 10
217 10
219 10
220 10
222 10
223 10
225 10
226 10
228 10
230 10
233 10
234 10
236 10
237 10
240 10
241 10
243 11
246 10
247 11
249 11
251 11
252 10
254 10
255 10
257 10
259 10
261 10
262 10
264 10
266 10
267 10
270 10
271 10
273 10
274 10
276 10
277 10
279 10
281 10
282 11
284 10
285 11
287 10
289 10
291 10
293 10
295 10
296 10
298 10
300 10
302 10
303 10
305 10
307 10
309 10
311 10
313 10
314 10
316 10
318 10
320 10
321 10
323 10
