80 0
83 0
85 0
87 1
88 1
90 0
92 2
93 4
95 5
98 7
99 7
100 8
102 9
103 10
105 11
107 10
109 12
110 12
113 13
115 14
116 14
118 14
119 14
121 14
122 15
124 15
126 14
128 14
129 15
131 15
132 15
133 15
135 15
137 15
139 15
140 15
142 15
144 16
146 16
147 15
149 15
151 15
153 15
155 14
156 14
158 14
160 13
161 13
163 13
164 13
167 13
168 13
170 13
172 13
173 13
174 13
176 13
178 13
180 13
183 12
184 12
186 12
187 11
189 11
191 12
193 11
195 11
196 11
198 12
199 12
201 11
203 11
204 11
206 11
207 11
209 11
210 11
213 11
214 11
215 11
218 11
219 11
222 11
223 11
225 11
226 11
228 11
230 11
231 11
233 11
235 11
236 11
238 11
239 11
242 11
244 11
245 11
247 11
249 11
250 11
252 11
253 11
255 11
256 11
259 11
261 11
262 11
264 11
265 11
268 11
269 11
271 11
272 11
274 11
276 11
277 11
280 11
281 11
283 11
284 12
286 11
287 11
289 11
291 11
292 11
293 11
295 11
297 11
299 11
301 11
303 11
304 11
306 11
307 11
309 11
310 11
312 11
313 11
315 11
317 11
318 11
320 11
322 11
