40 0
42 0
44 0
46 0
48 0
50 1
52 1
53 1
55 1
57 1
59 1
61 3
62 5
65 4
66 3
67 8
69 8
71 9
73 9
74 9
76 9
78 9
80 8
81 8
84 9
85 9
88 9
89 9
91 9
93 9
95 9
96 9
98 9
100 8
101 8
103 8
105 8
106 8
108 8
110 7
112 7
114 7
115 7
117 7
119 7
120 7
122 7
124 7
125 7
127 7
129 7
131 7
132 7
134 7
135 7
137 7
139 7
141 7
143 7
144 7
146 7
148 7
150 7
151 7
154 7
155 7
157 7
159 7
160 7
162 7
164 7
165 7
167 7
169 7
170 7
172 7
174 7
176 7
177 7
179 7
180 7
183 7
185 7
187 7
189 7
190 7
192 7
195 7
196 7
197 7
199 7
201 7
202 7
204 7
206 7
207 7
209 7
210 7
213 7
214 7
217 7
219 7
220 7
221 7
223 7
225 7
227 7
228 7
230 7
232 7
234 7
237 7
238 7
240 7
241 7
243 7
245 7
247 7
249 7
251 6
252 6
254 6
256 7
258 6
260 6
261 6
264 6
265 6
266 6
268 6
271 6
272 6
274 6
275 6
277 6
279 6
281 6
283 6
284 6
286 6
288 6
290 6
292 6
293 6
295 6
296 6
298 6
300 6
302 6
304 6
305 6
306 6
308 6
309 6
311 6
313 6
315 6
318 6
320 6
321 6
322 6
