90 0
93 0
94 0
96 0
98 0
98 3
100 3
101 4
103 4
104 7
106 7
108 8
109 9
110 10
112 10
113 9
115 9
116 9
117 8
119 10
120 9
122 10
123 11
125 10
127 12
128 11
129 12
131 12
132 11
134 11
136 11
137 12
139 11
140 12
141 10
143 12
143 10
145 11
147 11
149 9
150 10
152 10
153 10
154 10
156 10
157 10
158 10
160 10
161 10
162 11
164 10
166 11
167 11
168 11
170 11
170 11
172 11
174 11
176 11
177 11
178 10
180 11
181 10
183 10
184 11
185 11
187 11
188 11
190 11
191 11
193 11
194 11
196 11
197 11
199 11
201 12
202 12
203 12
205 12
207 12
208 11
209 11
211 11
212 11
214 12
215 11
217 11
218 11
219 11
221 11
222 11
224 11
225 11
226 11
228 11
229 11
231 11
233 11
235 11
236 12
237 11
238 10
239 10
241 10
243 11
244 10
246 10
248 9
249 9
251 10
252 11
253 11
254 10
256 10
257 10
259 10
259 10
261 10
262 10
264 10
267 10
268 10
270 10
271 10
272 10
274 10
275 10
277 10
280 10
281 10
282 10
283 10
285 10
287 10
288 10
289 10
290 10
293 10
294 10
296 10
297 10
298 10
300 10
302 10
303 10
304 10
306 10
307 10
309 10
310 10
312 10
313 10
314 10
316 10
318 10
319 10
320 10
322 10
324 10
324 10
