70 0
72 0
75 0
76 0
78 0
80 2
82 3
84 2
86 2
88 2
90 2
91 2
93 5
94 5
96 5
97 6
99 6
101 6
102 6
104 6
106 7
108 6
109 8
111 8
113 8
114 8
116 8
119 8
120 8
122 9
124 9
125 9
128 8
129 9
131 8
134 9
135 9
137 9
138 9
140 9
141 9
143 9
145 10
147 10
149 10
150 10
152 10
154 10
156 10
157 10
159 10
161 11
163 11
165 11
166 11
168 11
170 11
172 11
174 11
175 12
177 12
179 11
180 12
182 11
183 11
185 11
187 11
188 11
190 11
192 11
194 11
195 11
197 11
199 11
200 11
202 11
204 10
206 10
207 10
209 10
211 10
213 10
214 10
216 10
218 10
220 10
221 10
223 10
225 10
227 10
229 9
230 10
232 9
234 9
236 10
237 10
239 10
241 10
243 10
245 10
247 10
249 10
251 9
252 9
254 10
256 9
258 9
259 9
261 10
263 9
265 9
267 9
268 9
271 9
272 10
273 10
275 10
277 10
278 10
281 10
282 10
284 10
286 10
287 10
289 10
290 10
291 10
293 10
295 10
298 10
300 10
301 10
303 9
304 10
306 9
308 9
310 9
311 10
313 10
314 9
316 9
318 9
320 10
