30 0
33 0
35 0
36 0
38 0
40 0
42 2
44 2
46 2
48 2
51 2
53 2
54 2
56 2
58 2
61 1
62 4
63 4
66 4
67 5
69 5
71 6
73 5
75 6
78 5
79 5
82 5
83 5
85 5
87 5
90 5
92 5
94 6
96 6
98 6
100 6
102 5
104 5
105 6
107 7
109 6
111 6
113 7
114 7
116 7
118 7
120 7
122 7
125 6
126 6
128 6
130 6
132 6
134 6
136 6
138 6
140 6
142 6
144 7
146 6
149 6
149 6
151 6
153 6
155 6
156 6
158 6
160 6
162 6
164 6
166 6
168 6
170 6
172 6
174 6
176 6
178 6
180 6
183 6
185 6
187 6
189 6
191 6
193 6
194 6
196 6
197 6
200 6
202 6
204 6
205 6
207 6
209 6
211 6
213 6
215 6
217 6
219 6
221 6
222 6
224 6
226 6
228 6
230 6
232 6
234 6
236 6
238 6
239 6
242 6
244 6
246 6
247 6
249 6
251 6
253 6
254 6
256 6
259 6
261 6
262 6
264 6
266 6
268 6
270 6
272 6
274 6
276 6
278 6
280 6
282 6
284 6
286 6
287 6
289 6
291 6
293 6
296 6
298 6
299 6
302 6
303 6
305 6
307 6
309 6
310 6
313 6
314 6
316 6
319 6
320 6
