80 0
83 0
84 0
86 0
88 0
90 2
91 1
93 3
95 5
97 5
99 4
101 6
103 6
104 6
105 6
107 6
109 7
111 8
112 9
114 8
116 9
117 10
119 10
121 12
123 12
124 12
126 11
128 12
130 12
131 11
133 12
135 13
137 12
139 16
140 14
142 12
143 13
145 14
147 14
149 14
150 13
151 13
153 14
155 14
157 13
159 15
160 15
162 15
164 15
166 15
167 15
169 16
171 17
172 16
175 16
177 16
178 16
180 15
182 16
184 15
185 13
187 16
188 14
190 14
192 15
194 15
195 16
197 16
199 16
201 16
202 15
205 15
206 15
208 15
210 15
211 15
213 15
215 15
216 15
218 15
220 15
221 14
223 15
225 13
227 13
229 13
230 13
232 12
234 12
237 12
238 12
239 13
241 13
243 12
244 11
246 12
248 12
250 12
253 12
254 12
255 12
257 12
259 13
260 12
262 12
264 12
266 12
267 12
268 12
271 12
273 12
275 12
277 12
279 12
280 12
282 12
283 12
285 12
287 12
288 12
290 12
293 12
294 12
296 12
297 12
299 12
301 12
304 12
306 12
308 13
311 12
312 12
313 12
315 12
317 12
319 12
320 12
322 12
