60 0
63 0
64 0
65 0
67 0
69 2
70 2
72 3
73 2
74 4
75 5
77 5
79 5
81 6
82 8
83 11
85 10
86 8
88 10
89 10
91 10
92 11
93 11
95 10
96 10
98 9
99 10
101 10
102 10
103 10
105 10
106 9
108 9
109 10
111 10
113 10
114 10
115 10
117 11
118 10
120 10
121 10
123 10
123 9
125 10
127 10
128 9
129 9
131 9
132 9
135 9
136 9
137 9
139 9
139 9
141 9
142 9
143 9
145 9
147 9
148 9
150 8
151 8
153 8
154 8
156 8
157 8
158 8
160 8
161 8
163 8
165 8
166 8
167 8
168 8
171 8
171 8
173 8
175 8
176 8
178 8
179 8
181 8
182 8
184 8
186 8
188 8
189 8
191 8
192 8
193 8
194 7
196 8
197 6
198 6
200 6
202 6
203 6
205 6
206 6
207 6
208 6
210 6
212 6
214 6
215 6
217 6
218 6
220 6
221 6
222 6
224 6
226 6
226 6
228 6
229 6
230 6
232 6
234 6
235 6
237 6
238 6
240 6
242 6
243 6
245 6
246 6
247 6
250 6
251 6
252 6
253 6
255 6
256 6
258 6
259 6
261 6
263 6
264 6
265 6
266 6
267 6
269 6
270 6
272 6
274 6
275 6
277 6
278 6
280 6
281 6
283 5
284 5
285 5
287 5
288 5
291 5
292 5
293 5
295 5
296 5
298 5
300 5
302 5
302 5
303 5
305 5
306 5
308 5
309 5
310 5
312 5
313 5
315 5
316 5
317 5
319 5
321 5
322 5
