30 0
32 0
34 0
36 0
38 0
40 0
41 0
43 0
45 0
46 0
48 1
50 2
52 3
54 3
56 4
58 3
59 4
61 6
62 5
64 7
66 5
68 8
70 9
71 9
73 9
76 11
76 9
78 10
81 10
82 10
83 10
85 10
87 9
88 10
90 10
92 10
94 10
96 9
98 8
99 9
102 9
103 10
105 10
107 10
108 10
110 10
112 10
113 10
115 9
116 10
118 9
119 8
122 9
125 10
125 10
127 10
129 9
130 10
132 10
134 9
136 10
137 10
140 9
141 9
142 8
144 8
146 8
148 8
150 8
153 8
155 8
157 8
159 8
161 8
162 8
164 8
166 8
167 8
170 8
171 8
173 8
175 8
177 9
178 8
180 9
181 9
183 9
185 9
186 9
189 9
190 9
192 9
193 9
196 9
199 9
200 9
202 9
204 10
206 10
207 10
209 10
212 10
214 10
216 10
217 10
219 10
221 10
222 10
224 9
226 9
229 8
229 8
231 8
233 8
235 8
236 8
238 8
240 8
241 8
243 8
245 8
246 8
248 8
251 8
253 8
255 8
257 8
259 8
261 8
262 8
263 8
265 8
266 8
268 8
270 8
272 8
274 8
275 8
277 8
279 8
280 8
282 8
284 8
285 8
287 8
289 8
291 8
292 8
294 8
296 8
297 8
299 8
301 8
302 8
304 8
306 8
307 8
309 8
311 8
312 8
315 8
317 8
318 8
320 8
322 8
