60 0
63 0
64 0
66 0
68 0
70 2
71 2
74 1
75 2
77 2
79 4
80 4
82 4
83 5
85 6
87 6
90 8
92 8
93 7
94 7
96 8
98 7
99 6
101 7
103 7
105 6
106 9
108 8
110 8
112 9
113 9
115 10
117 9
119 10
121 10
122 10
124 11
126 11
127 11
129 11
131 10
133 11
134 10
136 10
138 10
140 10
142 10
143 10
145 10
147 10
149 10
151 10
152 10
154 10
155 10
157 10
159 10
162 10
163 10
164 10
166 10
167 10
169 10
171 10
173 10
175 10
176 10
178 10
180 10
182 10
184 10
186 10
187 10
189 10
192 10
193 10
194 11
196 10
198 10
200 10
202 10
203 10
205 11
207 10
209 11
211 12
212 12
213 12
215 12
217 12
219 12
220 13
222 12
224 13
226 13
228 12
229 12
231 12
232 12
234 11
236 12
238 11
240 12
241 11
243 12
245 12
246 12
248 12
250 12
251 11
253 11
256 11
257 11
258 11
261 11
262 11
264 11
265 11
267 11
270 11
271 12
273 11
275 11
277 11
278 11
280 11
282 11
284 11
285 11
287 11
288 11
290 11
292 11
294 11
296 11
297 11
300 11
301 11
303 11
304 11
306 11
308 11
309 11
311 11
313 11
314 11
316 11
318 11
319 11
321 11
