80 0
83 0
85 0
87 0
88 0
90 2
93 2
94 2
96 1
98 5
100 6
102 10
104 8
106 9
108 12
110 10
112 12
114 10
116 10
118 11
120 9
122 10
123 11
125 9
127 10
130 11
131 10
133 9
135 10
137 10
139 10
141 10
143 11
145 12
146 11
148 10
150 12
152 11
154 11
156 11
158 11
160 12
162 12
164 10
166 11
167 12
169 10
172 11
174 11
176 12
177 13
179 13
182 13
183 13
185 13
187 13
189 13
190 11
192 11
194 10
196 10
198 10
200 10
202 10
204 10
206 10
208 10
210 10
212 10
214 10
217 11
218 11
220 11
221 11
223 10
225 10
227 10
229 10
231 10
234 10
235 10
237 10
239 10
241 10
243 10
244 10
246 10
248 10
251 10
252 10
254 10
257 10
258 10
260 10
262 10
263 10
266 10
267 10
269 10
271 10
273 10
275 10
277 10
279 10
281 10
284 10
285 8
287 9
289 9
291 8
293 8
295 8
296 8
299 8
300 8
302 8
304 8
306 8
308 8
310 8
313 8
314 8
316 8
318 8
320 8
322 8
