30 0
32 0
34 0
37 0
38 0
40 0
42 0
45 1
46 0
48 1
49 1
51 1
54 1
56 2
58 3
60 2
61 3
64 2
65 3
67 3
69 4
71 4
73 4
75 4
77 5
78 5
80 3
83 5
85 5
86 5
88 5
90 5
92 5
94 5
96 5
98 5
100 5
102 6
104 6
105 7
107 6
109 5
111 6
113 6
115 7
117 7
119 8
120 7
122 8
124 7
127 7
128 7
130 8
133 8
135 8
136 8
138 9
140 8
142 8
144 8
146 7
148 7
150 8
153 8
155 8
156 8
158 9
160 9
162 9
163 9
166 9
168 9
170 9
172 9
173 9
176 9
178 9
179 9
181 9
184 9
186 9
188 9
189 9
191 9
194 9
195 9
197 9
199 9
201 8
203 9
205 8
207 8
209 8
211 8
213 8
214 8
216 8
218 8
220 8
222 8
224 8
226 8
228 8
230 9
232 8
234 9
235 9
238 9
239 9
241 9
243 9
246 9
248 9
250 9
251 9
252 9
255 9
257 9
259 9
261 9
263 9
265 9
267 9
269 9
270 9
272 9
274 9
276 9
278 9
280 9
282 9
283 9
285 9
287 8
289 9
291 9
293 9
295 8
297 9
299 8
300 9
302 9
304 8
306 8
308 8
309 8
311 8
313 8
315 8
317 8
319 8
321 8
