80 0
82 0
84 0
87 0
88 4
89 4
91 4
93 6
94 6
94 5
96 7
98 8
99 7
101 8
102 11
104 9
105 11
107 13
109 12
111 14
111 13
112 13
115 13
116 15
117 14
119 14
121 14
122 14
123 14
124 13
126 13
128 14
129 14
131 14
132 13
134 13
135 13
136 13
138 13
139 13
141 13
142 13
143 13
145 13
147 13
149 12
150 12
151 11
153 11
155 11
157 11
159 11
161 11
162 11
163 11
164 11
166 10
168 10
169 10
171 10
172 10
174 9
175 9
176 9
177 9
178 10
180 10
181 9
183 9
185 9
186 9
187 9
188 9
190 9
191 9
192 9
194 9
195 9
196 9
198 9
199 9
201 9
202 9
203 9
205 9
206 9
208 9
210 9
212 9
214 9
215 9
217 9
217 9
219 8
220 8
221 8
222 8
224 8
225 8
227 8
228 8
230 8
232 8
233 8
235 8
235 8
237 8
238 8
240 8
241 8
243 8
244 8
245 8
247 8
248 8
250 8
252 8
254 8
254 8
256 8
257 8
258 8
260 8
262 8
263 8
264 8
266 8
267 8
270 8
271 8
272 8
273 8
275 8
277 8
278 8
279 8
280 8
282 8
283 8
284 8
286 8
288 8
289 8
290 8
292 8
294 8
295 8
296 8
298 8
299 8
301 8
303 8
304 8
306 8
307 7
309 7
309 8
312 8
313 8
314 8
316 7
317 8
318 7
320 8
322 7
