30 0
33 0
34 0
36 0
38 0
40 1
42 2
44 4
45 3
47 4
49 4
51 4
52 6
55 7
56 8
58 8
60 9
62 9
63 9
65 9
67 9
69 9
71 9
73 9
75 9
76 9
78 9
80 9
81 9
84 9
86 9
87 9
89 9
91 9
93 9
94 9
96 9
98 9
99 9
101 9
103 9
105 9
107 9
110 9
112 9
113 9
116 9
117 9
119 9
120 8
122 7
124 7
125 7
127 7
129 7
131 7
132 7
134 7
136 7
138 7
140 7
141 7
143 7
145 7
147 7
149 7
151 7
152 7
154 7
155 7
157 7
159 7
160 7
162 7
164 7
167 7
168 7
170 7
171 7
173 7
176 7
177 7
179 7
181 7
182 7
184 7
186 7
188 7
189 7
191 7
193 7
194 7
196 7
198 7
200 7
202 7
204 7
206 7
208 7
209 7
212 7
213 7
215 7
216 7
218 7
220 7
221 7
224 7
226 7
228 7
229 7
231 7
233 7
234 7
236 7
238 7
240 7
242 7
244 7
245 7
247 7
249 7
250 7
253 7
254 7
256 6
258 6
260 6
261 6
263 6
265 6
266 6
269 6
270 6
272 6
274 6
275 6
277 6
279 6
281 6
283 6
285 6
286 6
289 6
291 6
292 6
295 6
296 6
298 6
299 6
302 6
303 6
305 6
307 6
308 6
310 6
312 6
314 6
316 6
318 6
320 6
322 6
