80 0
82 0
84 0
87 0
88 1
90 1
91 5
93 8
94 10
95 12
96 16
98 14
99 15
101 14
101 14
103 15
105 15
106 15
107 14
110 15
111 14
112 14
114 14
115 14
116 13
119 14
120 13
121 13
123 12
124 12
125 13
127 13
128 13
129 12
131 12
133 11
134 13
136 13
137 12
138 12
140 13
142 11
143 12
145 12
146 12
147 12
148 11
149 11
151 11
152 11
153 11
155 11
156 11
158 11
159 11
161 11
163 9
165 10
166 10
168 10
169 10
171 10
172 10
173 9
175 11
176 10
177 9
178 10
180 9
182 9
184 9
185 9
186 8
188 8
189 8
191 8
192 8
194 8
195 8
197 8
198 8
199 8
200 8
202 8
204 8
205 7
206 7
208 7
209 7
211 7
213 7
214 7
216 7
218 7
219 7
220 7
222 7
223 7
224 7
227 7
228 7
229 7
230 7
231 7
233 7
234 7
236 7
238 7
239 7
240 7
242 7
243 7
244 7
246 7
247 7
248 7
250 7
251 7
253 7
254 7
256 7
258 7
258 7
260 7
262 7
263 7
264 7
265 7
267 7
268 7
270 7
272 7
273 7
275 7
276 7
278 7
279 7
280 7
282 7
283 7
285 7
286 7
287 7
289 7
291 7
292 7
294 7
295 7
297 7
298 7
299 7
301 7
302 7
304 7
305 7
306 7
308 7
310 7
311 7
312 7
314 7
316 7
317 7
318 7
320 7
321 7
322 7
