90 0
93 0
95 2
96 1
98 5
99 6
101 6
103 6
105 8
106 8
107 9
110 9
110 11
112 8
113 8
115 10
116 11
118 11
119 10
120 10
121 11
123 11
124 11
125 10
128 11
129 11
130 11
131 11
133 11
134 13
136 13
137 13
139 11
141 13
142 13
144 12
146 13
147 13
148 13
151 13
153 12
154 11
156 13
157 11
158 12
159 12
160 11
161 12
163 12
165 12
166 12
167 12
168 11
170 11
171 11
173 12
174 12
176 12
177 12
179 11
180 12
182 12
183 13
184 12
187 12
188 13
189 12
190 12
192 12
193 12
195 12
196 13
198 12
199 12
200 12
201 12
203 12
204 12
205 12
207 12
209 12
210 12
212 12
213 12
214 12
216 12
217 12
219 12
220 12
222 12
223 12
225 12
227 12
227 12
229 12
230 12
232 12
233 12
236 12
237 12
239 12
240 12
241 12
243 12
244 12
245 12
247 12
249 12
251 12
252 12
253 12
255 12
256 12
257 11
259 11
260 11
261 11
263 11
264 11
266 11
267 11
268 11
270 11
271 11
273 11
274 11
277 11
278 11
280 11
281 11
283 11
284 11
286 11
287 11
288 11
290 11
292 11
293 11
294 10
295 10
297 10
299 10
301 10
302 10
303 10
305 10
306 9
307 9
309 9
310 9
311 9
313 9
314 9
316 9
317 8
319 8
321 8
321 8
