60 0
63 0
65 0
67 0
68 0
70 0
72 2
74 2
77 4
79 3
80 3
82 3
83 3
85 4
87 6
89 7
90 7
92 9
94 8
96 8
97 9
100 9
102 9
103 9
105 10
106 9
108 10
110 10
112 10
114 10
115 10
117 10
119 10
121 10
122 10
124 11
126 10
128 10
130 10
131 10
133 10
134 10
137 10
139 11
141 11
143 11
144 11
146 12
147 12
149 11
152 11
154 12
155 11
157 11
158 11
160 11
162 11
163 12
165 11
167 11
169 11
171 10
172 10
174 10
176 10
178 10
180 10
181 10
183 10
185 10
187 10
188 10
190 10
191 10
193 10
196 11
198 10
200 10
202 10
203 10
205 10
207 10
209 11
210 10
212 10
214 10
215 10
217 10
219 10
221 10
223 10
225 10
227 11
229 11
230 10
232 10
233 10
235 10
237 10
238 10
240 10
242 10
243 10
245 10
248 10
250 10
251 10
253 10
255 10
256 10
258 11
260 10
262 11
264 10
266 10
267 11
269 11
271 10
272 9
274 10
276 9
278 10
280 10
281 10
284 10
285 10
288 10
289 10
290 9
292 10
294 9
296 9
298 8
300 9
301 8
302 8
305 9
306 9
308 8
311 9
313 8
314 8
316 8
318 8
320 8
