40 0
43 0
45 0
47 0
48 1
50 0
52 1
53 4
55 4
57 4
59 4
61 5
63 6
65 5
67 6
69 6
70 7
72 6
75 7
78 6
80 7
81 7
83 7
84 7
86 7
88 7
90 7
91 8
93 7
95 8
97 8
99 9
101 10
103 10
104 10
106 10
108 10
110 10
111 10
113 10
115 10
117 9
119 9
120 9
122 9
124 9
126 9
127 9
130 9
131 9
133 9
134 9
136 8
138 8
140 8
142 8
143 8
145 8
147 8
149 8
150 8
152 8
154 8
156 7
158 8
159 8
161 8
162 8
164 8
167 8
168 7
170 8
172 8
174 8
175 8
177 8
179 8
180 8
182 8
184 8
185 8
188 8
190 8
191 8
193 8
195 8
197 8
199 8
201 8
203 8
204 8
206 8
208 8
209 8
211 8
212 8
215 8
217 8
219 8
220 8
222 8
224 8
226 8
228 8
229 8
231 8
232 8
235 8
236 8
239 8
241 8
242 8
244 8
246 8
248 8
250 8
251 8
253 8
255 8
257 8
259 8
260 8
262 8
264 8
266 8
268 8
269 8
271 8
272 8
275 8
276 8
278 8
280 8
282 8
283 8
285 8
286 8
288 8
290 8
292 8
293 8
295 8
297 8
299 8
301 8
303 8
304 8
306 8
309 8
310 8
312 8
314 8
316 8
317 8
319 8
321 8
