70 0
73 0
74 0
76 0
77 2
79 3
81 3
82 6
84 5
85 6
87 8
88 10
90 11
90 13
92 12
93 13
95 13
96 15
98 13
100 11
102 12
102 12
104 12
105 12
106 12
107 11
109 11
111 12
112 11
114 11
115 12
117 14
118 12
120 11
121 13
123 12
125 14
126 15
127 14
128 14
129 12
131 12
133 11
135 12
136 11
137 11
138 11
139 12
141 11
142 11
144 12
146 10
147 12
149 12
150 12
151 13
154 13
156 12
157 11
159 11
160 12
161 12
163 12
165 12
166 12
168 12
169 12
170 12
172 11
173 11
174 11
175 11
177 11
178 11
180 11
182 11
183 11
184 11
186 11
188 11
189 11
190 11
191 11
193 10
194 10
195 10
197 10
198 10
201 10
202 10
203 10
204 10
205 10
206 9
208 9
210 9
211 9
212 9
213 9
215 9
217 9
218 9
220 9
221 9
222 9
224 9
226 9
227 9
229 9
229 9
231 8
233 8
234 8
236 8
237 8
239 8
240 8
241 8
242 8
244 8
247 8
247 8
248 8
250 8
251 8
252 8
253 8
255 8
257 8
258 8
260 8
261 8
264 8
265 8
266 8
267 8
269 8
270 8
272 8
273 8
274 8
276 8
277 8
278 8
280 8
282 8
283 8
285 8
286 8
288 8
290 8
291 8
293 8
295 8
296 8
297 8
298 8
300 8
301 8
303 8
304 8
306 8
307 8
309 8
310 8
312 8
313 8
315 7
316 7
317 7
318 7
319 7
320 7
322 7
