50 0
53 0
54 0
56 0
58 0
60 1
61 2
63 1
65 3
67 5
68 5
70 5
72 6
74 5
75 6
77 6
79 7
80 7
82 7
84 7
86 8
88 9
90 9
91 9
93 9
95 8
97 8
98 8
100 8
102 8
104 9
106 9
107 8
109 9
110 8
113 8
114 8
116 8
117 8
119 8
121 8
123 7
125 7
126 7
128 8
131 8
134 8
136 8
137 8
139 8
141 8
142 7
143 7
145 7
147 7
148 7
150 7
151 7
154 7
155 7
157 7
158 7
160 9
162 9
163 8
165 9
167 9
169 9
171 9
172 9
174 9
176 9
177 9
179 9
181 9
182 9
184 9
186 9
187 9
189 9
191 9
192 9
194 9
196 8
197 8
200 8
201 8
203 8
205 8
207 8
208 8
209 8
211 8
213 8
215 8
217 8
219 8
221 8
222 7
224 7
225 7
227 7
229 7
231 7
233 7
235 7
236 7
238 7
240 7
241 7
244 7
245 7
247 7
249 7
250 8
252 8
254 8
256 8
258 8
260 8
261 8
263 8
266 8
266 8
269 8
270 7
272 7
273 7
275 7
277 7
278 7
281 7
282 7
284 7
285 7
287 7
289 7
290 7
292 7
294 7
295 7
297 7
299 7
300 7
302 7
304 7
305 7
308 7
309 7
311 7
313 7
315 7
316 7
318 7
320 7
