70 0
73 0
74 0
75 0
77 1
78 2
80 5
81 5
83 6
85 7
87 8
88 6
89 9
91 10
93 8
93 9
95 9
97 10
99 10
100 9
102 10
102 10
104 10
105 10
108 10
109 9
110 10
113 11
113 10
114 11
116 10
117 12
118 10
120 10
121 10
123 9
124 9
126 9
127 9
130 11
131 9
132 9
133 9
135 9
137 9
138 9
139 10
142 9
142 9
144 10
146 9
147 9
148 9
150 9
151 9
152 9
154 9
156 9
157 9
158 9
160 9
161 9
163 9
164 9
165 9
166 9
167 9
169 8
170 8
172 8
174 8
175 8
176 8
177 8
179 8
180 8
182 8
184 8
185 8
187 8
188 7
189 8
190 8
192 8
194 8
196 8
197 7
199 6
200 7
202 7
203 6
205 7
206 7
208 7
208 7
210 6
211 6
213 7
215 6
217 7
218 8
219 7
221 7
223 7
224 6
225 8
227 7
228 7
229 7
231 7
233 7
234 6
236 7
237 7
239 6
240 6
241 6
242 6
243 6
245 7
247 7
248 7
249 7
251 7
252 7
254 7
255 7
257 7
258 7
260 7
262 7
264 7
265 7
266 7
268 7
269 7
271 7
272 7
274 7
275 7
276 7
277 7
279 7
280 7
282 7
283 7
285 7
287 7
287 7
288 7
291 7
291 7
293 7
295 7
296 7
298 7
299 7
300 7
301 7
303 7
304 7
306 7
307 7
308 7
311 7
312 7
313 7
315 7
316 7
318 7
319 7
321 7
322 7
