40 0
43 0
45 0
47 0
48 0
50 0
52 2
54 1
56 3
58 4
61 4
62 4
64 5
66 6
67 6
70 6
72 6
73 6
76 7
78 7
80 7
82 7
84 8
86 9
87 10
90 10
91 10
93 11
95 9
97 10
99 11
101 11
103 11
105 11
106 10
109 10
110 10
113 10
114 10
116 10
118 10
120 10
122 10
124 10
125 10
128 10
129 10
131 10
133 10
135 9
137 9
139 8
141 8
143 8
144 8
146 8
148 7
151 7
153 7
154 7
156 7
158 7
160 7
163 7
164 7
166 6
168 6
170 6
171 5
173 5
175 5
177 5
179 5
181 5
184 6
185 6
187 6
189 6
191 6
193 6
195 5
197 5
199 5
201 5
203 5
204 5
207 5
209 5
211 5
213 5
214 5
216 5
218 5
220 6
222 6
224 6
227 5
229 6
231 5
232 5
235 5
236 5
238 5
240 5
243 5
244 5
247 5
248 5
251 5
253 5
255 5
256 5
259 5
261 5
263 5
264 5
266 5
268 5
270 5
272 5
274 5
276 5
278 5
280 5
282 5
283 5
285 5
287 6
289 7
291 7
293 7
295 7
296 7
299 7
300 7
302 6
304 7
306 7
308 6
309 6
311 6
313 6
315 6
317 6
319 6
321 6
