80 0
83 0
85 0
87 0
89 0
90 1
92 1
94 2
96 3
98 4
100 6
102 6
103 7
105 7
107 9
108 9
110 9
113 9
114 11
116 9
118 10
119 10
121 8
122 9
125 9
126 9
127 9
130 9
132 9
133 9
136 9
137 9
139 9
140 9
143 10
145 9
146 9
149 10
150 8
152 8
153 8
155 8
157 10
159 10
160 11
163 11
164 11
166 8
168 9
170 9
172 10
174 10
175 9
177 8
178 10
180 10
182 10
184 11
186 10
188 10
190 11
192 11
194 11
195 10
198 10
200 10
201 10
202 10
205 10
206 9
208 10
210 9
212 9
214 10
216 9
217 9
219 9
221 9
223 9
225 9
226 9
228 9
230 9
232 8
233 8
235 8
237 8
239 8
240 8
242 9
244 8
246 9
248 9
250 9
251 9
254 9
256 9
258 9
259 9
261 9
263 9
264 9
265 9
267 9
270 9
271 9
273 9
274 9
276 9
278 9
280 9
282 8
283 9
285 9
287 8
289 8
291 9
293 9
294 9
296 8
298 8
300 8
302 9
303 8
305 8
307 9
309 9
311 8
313 8
314 8
317 8
318 8
321 8
322 8
324 8
