70 0
73 0
75 0
76 0
78 0
79 1
82 0
83 0
85 1
87 0
89 2
90 4
93 5
94 6
96 7
98 10
100 9
102 8
103 9
105 9
107 9
108 10
110 10
112 9
114 9
115 9
117 8
119 8
121 9
123 10
125 11
126 11
128 10
130 11
132 9
134 9
135 9
137 9
139 9
140 9
142 9
144 9
146 9
147 9
150 9
151 9
152 9
155 9
156 9
158 9
160 9
161 9
163 9
165 9
167 9
169 9
170 9
172 9
175 9
176 9
178 10
180 10
181 11
183 10
185 11
186 10
187 11
189 11
191 11
192 11
194 11
196 11
198 11
200 11
201 11
203 11
205 10
208 10
209 10
211 10
213 10
215 10
216 10
218 10
219 10
221 10
223 10
224 10
226 10
227 10
229 9
231 10
232 9
234 9
236 9
238 10
240 9
241 9
243 9
245 9
246 9
249 9
250 9
252 8
254 9
256 8
258 9
259 9
260 9
262 8
264 8
265 8
268 9
269 9
271 8
272 8
274 8
276 8
278 8
279 8
281 8
283 8
285 8
286 8
288 8
290 8
292 8
293 8
295 8
297 8
299 8
301 8
302 8
304 8
306 8
307 8
310 8
311 8
313 8
315 8
317 9
319 8
321 8
