60 0
62 0
64 0
66 0
68 0
70 0
71 2
73 5
75 5
77 7
78 8
79 9
82 10
83 10
85 10
86 8
88 8
89 8
92 8
93 8
95 8
97 8
98 8
100 9
101 8
103 9
105 9
107 10
108 9
111 10
113 9
114 9
115 8
117 8
119 10
121 9
122 9
124 9
126 10
128 10
129 9
131 10
133 9
134 9
136 9
138 9
139 9
141 10
142 9
145 9
146 10
148 10
149 10
151 10
152 10
154 10
156 10
158 10
160 9
161 9
163 9
165 9
167 9
168 9
170 9
172 9
174 9
175 10
177 10
178 10
180 10
182 10
183 9
185 9
187 9
188 9
190 9
192 9
194 9
195 9
197 9
198 9
200 9
202 9
203 9
205 9
206 9
209 9
210 9
212 9
213 9
215 9
216 9
218 9
220 9
222 9
223 9
226 9
227 9
229 9
230 9
232 9
233 9
235 9
237 9
238 9
240 9
243 9
244 9
246 9
248 9
249 9
251 9
253 9
254 9
256 9
258 9
259 9
261 9
262 9
264 9
266 9
268 9
270 9
272 9
273 9
275 9
277 9
278 9
281 9
282 9
284 9
286 9
289 9
290 9
291 9
294 9
295 9
296 9
298 9
300 9
302 9
303 9
305 9
307 9
308 9
309 9
311 9
313 9
314 9
315 9
317 9
319 9
320 9
