60 0
62 0
64 0
66 0
69 0
70 0
72 1
74 1
76 2
78 2
80 2
82 3
84 5
86 5
87 6
90 6
92 6
93 6
96 7
98 7
99 7
101 7
103 7
105 8
107 6
109 8
111 9
113 8
114 7
116 8
119 8
120 8
122 8
124 8
126 8
128 8
130 8
132 8
134 8
135 8
137 7
139 8
141 8
144 8
146 7
148 7
150 8
151 8
154 8
155 7
157 8
159 7
161 8
163 8
166 8
168 8
169 7
171 8
173 7
175 7
176 7
179 7
180 8
182 7
184 6
186 6
188 7
190 6
191 6
194 6
196 6
198 6
199 6
202 6
205 6
206 6
207 6
209 6
211 6
213 6
215 6
217 6
218 6
220 6
222 6
224 6
226 6
227 6
230 6
231 6
233 6
235 6
237 6
239 6
241 6
243 6
245 7
247 6
250 6
252 6
253 6
255 6
257 6
259 6
261 6
262 6
264 6
266 6
268 5
270 6
272 5
274 7
275 7
277 7
279 7
281 7
283 7
286 7
287 7
290 7
292 7
294 7
295 7
298 7
299 7
301 7
302 6
304 6
306 7
308 6
310 6
312 6
314 7
316 6
318 6
320 6
322 6
