40 0
44 0
44 0
46 0
48 0
50 1
51 2
53 2
55 2
57 4
59 4
60 5
61 4
63 5
65 5
67 5
68 6
70 6
71 7
73 6
75 6
76 6
78 8
80 7
82 7
84 7
85 8
86 8
88 9
90 8
92 8
93 9
96 9
98 9
99 9
101 8
103 8
104 8
106 7
108 8
110 8
111 8
113 8
114 8
117 9
118 9
120 9
121 8
123 9
124 9
126 8
127 8
129 9
131 7
133 8
135 8
137 9
139 9
140 10
142 10
143 9
145 8
147 7
148 8
150 8
152 9
153 10
156 8
158 9
160 9
161 9
163 10
164 10
167 10
168 10
169 10
172 10
173 10
175 10
177 10
178 10
180 10
181 10
183 10
185 10
186 10
187 10
189 10
191 10
192 10
195 10
197 10
199 10
200 10
202 10
204 10
205 10
207 10
209 10
210 10
212 10
214 10
216 10
218 10
219 10
221 10
222 10
225 10
226 10
228 10
229 10
232 10
233 10
235 10
236 10
238 10
239 10
241 10
243 10
244 10
246 10
248 10
250 10
252 10
255 10
256 10
258 10
260 10
262 10
264 10
265 10
267 10
268 10
269 10
272 10
274 10
275 10
277 10
278 10
280 10
282 10
283 10
285 10
286 10
288 10
290 10
291 10
293 10
295 10
296 10
298 10
299 10
301 10
304 10
306 10
308 10
309 10
311 9
313 9
314 9
316 9
318 9
321 9
323 9
