40 0
43 0
44 0
46 0
48 0
50 1
51 2
53 3
55 4
56 4
58 4
60 4
62 5
64 4
65 5
67 6
69 7
70 8
72 7
74 8
76 7
78 8
80 7
82 7
83 6
85 7
86 6
88 7
90 7
91 7
94 8
95 8
97 9
99 8
101 8
102 8
104 8
106 8
108 8
110 8
112 8
114 8
115 8
118 8
119 8
121 8
122 8
124 8
126 8
128 8
129 7
131 7
132 7
134 7
136 7
137 7
139 7
140 8
143 8
144 8
146 7
147 7
149 6
151 6
153 6
154 6
156 6
157 6
159 6
161 6
163 6
165 6
166 6
168 6
170 6
171 6
173 6
176 6
177 6
179 6
180 6
182 6
184 6
186 6
187 6
189 6
191 6
192 6
194 6
196 6
198 6
199 6
201 6
203 6
205 6
207 6
209 6
210 6
212 6
214 6
216 6
217 6
220 6
221 6
223 6
225 6
227 6
229 6
231 6
233 6
235 6
237 6
238 6
240 6
242 6
245 6
246 6
247 6
249 6
251 6
252 6
254 6
256 6
257 6
259 6
261 6
263 6
265 6
267 6
269 6
270 6
272 6
274 6
275 6
277 6
279 6
281 6
283 6
285 6
286 6
288 6
290 6
291 6
293 6
295 6
296 6
298 6
300 6
301 6
304 6
306 6
307 6
309 6
310 6
312 6
314 6
316 6
318 6
319 6
321 6
322 6
