60 0
63 0
64 0
65 0
67 2
68 2
70 2
71 4
73 3
74 5
75 5
77 7
78 7
80 7
82 8
83 7
84 8
86 7
87 8
88 9
90 9
92 9
93 9
94 9
96 9
97 10
98 9
100 10
102 10
103 11
105 11
106 11
107 11
109 11
110 11
112 10
113 11
115 10
116 12
118 11
119 11
120 11
122 11
123 12
126 12
128 12
129 12
130 12
131 12
133 12
134 12
136 12
137 12
139 11
141 11
142 11
143 10
145 12
148 12
150 11
151 10
153 10
155 10
156 10
157 9
159 9
160 9
161 9
163 9
164 9
166 9
167 9
168 10
169 10
171 10
172 10
173 10
175 10
177 10
178 10
180 10
182 10
183 10
184 10
185 10
187 10
188 10
190 10
191 10
193 9
194 10
196 10
198 10
199 9
201 9
202 10
203 9
204 9
206 10
207 9
209 8
210 8
212 10
213 10
215 9
216 10
217 9
218 9
219 10
221 10
222 9
223 8
225 9
227 9
229 9
230 9
231 9
232 9
234 9
236 9
237 9
238 9
240 9
242 9
243 9
245 9
246 9
248 9
249 9
251 9
252 9
253 9
255 9
256 9
259 8
260 8
262 8
264 8
266 8
266 8
268 8
270 8
272 8
273 8
275 8
277 8
278 8
280 8
281 8
282 8
284 8
285 8
286 8
288 8
289 8
291 8
292 8
294 8
295 8
297 8
299 8
299 8
301 8
302 8
303 8
304 8
306 8
308 8
309 8
310 8
312 8
313 8
315 8
317 8
318 8
320 8
320 8
322 8
