50 0
53 0
54 0
56 0
58 1
60 1
62 2
63 2
65 3
67 2
70 3
71 4
72 5
75 3
76 5
78 3
79 4
81 4
83 5
85 6
86 6
88 5
90 6
92 7
93 9
95 8
97 7
99 8
101 9
102 8
104 9
106 10
108 10
110 10
112 10
113 10
115 10
117 10
119 10
120 10
123 10
124 9
125 9
127 9
129 9
132 9
134 10
135 9
137 10
139 10
141 10
143 10
144 10
146 10
148 10
150 9
151 9
153 9
155 9
157 8
159 8
160 8
162 8
164 8
165 8
167 8
170 8
171 8
172 9
174 9
176 9
178 9
180 9
181 9
183 9
185 9
187 9
189 9
191 9
193 10
195 10
196 9
198 9
200 9
201 9
203 9
206 9
207 9
209 9
211 9
212 9
214 9
216 9
218 10
220 9
222 9
223 9
225 10
226 10
228 10
230 9
232 9
234 9
236 9
238 9
239 9
240 9
242 9
244 9
246 9
248 9
251 9
252 9
253 9
255 9
257 9
258 9
261 9
262 9
264 9
265 9
267 9
269 9
270 9
273 9
275 9
276 9
278 9
280 9
282 9
284 9
285 9
287 9
289 9
291 9
293 9
295 9
296 9
298 9
300 9
301 9
303 9
304 9
306 9
308 9
310 9
311 9
313 9
315 9
317 9
319 9
322 9
