50 0
53 0
54 0
56 0
58 0
60 1
62 2
64 1
66 4
67 4
68 5
70 5
72 5
73 6
76 8
77 8
79 7
81 7
83 8
85 8
86 8
88 8
90 10
92 8
93 11
95 10
97 10
98 10
100 9
102 10
103 9
105 10
107 10
109 10
110 11
113 10
114 10
116 11
118 10
119 9
121 9
123 10
125 10
127 9
129 10
130 10
132 11
133 9
135 9
137 11
138 9
140 11
142 11
144 11
146 10
147 10
149 10
151 10
153 9
155 10
157 10
158 11
160 11
162 11
163 10
165 10
167 11
169 11
171 10
173 9
174 10
177 10
178 10
179 10
181 11
183 9
184 10
187 10
188 9
189 8
192 11
193 10
195 10
197 9
198 9
200 10
202 9
204 9
205 8
207 8
209 9
211 9
213 9
214 8
216 9
218 9
219 9
221 9
222 9
224 9
227 9
228 9
229 9
232 9
234 9
236 9
238 9
239 9
241 9
242 9
244 9
246 9
248 9
249 9
251 9
252 9
255 9
256 9
258 9
259 9
261 9
263 9
265 9
266 9
268 9
269 9
271 9
272 9
275 9
277 9
278 9
279 9
281 9
283 9
285 9
286 9
288 9
291 9
292 9
294 9
295 9
297 9
299 9
300 9
302 9
305 9
306 9
308 9
309 9
311 9
313 9
315 9
316 9
318 9
320 9
322 9
