80 0
83 0
85 0
87 0
89 1
90 1
93 3
95 3
97 5
99 6
101 7
103 8
105 8
106 8
108 9
110 9
112 11
114 10
116 12
118 11
119 13
122 13
124 10
126 10
128 11
130 11
132 10
134 10
136 11
137 10
139 10
142 10
143 12
145 11
147 11
149 11
151 12
153 12
155 12
156 12
158 12
160 12
162 12
164 12
166 11
168 11
170 11
172 11
174 11
176 11
178 12
180 12
182 12
184 11
186 10
188 10
190 10
191 10
194 11
196 10
197 10
199 11
201 12
202 12
205 10
207 11
209 11
212 12
214 11
216 10
217 10
219 10
221 11
223 11
225 12
227 12
228 12
230 11
232 12
233 12
236 11
238 12
239 11
241 13
243 12
245 12
247 12
249 14
251 12
253 12
255 13
257 14
259 13
261 14
262 15
264 12
266 13
268 13
269 13
272 12
273 12
276 12
277 13
279 13
281 13
283 13
285 13
287 13
289 13
291 13
293 14
294 13
296 13
298 13
300 13
302 13
304 13
306 13
308 13
310 13
312 13
313 12
315 12
317 12
319 12
321 12
