80 0
82 0
84 0
86 0
87 2
89 3
90 4
92 8
94 6
96 6
97 8
99 11
101 10
102 11
105 11
106 11
108 12
109 10
110 9
112 10
113 9
114 10
117 10
118 10
119 12
120 12
122 12
123 12
124 12
126 11
127 12
129 11
130 11
132 11
133 11
135 11
136 12
137 12
139 11
140 13
141 11
143 11
144 11
145 10
147 11
148 9
149 9
151 11
152 10
154 8
155 9
157 10
159 10
160 10
161 10
163 10
163 10
165 10
166 10
167 9
169 10
171 10
172 9
174 10
176 10
177 9
178 7
180 8
181 7
183 7
184 7
185 7
187 7
188 7
190 7
192 7
193 7
194 7
196 7
197 7
199 7
200 7
201 8
203 7
205 7
206 7
209 7
210 7
212 7
213 7
214 7
215 7
217 7
218 7
220 7
221 7
223 7
225 7
227 7
228 7
229 7
230 7
231 7
232 7
234 7
235 7
237 7
238 7
240 6
241 6
243 6
244 6
245 6
247 6
249 6
250 6
252 6
253 6
254 6
256 6
257 6
258 6
259 6
260 6
263 6
264 6
265 6
267 6
268 6
269 6
271 6
273 6
274 6
276 6
276 6
278 6
279 6
282 6
282 6
283 6
285 6
287 5
287 5
289 5
290 5
292 5
294 5
295 5
297 5
298 5
299 5
302 5
303 5
304 5
306 5
308 5
308 5
310 5
312 5
313 5
315 5
317 5
318 5
320 5
321 5
323 5
