50 0
53 0
54 0
56 0
58 1
60 1
62 2
63 3
65 5
67 6
69 6
71 6
73 7
75 6
76 6
78 8
80 7
83 7
84 7
86 6
88 6
89 6
91 6
92 6
94 6
96 7
97 6
99 7
101 8
103 7
105 8
107 7
109 8
110 8
112 8
113 10
116 9
118 8
120 8
122 9
124 9
125 9
128 9
129 9
131 8
132 8
133 8
135 8
138 8
140 8
141 8
143 8
145 8
147 7
149 7
150 7
152 7
153 8
155 8
157 8
159 7
161 8
163 8
164 8
166 8
167 7
170 7
171 7
173 8
175 8
176 7
179 7
180 8
181 7
183 8
185 7
187 7
189 8
192 8
193 8
195 8
196 8
198 8
200 8
201 8
203 8
205 8
207 8
208 8
210 8
212 8
214 8
215 8
217 8
218 8
220 8
222 8
223 8
225 8
227 8
229 8
230 8
232 8
234 8
236 8
238 8
240 8
241 8
243 8
245 8
246 8
248 8
249 8
251 8
253 8
255 8
256 8
258 8
260 8
261 8
263 8
265 8
267 8
269 8
270 8
272 8
273 8
275 8
277 8
279 8
280 8
282 8
285 8
286 8
288 8
290 8
291 8
293 8
294 8
296 8
298 8
301 8
302 8
303 8
305 8
307 8
309 8
311 8
312 8
314 8
316 8
318 7
320 7
321 7
