50 0
52 0
55 0
57 0
59 0
60 0
62 1
64 2
66 2
67 2
69 2
71 1
73 1
74 3
76 5
78 4
80 5
82 5
83 7
85 9
87 8
89 8
91 8
93 9
94 9
96 8
98 8
100 8
102 8
104 8
106 8
108 8
110 8
111 8
112 8
114 8
116 8
118 8
120 8
121 9
123 9
125 9
127 9
128 9
130 9
132 10
133 10
135 9
137 9
138 9
140 9
142 9
144 8
147 8
148 8
151 8
153 7
154 7
155 7
157 7
160 7
161 7
162 7
164 7
166 6
168 6
169 6
171 6
174 7
175 6
177 6
179 6
181 6
182 6
185 6
187 6
189 6
191 6
192 6
194 6
196 6
197 6
199 6
201 6
202 6
204 6
206 6
207 6
209 6
211 6
213 6
215 6
217 6
219 6
221 6
222 6
224 6
225 6
226 6
228 6
231 6
232 6
234 6
236 6
238 6
239 6
241 6
243 6
245 6
246 6
248 6
250 6
252 6
254 6
255 6
257 6
259 6
261 6
262 6
264 6
265 6
268 6
269 6
271 6
272 6
275 6
276 6
278 6
279 6
282 6
283 6
286 6
287 6
289 6
290 6
292 6
294 6
296 6
298 7
299 6
302 6
303 6
304 6
306 6
308 6
310 6
312 6
314 6
315 6
317 6
320 6
322 7
