60 0
62 0
64 0
66 0
68 0
71 1
72 1
74 0
76 2
77 3
79 3
81 6
83 5
85 5
86 7
88 8
89 11
91 10
93 10
95 10
97 10
99 10
101 11
102 11
105 10
106 11
108 12
110 13
112 13
112 13
114 13
116 13
118 13
121 12
122 12
125 12
126 12
128 12
129 11
131 11
132 11
134 12
136 12
138 12
140 12
141 11
143 12
145 11
147 11
148 11
151 11
152 11
154 11
155 11
157 11
159 11
161 11
163 11
164 11
166 11
168 11
170 11
171 11
173 11
175 11
177 11
178 11
180 11
182 11
184 11
185 11
187 11
189 11
191 11
193 11
194 11
196 11
198 11
199 11
202 11
203 11
206 11
207 11
209 11
210 11
212 11
214 11
216 11
218 11
220 11
221 11
223 11
225 11
227 11
228 11
231 11
232 11
234 11
236 11
237 11
239 11
241 11
243 11
245 11
246 11
248 11
251 11
252 11
254 11
256 11
257 11
259 11
261 11
263 11
264 11
266 11
268 11
270 11
272 11
274 11
275 10
277 10
278 10
280 10
282 10
284 10
286 10
287 10
289 10
290 10
292 10
294 10
296 10
298 10
300 10
302 10
304 10
305 10
307 10
309 10
311 10
312 10
314 10
316 10
317 10
319 10
321 10
