90 0
93 0
94 0
97 1
99 0
100 4
102 5
105 5
106 7
108 10
109 9
111 11
113 12
114 14
116 14
118 14
120 14
122 14
123 13
126 14
127 14
129 15
131 15
132 15
134 14
136 13
138 14
140 14
141 15
144 14
145 15
147 14
148 15
150 15
152 14
153 14
155 15
157 16
159 14
161 16
162 14
165 14
166 14
168 15
170 15
171 15
173 16
175 15
177 16
178 16
180 16
183 16
184 15
185 16
188 15
189 15
191 15
193 15
194 15
196 14
198 14
200 14
201 15
203 15
204 15
206 15
207 15
210 15
212 15
213 15
215 15
216 15
219 15
220 15
222 15
223 15
225 15
226 14
228 14
230 14
232 14
234 14
235 13
237 14
239 14
241 13
242 12
244 13
246 12
248 12
249 12
251 12
252 12
254 12
256 12
257 12
260 12
261 12
263 13
264 12
266 12
268 12
270 12
272 13
273 12
275 13
277 12
278 12
280 12
282 12
284 12
285 12
287 12
288 12
290 12
292 13
294 12
295 12
297 12
299 11
301 12
303 13
304 12
307 12
308 11
309 11
311 11
313 11
315 12
317 11
318 11
320 12
322 12
