60 0
63 0
64 0
67 0
68 0
70 0
73 0
74 1
76 2
78 3
80 3
82 5
85 4
86 5
87 6
90 7
92 6
93 6
96 7
97 7
99 9
101 8
103 10
105 10
108 9
110 11
111 10
112 10
114 12
116 10
118 10
120 11
121 11
123 11
126 12
128 10
130 11
131 11
133 11
135 11
137 11
139 11
141 11
143 11
145 12
147 11
150 11
151 12
153 12
155 12
157 12
159 12
161 12
163 12
165 12
168 12
169 12
171 12
173 12
175 12
176 12
179 12
181 12
183 11
185 11
186 11
189 11
191 11
193 11
195 11
197 11
199 11
200 11
202 11
205 11
206 11
208 11
210 11
212 11
213 11
215 11
217 11
219 11
221 11
222 11
225 11
226 11
229 11
231 11
232 11
234 11
237 11
238 11
240 11
241 11
243 11
245 11
248 11
250 11
251 11
253 11
255 11
258 11
260 11
262 11
264 11
266 11
267 11
270 11
271 11
273 11
275 11
277 11
279 11
281 11
283 12
285 11
287 12
288 12
291 12
293 11
295 11
296 11
299 11
301 11
303 11
304 11
306 11
308 11
310 11
312 11
314 11
315 11
318 11
320 11
