80 0
83 0
84 0
86 0
88 0
89 3
90 4
92 7
93 9
95 12
96 10
98 11
100 9
100 10
102 9
104 9
105 11
106 10
107 12
109 11
110 12
112 11
114 10
116 12
117 12
118 11
120 11
121 12
123 12
125 12
126 12
128 12
129 12
130 12
132 11
133 11
134 11
137 11
138 10
139 10
141 10
143 10
145 10
146 10
147 10
149 10
150 10
152 10
152 10
154 10
155 10
156 10
158 10
160 10
162 10
163 10
164 10
166 10
167 10
168 10
170 9
171 9
173 9
174 9
175 9
177 9
178 9
180 9
181 9
183 9
184 9
185 9
187 9
188 9
189 9
191 9
193 9
195 9
196 9
197 9
199 9
200 9
201 9
203 9
204 9
206 8
207 8
210 8
210 8
211 8
213 8
214 8
215 8
217 8
219 8
219 8
221 8
223 8
224 8
225 8
227 8
228 8
229 8
230 8
232 8
233 8
235 8
236 8
238 8
239 8
240 8
242 8
243 8
245 8
247 8
248 8
250 8
251 8
252 8
254 8
255 8
256 8
258 8
259 8
260 8
262 8
264 8
265 8
267 8
268 8
270 8
271 8
273 8
274 8
276 8
277 8
279 8
280 8
281 8
283 8
284 8
285 8
287 8
289 8
290 8
292 8
293 8
295 8
297 8
300 8
301 8
303 8
305 8
305 8
307 8
308 8
309 8
311 8
312 8
313 8
314 8
316 8
318 8
319 8
320 8
321 8
