70 0
73 0
75 0
77 0
78 0
80 1
82 2
83 3
86 5
87 7
89 8
91 10
92 11
94 11
96 11
98 12
99 13
101 13
102 13
105 13
107 13
108 12
110 11
112 11
113 11
115 11
117 11
119 9
120 10
122 11
124 10
125 11
127 11
129 11
130 10
132 11
134 10
136 11
138 10
140 11
141 11
144 11
146 11
147 12
149 12
151 12
152 12
154 12
156 12
157 13
159 13
161 12
163 12
165 12
167 12
168 12
170 13
172 11
174 12
176 11
179 11
180 12
182 12
183 13
186 11
187 13
188 13
191 13
192 12
194 13
195 13
197 13
198 13
200 13
201 13
203 13
204 13
206 13
208 13
210 13
211 13
213 13
215 13
216 13
218 13
220 13
222 13
223 13
225 13
226 13
228 13
230 13
232 13
234 13
236 13
237 13
239 13
240 12
242 12
244 12
245 12
247 12
249 12
250 12
252 12
254 12
256 12
258 12
259 12
261 12
263 12
265 12
266 12
267 12
269 12
271 12
272 12
275 12
276 12
278 12
280 12
281 12
283 12
285 12
286 12
289 11
290 11
292 11
293 11
295 11
296 11
299 11
300 11
303 11
304 11
306 11
307 11
309 11
310 11
312 10
314 10
316 10
317 10
319 10
321 10
322 10
