50 0
53 0
54 0
56 0
58 0
59 0
61 0
63 0
65 0
67 1
68 3
70 2
71 2
73 3
75 3
77 4
78 4
80 6
81 4
84 4
85 5
86 5
88 5
91 6
92 8
94 9
96 9
97 10
99 10
101 10
102 10
104 10
106 11
108 11
110 11
111 10
113 11
114 13
116 12
118 13
119 12
121 12
123 11
125 11
127 10
128 11
130 11
132 11
133 11
136 11
137 11
139 11
141 11
142 12
144 12
146 11
147 11
149 10
151 10
153 10
155 10
156 10
158 10
160 9
161 9
163 10
164 9
166 10
168 10
169 10
171 10
173 10
174 10
176 10
178 10
180 10
182 9
182 10
184 9
186 8
188 9
190 9
191 9
193 8
195 8
196 8
198 9
199 9
201 9
203 9
205 9
206 9
208 10
210 9
212 10
214 10
215 10
217 10
218 10
220 10
222 10
224 10
225 10
226 10
228 10
230 10
232 10
234 10
235 10
238 10
239 10
241 10
242 10
244 9
246 9
247 9
249 9
250 9
252 9
254 9
256 9
257 10
259 10
261 9
262 9
264 9
265 9
267 9
270 9
272 9
273 9
275 9
277 9
278 9
280 9
282 9
283 9
285 9
286 9
289 9
290 9
292 9
294 9
296 9
298 9
299 9
301 9
303 9
305 9
306 9
308 9
310 9
311 9
313 9
315 9
317 9
318 9
320 9
321 9
