90 0
93 0
95 0
97 0
98 0
101 2
103 3
105 4
107 5
109 5
111 6
113 6
115 7
117 6
119 8
121 9
122 10
124 11
126 11
129 13
131 11
132 12
134 13
136 15
138 14
140 15
142 15
144 14
146 15
148 15
149 14
151 15
153 16
155 15
157 14
158 14
160 14
162 14
164 14
167 14
168 14
170 13
172 13
174 13
176 13
179 12
180 14
182 13
184 14
186 13
188 13
190 13
192 13
194 13
196 13
198 13
199 13
201 13
204 13
205 13
208 13
209 13
211 13
213 13
215 13
217 13
219 13
221 13
222 13
225 13
227 13
228 13
230 13
232 13
234 13
236 13
238 13
240 12
242 12
243 12
245 12
247 12
249 12
251 12
253 12
255 12
257 12
258 12
261 12
263 12
264 13
266 12
268 12
271 12
273 12
274 12
276 12
278 12
280 12
282 12
285 12
286 12
288 12
290 12
291 12
293 12
295 12
297 12
299 12
301 12
303 12
305 12
307 12
309 12
311 12
312 12
314 12
316 12
318 12
321 12
