80 0
83 0
85 0
86 0
88 0
90 0
92 4
94 6
96 7
97 8
99 10
101 12
103 10
104 11
106 10
109 10
111 11
112 11
114 11
116 11
117 11
119 11
120 12
122 12
124 12
126 13
127 11
130 12
133 12
134 12
136 12
138 12
140 12
141 12
143 12
145 13
146 12
148 13
150 12
152 12
153 12
155 11
157 11
158 11
160 12
162 11
164 11
166 12
167 12
170 12
171 12
172 12
174 12
176 12
177 11
179 12
182 12
183 12
184 10
186 10
188 9
189 9
191 9
193 9
194 9
197 9
198 9
200 9
202 9
205 9
206 9
208 9
209 9
211 9
212 9
214 9
216 9
217 9
219 9
221 9
223 9
224 9
227 9
228 9
230 9
231 8
233 8
235 8
237 8
239 8
241 8
242 8
243 8
245 8
247 8
248 8
250 8
251 8
253 8
255 8
257 8
259 8
260 8
262 8
264 8
266 8
267 8
269 8
270 8
272 8
274 8
275 8
277 8
279 8
281 8
283 8
284 8
286 8
288 8
289 8
291 8
293 7
294 7
296 7
298 7
300 7
301 7
303 7
305 7
307 7
309 7
311 7
313 7
314 7
316 7
317 7
319 7
321 6
