80 0
83 0
85 0
87 0
89 0
91 0
93 1
95 3
97 4
99 5
101 8
103 5
105 7
107 6
109 7
110 8
112 11
114 12
116 11
119 11
120 14
123 14
124 14
126 14
128 14
130 14
133 14
134 12
136 14
138 12
140 13
141 14
144 13
145 12
148 14
150 12
151 12
153 13
155 14
157 14
159 14
161 13
163 13
165 15
167 14
169 15
171 15
173 14
175 14
176 14
179 14
181 14
183 14
187 13
188 13
190 14
191 13
193 14
195 14
197 14
199 13
201 13
203 13
205 13
207 13
208 13
210 13
212 12
214 12
217 12
218 12
221 12
222 12
224 12
226 12
229 12
229 12
232 12
234 12
236 12
238 12
240 12
242 12
244 12
246 12
247 12
249 12
250 12
253 12
255 13
256 13
258 11
261 12
262 12
264 12
266 12
267 12
269 12
271 12
274 12
275 12
277 12
279 12
280 12
283 12
284 11
286 11
289 11
290 11
292 11
294 11
296 11
298 11
300 11
301 10
303 10
306 10
307 10
309 10
312 10
314 10
315 10
317 10
319 10
321 10
