40 0
43 0
45 0
47 0
49 0
51 0
52 0
55 0
56 1
58 3
60 3
62 4
63 4
65 5
67 6
70 5
71 6
74 6
75 6
77 6
79 6
81 7
83 6
85 6
87 8
89 8
91 7
93 7
95 7
96 8
98 8
101 7
103 9
104 7
106 8
108 9
110 8
112 9
114 9
115 9
118 9
119 9
121 9
123 9
125 10
127 10
129 10
131 10
133 10
135 10
137 10
139 11
140 12
143 12
144 11
147 11
149 12
150 12
152 11
154 12
156 11
158 11
160 10
162 10
164 10
166 10
168 10
170 10
172 10
174 10
176 10
178 10
180 10
181 10
183 10
185 10
187 10
189 10
191 10
193 10
195 10
197 10
199 10
200 10
202 10
204 10
206 9
208 10
210 10
212 10
213 10
215 10
217 10
220 9
221 9
224 10
226 10
227 10
229 10
231 10
232 10
235 10
236 10
238 10
240 10
242 10
244 10
246 10
248 10
250 10
252 10
255 10
257 10
259 10
261 10
262 10
265 10
266 10
268 10
270 10
272 10
274 10
276 10
277 10
279 10
281 10
282 10
284 10
286 10
288 10
290 10
292 10
294 10
296 10
298 10
300 10
302 10
304 10
306 10
307 10
310 10
311 10
313 10
315 10
317 10
319 10
320 10
