30 0
33 0
34 0
36 0
38 0
40 1
42 2
43 3
45 4
47 3
48 4
50 4
52 4
54 3
55 4
58 4
59 6
60 6
62 7
64 7
66 7
68 7
70 7
71 7
73 7
75 8
76 7
78 7
80 7
82 8
83 7
85 8
87 8
89 7
91 7
93 7
95 7
96 7
98 7
100 8
101 8
103 8
105 9
107 8
109 9
110 9
111 9
114 9
115 9
117 9
118 8
120 8
121 9
124 9
125 9
127 9
128 9
130 9
132 9
134 9
135 9
137 9
139 9
141 9
143 9
145 9
146 9
148 9
150 9
151 9
153 9
154 9
156 9
158 9
160 9
161 9
163 9
165 9
166 9
168 9
170 9
172 9
173 9
175 9
177 9
179 9
180 9
182 9
183 9
185 9
187 9
189 9
190 9
192 9
194 9
195 9
197 9
199 9
201 9
203 9
205 9
206 9
208 9
210 9
211 9
213 9
215 9
216 9
218 9
220 9
222 9
224 9
226 9
227 9
229 9
231 9
232 9
234 9
236 9
237 9
240 9
242 9
243 9
244 9
246 9
248 9
250 9
252 9
253 9
255 9
257 9
258 9
260 9
262 9
264 9
265 9
267 9
269 9
271 9
272 9
275 9
276 9
278 9
280 9
282 9
284 9
285 9
288 9
289 9
290 9
292 9
294 9
296 9
297 9
299 9
301 9
302 9
304 9
306 9
308 9
310 9
311 9
313 9
315 9
317 9
319 9
320 9
322 9
