30 0
33 0
35 0
37 0
38 0
40 0
41 0
43 1
44 2
46 3
48 5
49 3
51 4
52 5
54 4
56 5
58 4
60 5
62 5
63 5
65 3
66 4
68 6
70 2
71 2
73 3
75 2
76 2
78 3
80 3
81 3
83 3
85 3
87 3
88 3
90 3
92 3
93 3
95 3
97 3
99 3
100 3
102 3
104 3
105 3
107 2
109 2
111 2
112 2
115 2
116 2
117 3
119 3
122 3
123 2
124 3
127 3
128 2
130 3
131 3
134 3
136 3
138 3
139 3
141 3
143 3
144 3
146 3
148 3
149 3
150 3
152 3
154 3
156 3
157 4
159 4
160 4
162 4
164 4
165 4
167 3
169 3
170 3
172 3
174 3
176 3
178 3
179 3
181 3
182 3
184 3
186 3
188 3
189 3
191 3
192 3
194 3
196 3
198 3
200 3
202 3
203 3
205 3
207 4
209 3
210 3
212 3
213 3
215 3
217 3
219 3
220 4
222 4
223 3
225 3
227 3
230 3
231 3
232 3
234 3
236 3
238 3
240 3
241 3
242 3
244 3
246 3
247 3
249 3
251 3
254 3
256 3
257 3
259 3
260 3
262 3
263 3
265 3
267 3
268 3
270 3
272 3
273 3
275 3
277 3
278 3
280 3
282 3
284 3
286 3
287 3
289 3
291 3
292 3
293 3
295 3
296 3
299 3
300 3
302 3
303 3
305 3
307 3
309 3
310 3
312 3
314 3
315 3
317 3
319 3
320 3
322 3
