70 0
72 0
74 0
76 0
78 1
80 3
81 3
82 3
84 5
85 5
87 6
88 6
90 7
91 6
92 9
94 10
95 9
96 11
98 9
100 10
102 10
103 10
103 10
105 9
106 10
108 9
109 10
111 8
113 10
114 8
116 9
117 9
118 10
120 10
121 10
122 10
124 10
126 11
128 10
130 9
130 9
132 9
132 9
134 9
135 9
137 9
138 9
140 8
141 7
143 7
144 7
145 7
147 7
148 7
149 7
151 7
152 7
154 7
155 7
157 7
158 7
160 7
161 7
163 7
164 7
165 7
167 7
169 7
171 7
172 7
173 7
176 7
177 7
178 7
179 7
181 7
183 7
183 7
185 7
186 7
188 7
190 7
191 7
192 7
194 7
196 7
197 7
199 7
199 7
202 7
203 7
204 7
206 7
207 7
208 7
210 7
211 7
212 7
214 7
215 7
217 7
219 7
220 7
221 7
223 7
225 7
226 7
227 7
228 7
230 6
231 6
233 6
234 6
236 6
239 6
240 6
241 5
242 6
243 6
245 6
246 6
247 5
249 6
250 6
252 5
253 5
255 5
256 5
258 5
259 5
260 5
262 5
264 5
265 5
266 5
268 5
269 5
271 5
272 5
274 5
275 5
277 5
278 5
281 5
281 5
283 5
284 5
285 5
287 5
289 5
290 5
291 5
293 5
294 5
295 5
297 5
298 5
299 5
301 5
303 5
304 5
306 5
308 5
309 4
310 4
311 4
313 4
314 4
316 4
317 4
319 4
320 4
321 4
323 4
