60 0
63 0
65 0
66 0
69 0
70 1
72 2
74 1
76 2
78 2
80 5
82 7
84 6
86 6
88 7
89 8
92 8
93 9
95 10
97 9
99 11
101 10
103 10
105 10
107 11
108 11
110 11
112 12
114 12
116 12
118 12
120 12
122 12
124 12
125 13
127 13
129 13
132 13
134 12
136 13
137 11
139 11
141 11
143 11
146 11
147 11
149 11
151 11
153 11
156 11
157 11
160 11
162 11
163 11
165 11
167 11
169 11
171 11
173 11
175 11
177 11
179 11
180 11
182 11
184 11
186 11
188 11
190 11
192 11
193 10
195 10
197 10
199 10
201 10
203 10
205 9
207 9
208 9
210 9
212 9
214 8
216 8
218 8
220 8
222 8
224 8
226 8
229 8
230 8
233 8
235 8
237 8
239 8
241 8
242 8
244 8
246 7
248 7
250 7
253 7
255 7
257 7
258 7
260 7
262 8
264 8
266 8
267 8
269 8
272 8
274 7
275 8
277 7
279 8
281 7
283 7
284 7
287 7
289 7
291 6
292 7
294 6
296 6
298 6
301 6
302 6
303 6
306 6
308 6
309 6
311 6
313 6
315 6
316 6
319 6
321 6
