40 0
43 0
45 0
47 0
48 0
50 1
52 2
53 3
56 6
57 6
59 5
61 5
63 5
64 5
66 5
68 6
70 5
71 6
73 6
75 6
77 6
79 6
80 7
82 8
84 8
85 7
87 7
90 7
92 7
93 7
95 7
97 8
99 8
101 9
103 9
104 8
107 7
108 8
110 7
111 8
113 8
115 8
116 8
118 8
121 8
122 8
124 8
126 8
128 8
129 8
131 8
133 8
135 8
137 8
139 8
140 8
142 8
144 8
145 8
148 8
149 8
151 8
153 8
155 8
157 8
159 8
161 8
162 8
164 8
166 8
167 8
169 8
171 8
173 8
175 8
176 8
178 8
180 8
181 8
183 8
185 8
187 8
189 8
191 8
193 8
195 8
197 8
199 8
201 8
202 8
203 8
205 8
207 8
209 8
210 8
212 8
214 8
216 8
218 8
219 8
222 8
224 8
225 8
227 8
228 8
230 8
232 8
234 8
236 8
238 8
240 8
241 8
243 8
245 8
246 8
248 8
250 8
252 8
253 8
255 8
257 8
258 8
260 8
262 8
264 8
266 8
267 8
269 8
271 8
273 8
275 8
277 8
280 8
281 8
283 8
284 8
287 8
289 8
291 8
292 8
294 8
297 8
298 8
299 8
301 8
303 8
305 8
306 8
308 8
309 8
311 8
313 8
314 8
317 8
318 8
320 8
323 8
