30 0
33 0
34 0
36 0
38 2
41 3
44 3
46 3
47 4
49 5
51 5
52 5
54 5
55 5
56 5
58 5
59 5
61 5
63 5
65 5
67 5
68 5
70 5
71 5
73 5
75 5
77 6
79 5
80 5
82 5
84 5
85 5
87 6
89 6
91 6
93 6
94 7
96 6
98 6
99 6
101 6
103 6
105 6
106 6
108 6
110 6
112 6
113 6
115 6
117 6
120 6
120 6
122 6
123 6
125 6
127 6
129 6
130 6
132 6
134 6
136 6
138 6
140 6
141 6
143 6
145 6
147 6
148 6
150 6
153 6
155 6
156 6
157 6
159 6
160 6
162 6
164 6
167 6
168 6
170 6
172 6
173 6
175 6
177 6
179 6
181 6
183 6
184 6
186 6
188 6
189 6
191 6
194 6
195 6
197 6
199 6
200 6
202 6
203 6
206 6
207 6
209 6
211 6
213 6
214 6
216 6
218 6
220 6
221 6
223 6
224 6
227 6
229 6
231 6
232 6
234 6
235 6
237 6
238 6
240 6
242 6
243 6
245 6
247 6
249 6
251 6
252 6
254 6
256 6
257 6
259 6
261 6
263 6
265 6
266 6
268 6
270 6
272 6
273 6
275 6
276 6
278 6
280 6
282 6
284 6
285 6
288 6
289 6
291 6
292 6
294 6
296 6
297 6
299 6
301 6
302 6
304 6
306 6
307 6
310 6
311 6
314 6
316 6
317 6
319 6
320 6
322 6
