80 0
83 0
85 0
87 0
89 1
91 2
92 2
94 3
96 3
98 4
100 5
102 7
104 6
105 7
107 7
108 8
111 9
112 8
114 9
116 11
117 12
119 11
121 10
123 12
124 12
126 12
128 12
130 13
132 14
134 13
136 14
137 14
139 15
141 15
144 13
145 13
146 13
148 13
150 13
152 13
153 13
155 13
157 13
159 13
162 13
165 13
166 13
168 13
169 13
171 13
172 13
174 13
176 13
178 12
180 13
181 12
183 13
186 13
187 13
189 12
191 12
192 12
194 13
196 12
198 12
199 12
202 13
203 13
205 12
207 12
209 12
211 12
213 13
215 13
216 13
218 12
219 12
221 12
223 12
225 12
226 12
228 12
230 12
232 12
234 13
236 12
238 13
239 13
241 13
242 13
244 13
246 13
248 13
250 13
251 13
253 13
255 13
256 13
258 13
260 13
262 13
263 13
265 13
267 13
269 13
271 13
272 13
274 13
277 13
278 13
280 13
282 13
283 13
286 13
288 13
289 13
291 13
293 13
294 13
296 13
298 13
299 13
302 13
304 13
306 13
307 13
309 13
311 13
313 13
314 13
316 13
318 13
320 13
