50 0
53 0
55 0
57 1
60 0
61 2
63 3
65 4
66 5
68 5
70 6
72 7
74 7
75 7
77 9
78 9
80 9
82 8
84 9
86 9
87 10
89 8
92 10
93 10
95 9
96 9
98 10
100 9
101 9
103 10
105 8
107 9
109 10
110 10
113 11
114 9
116 9
118 8
120 8
122 8
124 9
125 9
127 8
129 8
131 8
133 7
134 7
136 7
138 7
140 7
141 7
143 7
145 7
146 7
148 7
150 8
152 8
154 8
155 8
157 8
159 7
161 7
162 7
164 7
166 8
168 7
170 7
171 7
173 7
175 8
177 8
179 8
180 8
182 8
184 7
186 9
188 8
190 8
192 7
193 7
195 7
196 7
198 7
200 7
202 7
203 7
206 7
207 7
209 7
211 7
212 7
214 7
216 7
218 7
220 7
221 7
223 7
226 7
227 7
229 7
231 7
233 7
236 7
237 7
239 7
241 7
243 7
244 7
245 7
247 7
250 7
251 7
253 7
255 7
256 7
258 7
260 7
262 7
264 7
265 7
267 7
269 7
271 7
272 7
275 7
276 7
278 7
279 7
281 7
283 7
284 7
287 7
288 7
290 7
292 7
293 7
295 7
298 7
300 7
302 8
303 7
305 7
307 7
309 7
310 7
312 7
314 7
316 7
317 7
319 7
321 7
322 7
