70 0
73 0
74 0
76 1
77 2
78 2
80 2
81 8
83 6
85 7
86 9
87 7
90 5
91 6
92 6
93 6
95 6
97 6
98 7
99 6
101 7
103 7
103 7
105 7
107 7
108 7
110 7
111 7
113 7
114 7
116 7
117 7
119 7
121 7
122 7
124 7
125 7
127 7
128 7
129 7
130 7
132 7
133 7
135 7
136 7
137 7
139 7
140 7
141 7
143 7
144 7
146 7
148 7
149 7
151 7
153 7
154 7
155 7
157 7
158 7
160 7
162 7
163 7
164 7
165 7
167 7
168 7
169 7
171 7
173 7
174 7
175 7
176 7
178 7
179 7
181 7
182 7
184 7
185 7
187 7
188 7
191 7
191 7
194 7
194 7
197 7
198 7
199 7
200 7
202 7
203 7
204 7
206 7
209 7
211 7
213 7
214 7
215 7
216 7
218 7
219 7
222 7
223 7
225 7
227 7
227 7
228 7
230 7
231 7
233 7
235 7
237 7
239 7
240 7
242 7
242 7
245 7
247 7
249 7
250 7
251 7
253 7
254 7
256 7
257 7
259 7
261 7
262 7
263 7
265 7
267 7
268 7
270 7
271 7
273 7
274 7
275 7
276 7
278 7
280 7
281 7
282 7
284 7
285 7
287 7
288 7
290 7
290 7
292 7
294 7
296 7
296 7
298 7
299 7
300 7
301 7
303 7
304 7
305 7
307 7
308 7
310 7
311 7
312 7
314 7
315 7
316 7
317 7
319 7
320 7
322 7
323 7
