30 0
32 0
34 0
36 0
39 1
40 2
42 2
43 3
45 3
47 4
49 5
50 4
52 5
54 5
56 5
58 6
59 5
62 5
63 6
64 6
66 6
68 6
70 6
71 6
74 5
76 5
77 5
79 5
80 5
82 5
84 5
85 6
87 6
88 6
90 6
93 6
94 6
96 7
98 7
100 7
101 7
103 7
105 7
107 7
108 7
110 7
112 6
114 6
116 6
117 6
118 6
120 6
122 6
124 6
126 6
128 6
130 6
131 7
133 6
135 6
137 6
138 7
140 6
141 7
143 6
145 6
147 6
149 7
151 6
152 6
154 5
157 5
158 5
161 5
162 5
164 6
166 6
167 4
169 4
170 4
171 4
174 4
175 4
177 4
179 4
180 4
182 4
184 4
185 4
187 4
188 4
190 4
192 4
194 3
195 3
197 3
199 3
201 3
203 3
205 3
207 3
208 3
210 3
212 3
213 3
215 3
217 4
219 3
221 3
222 3
224 4
226 4
227 3
229 3
231 3
233 3
235 3
236 3
238 3
239 3
241 3
243 3
245 3
246 3
249 3
250 3
252 3
254 3
255 3
258 3
260 3
261 3
263 3
264 3
266 3
268 3
269 3
271 3
273 3
275 3
276 3
278 3
280 3
281 3
283 3
284 3
286 3
287 3
290 3
291 3
293 3
295 3
297 3
299 3
301 3
304 3
305 3
307 3
309 3
311 3
312 3
313 3
316 3
317 3
319 3
321 3
