70 0
73 0
74 0
76 0
78 1
81 1
82 1
84 1
86 1
87 2
89 2
91 4
93 6
95 6
96 6
98 6
100 4
102 5
103 6
105 7
107 5
109 8
111 7
112 9
115 8
116 9
118 9
120 9
122 10
124 11
126 10
128 10
129 10
131 12
133 11
135 11
137 10
138 10
140 11
141 11
143 12
145 14
146 15
149 15
150 14
152 14
154 12
156 13
158 13
159 13
161 12
163 12
165 11
166 11
168 11
170 11
173 11
173 11
175 10
177 10
179 10
181 10
182 10
185 10
187 10
188 10
190 10
192 10
193 10
195 10
198 10
199 10
201 10
203 10
205 10
207 10
208 9
210 9
212 9
213 9
215 9
217 9
219 9
221 9
222 9
224 9
226 9
227 9
229 9
231 9
233 9
234 9
236 9
238 9
240 9
242 9
243 9
245 9
247 9
249 9
251 9
253 9
255 9
257 9
258 9
260 9
261 9
264 9
265 9
266 9
269 9
270 9
272 9
273 9
276 9
277 9
279 9
281 9
283 9
284 9
286 9
288 9
290 9
291 9
293 9
296 9
297 9
299 9
301 9
302 9
304 9
305 9
308 9
309 9
311 9
313 9
315 9
316 9
318 9
320 9
322 9
