40 0
42 0
44 0
45 0
47 0
48 0
50 0
51 2
53 3
55 5
56 4
57 4
60 5
60 6
62 7
64 8
65 7
66 8
68 7
70 7
71 7
72 7
75 6
76 8
78 7
79 7
80 7
82 7
83 7
84 6
85 6
87 6
88 6
90 6
91 6
93 7
95 6
96 7
98 7
99 7
101 7
102 7
104 7
105 7
106 7
108 7
110 7
112 7
112 7
114 7
115 7
116 7
118 7
120 7
121 7
123 7
124 7
126 7
127 7
128 7
130 7
131 7
133 7
135 7
137 7
138 7
139 7
141 7
142 7
143 6
145 6
146 6
147 7
148 7
150 7
151 7
152 7
154 7
156 7
157 7
159 7
160 6
161 6
162 6
164 6
165 6
167 6
169 6
170 6
171 6
173 6
174 6
176 6
177 6
179 6
180 6
182 6
183 6
185 6
186 6
189 5
190 6
191 6
193 6
194 6
195 6
197 6
198 6
199 6
200 6
203 6
204 6
206 6
208 6
209 6
210 6
212 6
214 6
215 6
216 6
218 6
219 6
221 6
222 6
224 6
225 6
227 6
228 6
229 6
231 6
232 6
234 6
235 6
237 6
238 6
240 6
241 6
242 6
244 6
245 6
247 6
248 6
250 6
252 6
254 6
255 6
257 6
258 6
259 6
260 6
261 6
263 6
264 6
266 6
268 6
269 6
271 6
273 6
275 6
276 6
277 6
279 6
280 6
282 6
283 6
285 6
286 6
288 6
289 6
290 6
293 6
293 6
295 6
296 6
298 6
299 6
301 6
301 6
303 6
305 6
306 6
307 6
309 6
311 6
312 6
313 6
315 6
317 6
318 6
320 6
321 6
323 6
