80 0
83 0
85 0
86 0
88 1
89 2
90 4
92 6
93 7
94 7
97 10
97 10
99 10
100 11
102 11
103 11
105 13
106 13
108 13
109 13
112 13
113 13
114 12
117 13
118 13
119 13
120 13
121 12
123 12
124 12
125 12
127 12
128 12
130 12
131 11
133 11
134 11
136 10
137 10
138 10
139 11
141 10
142 10
145 11
147 11
149 10
152 11
153 11
156 10
156 10
158 11
159 10
160 10
161 11
163 11
165 11
166 10
168 10
169 10
171 10
172 10
174 10
176 10
177 10
178 9
179 9
180 8
182 8
183 8
184 8
186 8
187 8
188 8
189 8
191 8
193 8
194 8
196 8
197 8
198 8
199 8
201 8
202 8
203 8
204 8
206 8
208 8
209 8
210 8
212 8
213 8
215 8
216 8
217 7
220 7
221 7
222 7
223 7
226 7
226 7
228 7
229 7
230 6
232 6
234 6
235 6
237 6
238 6
240 6
241 6
242 6
244 6
245 6
247 6
248 6
251 6
252 6
253 6
255 6
256 6
258 6
260 6
261 6
262 6
264 6
265 6
267 6
269 6
272 6
272 6
274 6
275 6
277 6
279 6
280 6
281 6
282 6
283 6
285 6
287 6
288 6
289 6
291 6
292 6
293 6
294 6
296 6
297 6
299 6
300 6
302 6
303 6
305 6
306 6
308 6
309 6
311 6
312 6
313 6
315 6
316 6
317 6
319 6
321 6
322 6
