50 0
53 0
55 0
57 0
58 0
60 2
63 2
64 2
66 2
68 2
70 2
72 2
74 4
75 4
78 5
79 5
82 6
84 5
86 5
88 4
89 6
91 5
94 7
95 8
97 8
99 9
102 7
103 7
105 8
107 10
109 9
110 10
112 10
114 9
116 9
118 10
120 10
123 9
124 10
126 9
127 10
130 9
131 9
134 8
135 8
137 8
139 8
141 9
143 10
144 10
147 9
149 9
150 10
152 10
154 10
156 9
158 9
160 9
161 9
163 9
166 9
168 9
169 9
172 9
173 9
175 9
177 8
179 8
181 8
183 8
185 8
187 8
189 8
191 8
194 8
196 8
198 8
199 8
202 9
203 8
205 8
208 8
209 9
211 9
213 9
215 9
217 9
218 9
220 9
222 10
224 10
226 10
228 9
230 9
231 10
234 10
236 10
238 10
240 10
242 10
244 10
245 10
247 10
249 10
251 10
253 10
255 10
257 10
259 10
261 10
263 10
265 10
267 10
268 10
270 10
272 10
274 10
276 10
278 10
280 10
282 10
283 10
285 10
287 10
289 10
290 10
292 10
294 10
296 10
298 10
300 10
302 10
305 10
307 10
309 10
311 10
313 10
315 10
316 10
318 10
320 10
