90 0
93 0
95 0
96 0
98 1
100 0
101 2
104 4
105 5
107 8
108 8
110 8
112 8
114 8
115 10
118 9
119 13
120 12
123 12
124 11
126 12
128 14
129 13
131 15
133 13
135 14
136 14
138 14
140 14
142 14
143 13
145 13
147 14
149 14
151 14
152 14
153 13
155 13
157 14
159 13
162 13
163 13
164 14
167 14
168 14
170 14
172 14
173 14
175 14
177 14
178 14
180 14
182 14
184 14
185 14
187 14
189 14
191 14
193 14
194 14
196 14
197 15
199 15
202 15
203 16
204 16
206 15
208 14
209 13
212 13
213 12
215 12
216 12
218 12
221 12
222 12
224 12
226 12
228 12
229 12
231 12
233 12
234 12
236 12
238 12
239 12
241 11
242 13
244 13
246 12
248 13
250 13
252 13
253 13
255 13
256 13
258 13
260 13
262 13
263 13
265 13
268 13
269 13
271 13
273 13
274 12
276 11
278 12
279 11
281 11
282 12
284 12
285 12
287 12
289 11
292 11
294 11
296 11
297 11
299 11
300 11
302 11
304 11
305 11
307 11
309 11
310 11
312 11
313 11
316 11
318 11
319 11
321 11
322 11
