40 0
42 0
44 0
46 0
48 0
50 0
51 0
53 0
55 2
58 1
60 4
61 4
63 4
65 4
67 4
68 4
70 6
71 5
73 5
75 6
77 6
78 6
80 7
81 7
83 7
84 7
86 7
88 8
89 8
91 8
93 8
95 8
96 8
98 8
100 8
103 8
104 8
106 8
107 9
109 9
111 8
112 8
115 7
117 7
119 8
121 7
122 9
124 9
126 9
127 8
129 8
131 7
132 8
134 9
136 8
137 7
139 7
141 9
143 8
145 9
147 9
148 8
149 9
151 7
153 9
154 8
157 8
159 9
160 8
162 9
164 9
165 9
167 9
169 9
171 9
173 9
174 9
176 9
178 9
180 9
181 9
183 9
185 9
187 9
189 9
190 9
192 9
193 9
195 9
197 9
199 9
201 9
202 9
203 8
205 8
207 8
209 8
211 8
213 8
215 8
217 8
218 8
220 8
221 8
223 8
225 8
226 8
228 8
230 8
231 8
233 8
235 8
237 8
239 8
240 8
243 8
244 9
247 8
248 8
249 8
251 8
253 9
255 9
257 9
259 9
260 9
261 9
263 9
265 9
266 9
268 9
269 9
272 9
274 9
275 9
277 9
278 9
280 9
282 9
283 9
285 9
287 9
289 9
291 9
292 9
294 9
296 9
297 9
299 9
300 9
302 9
304 8
306 8
308 8
310 8
312 8
313 8
314 8
316 8
318 8
320 8
322 8
