80 0
83 0
85 0
87 0
87 0
90 1
92 3
94 3
95 4
97 3
99 3
100 4
102 6
104 8
105 8
107 8
109 8
110 9
112 11
114 10
116 10
117 11
119 10
120 11
122 11
123 12
126 13
127 13
129 12
131 12
133 13
134 12
136 12
138 14
139 14
141 13
142 13
144 13
146 14
147 13
149 14
150 13
153 13
154 14
156 13
157 15
159 13
161 13
162 14
164 14
166 14
167 14
170 14
171 14
173 14
174 14
176 14
178 14
180 13
182 12
183 12
185 12
187 12
189 12
190 12
192 12
193 12
195 11
196 11
198 11
200 11
202 11
203 11
205 11
208 11
209 11
211 11
212 11
214 11
216 11
217 11
219 11
221 11
222 11
223 11
225 11
227 11
229 11
231 11
233 11
235 11
236 11
238 11
239 11
242 11
243 11
244 11
246 11
248 11
249 11
251 11
253 11
255 11
256 11
258 11
260 10
261 10
263 10
265 10
267 10
268 10
270 10
271 10
274 10
275 10
277 10
279 10
280 10
282 10
283 10
285 10
287 10
288 10
290 10
292 10
294 10
295 10
297 10
299 10
301 10
302 10
304 10
306 10
307 10
310 10
311 10
312 10
314 10
316 10
317 10
320 10
321 10
