50 0
52 0
54 0
57 0
59 0
59 1
61 1
62 3
63 6
66 6
67 4
69 7
71 8
72 8
74 7
76 8
78 7
79 7
81 7
81 5
82 6
85 8
86 6
87 7
89 7
91 9
92 8
93 8
94 7
95 8
97 7
99 7
101 7
102 8
104 8
106 7
106 8
107 8
109 8
110 8
112 6
113 8
114 6
116 6
117 7
118 7
120 7
121 6
123 6
124 5
125 6
127 6
127 6
129 6
130 5
132 5
133 5
135 6
137 7
139 6
139 6
141 6
142 6
144 6
145 6
147 6
149 7
151 6
152 7
153 6
154 7
155 6
157 6
159 6
160 6
161 6
163 6
164 5
166 6
167 6
168 6
170 5
171 5
172 5
174 5
176 6
176 5
178 5
179 5
181 5
182 5
184 5
186 6
187 5
189 5
189 5
191 5
192 5
195 5
196 5
198 5
199 5
200 5
202 5
203 5
204 5
206 5
208 5
209 5
211 5
213 5
214 5
216 5
217 5
219 5
220 5
221 5
223 5
224 5
225 5
226 5
228 5
229 5
231 5
232 5
234 5
236 5
237 5
240 5
241 5
242 5
243 5
245 5
247 5
248 5
249 5
251 5
252 5
254 5
255 5
257 5
259 5
260 5
262 5
263 5
265 5
267 5
268 5
270 5
271 5
272 5
274 5
275 5
277 5
278 5
280 5
281 5
282 5
283 5
285 5
286 5
288 5
289 5
291 5
293 5
295 5
297 5
298 5
300 5
301 5
302 5
303 5
305 5
307 5
309 5
310 5
311 5
313 5
314 5
316 5
318 5
319 5
320 5
322 5
323 5
