80 0
83 0
85 0
86 0
87 1
88 3
90 3
91 3
93 5
94 5
96 6
98 6
99 7
100 7
102 7
103 7
106 8
107 8
108 10
109 9
111 10
112 11
114 12
116 10
116 10
118 12
119 11
121 12
123 9
124 10
126 9
127 9
129 9
130 9
132 10
134 9
135 10
137 9
139 9
140 10
141 9
143 9
145 8
146 9
147 9
149 8
151 8
152 8
154 9
155 9
157 9
158 9
160 8
161 8
162 8
165 8
166 8
167 8
169 7
170 7
172 7
174 7
176 7
177 7
179 7
180 8
182 8
184 7
185 7
186 7
188 7
189 8
191 7
192 7
193 7
195 7
197 7
199 7
202 7
202 7
203 7
205 7
207 7
208 6
209 6
210 6
211 6
213 6
214 6
215 6
217 6
218 6
220 6
221 6
223 6
225 6
226 6
227 6
229 6
230 6
232 6
233 6
234 6
236 6
237 6
239 6
241 6
242 6
244 6
245 6
246 6
248 6
249 6
250 6
252 6
253 6
255 6
257 6
258 6
259 6
260 6
262 6
263 6
264 6
266 6
267 6
269 6
270 6
272 6
273 6
275 6
277 6
277 6
279 6
280 6
282 6
283 6
284 6
286 6
288 6
288 6
291 6
292 6
293 6
294 6
295 6
297 6
298 6
300 6
301 6
303 6
304 6
306 6
307 6
309 6
311 6
312 6
313 6
316 6
316 6
318 6
319 6
320 6
322 6
