90 0
93 0
95 0
97 0
99 1
100 0
102 0
104 1
106 3
108 4
110 5
111 7
114 9
115 8
117 12
119 11
120 10
122 11
124 9
126 11
128 11
129 11
131 10
133 10
135 11
137 11
138 11
140 11
142 11
144 11
146 11
147 11
149 11
151 12
153 11
154 12
156 12
157 12
159 12
161 12
164 11
165 11
167 11
169 11
170 11
172 11
174 11
175 11
178 11
179 11
181 11
182 11
185 11
186 11
189 12
191 12
192 12
194 12
196 12
198 12
199 12
201 12
203 12
204 12
207 12
208 12
210 12
212 12
214 12
215 12
219 12
220 12
222 12
224 12
225 12
227 12
229 12
230 12
232 12
234 12
235 12
237 12
239 12
241 12
243 12
244 12
246 12
247 12
249 12
251 12
252 12
254 12
256 12
258 12
259 12
261 12
263 12
265 12
266 12
269 12
270 12
272 12
274 12
276 12
277 12
279 12
281 12
283 12
284 12
286 12
288 12
290 12
292 12
294 12
296 12
298 12
299 12
301 12
303 12
305 12
307 12
309 12
310 12
312 12
313 12
315 12
317 12
319 12
320 12
