70 0
73 0
75 0
77 0
79 0
80 0
83 1
84 1
86 3
88 2
90 4
91 4
93 6
95 4
96 7
98 8
100 8
102 10
103 10
105 9
107 11
109 12
111 11
113 9
114 13
116 14
118 13
120 14
121 14
123 14
125 14
127 15
129 15
130 15
133 15
134 15
136 14
138 15
139 13
141 14
143 13
145 13
146 14
148 14
150 14
152 13
153 11
156 10
157 12
159 10
161 10
163 11
165 12
167 12
169 11
170 10
172 12
174 12
175 11
177 12
179 11
181 10
182 10
184 10
186 11
188 10
190 10
191 9
193 9
195 11
196 10
198 10
200 10
201 10
203 10
205 10
207 10
209 10
211 10
212 10
215 10
217 10
218 11
220 10
222 10
223 10
225 10
227 11
229 10
231 10
234 10
235 11
236 11
239 11
241 11
242 10
244 10
246 10
248 10
249 10
251 10
253 10
255 10
257 10
258 10
260 10
262 10
265 10
266 10
268 10
270 10
271 10
273 10
275 10
276 11
278 11
280 10
281 11
283 11
285 10
287 11
288 10
291 10
293 10
295 10
296 9
298 9
300 9
302 9
304 9
305 9
307 9
309 10
311 10
313 10
314 10
316 10
318 10
319 10
321 10
