60 0
63 0
65 0
66 0
68 0
70 1
72 1
73 1
75 2
77 1
79 1
80 3
82 3
84 4
86 5
89 5
89 6
91 6
93 6
94 7
97 7
98 7
100 7
101 7
103 7
105 7
106 7
108 7
110 7
112 7
113 6
115 7
117 6
119 7
121 7
122 8
124 7
126 6
127 7
129 9
131 7
132 10
134 10
135 8
137 8
139 9
141 8
143 10
144 10
146 10
148 10
149 9
151 8
154 8
156 8
157 8
159 9
161 9
162 9
164 9
166 9
168 10
169 10
171 10
173 10
174 10
176 10
178 10
180 10
182 10
183 10
185 10
186 10
188 10
191 10
192 10
194 10
196 10
197 10
199 10
201 10
203 9
205 9
206 9
207 9
209 9
211 9
212 9
214 9
216 10
218 10
220 10
221 10
223 9
224 9
226 9
228 9
229 9
231 9
233 9
235 9
236 9
239 9
240 9
241 9
243 9
245 9
247 9
249 9
251 9
252 9
254 9
255 9
257 9
258 9
260 9
262 9
264 9
266 9
267 9
269 9
270 9
272 8
274 8
275 9
278 9
280 9
282 9
283 9
285 8
286 8
288 8
290 9
292 9
294 8
295 9
297 7
299 9
300 9
302 9
304 9
306 9
307 9
309 9
311 9
312 9
314 9
316 9
318 9
320 8
322 9
