80 0
83 0
85 0
87 0
89 0
91 1
92 2
95 2
96 5
98 5
101 7
103 7
104 7
107 7
110 7
111 7
113 10
115 10
117 11
119 11
121 9
122 10
125 10
127 10
129 10
131 11
132 10
134 10
136 11
138 11
140 11
142 11
144 11
146 12
147 12
149 12
151 12
153 12
155 12
157 12
159 11
161 11
163 11
165 11
166 11
168 12
170 12
172 10
174 10
176 10
177 11
179 11
181 11
184 11
185 11
188 12
189 12
192 11
194 12
196 12
198 12
199 12
201 12
203 12
205 12
207 12
209 11
211 12
213 12
215 12
216 12
218 12
220 12
222 12
224 12
226 12
228 12
230 12
231 12
233 12
235 12
237 12
239 12
241 12
243 12
245 12
246 12
248 12
251 11
252 11
254 11
256 11
258 11
260 11
262 10
264 10
266 11
268 10
270 10
272 10
274 10
275 9
277 9
280 9
281 9
283 9
286 9
288 9
289 9
291 9
293 9
295 9
297 9
299 9
301 9
303 9
305 9
307 9
309 9
311 9
313 8
314 8
317 8
318 8
320 8
322 8
