30 0
33 0
34 0
36 0
38 1
40 1
42 1
43 2
45 2
48 4
49 3
51 5
53 5
55 6
56 5
58 7
60 7
62 4
63 6
65 7
67 8
69 8
70 8
72 8
74 8
76 9
78 9
79 9
81 9
84 9
85 9
86 8
88 8
90 8
92 8
94 7
96 6
98 6
99 6
101 6
103 6
105 7
106 7
109 7
111 7
112 7
114 7
116 7
117 7
119 7
121 7
122 7
124 7
126 7
127 7
129 7
131 7
133 7
135 6
137 7
139 7
141 7
142 7
144 7
145 7
147 7
149 7
151 7
154 7
155 7
157 7
159 7
160 6
162 6
164 6
166 6
167 6
169 7
171 6
173 7
174 7
176 7
179 7
180 7
181 7
183 7
185 7
187 7
189 7
191 7
192 7
193 6
195 7
197 6
199 6
201 7
202 7
204 7
206 6
208 6
210 7
212 6
214 6
215 6
217 6
219 6
221 6
223 6
225 6
226 6
229 5
230 5
232 5
233 5
235 5
238 5
239 5
241 5
242 5
244 5
246 5
248 5
250 5
251 5
253 5
254 5
256 5
258 5
259 5
261 5
263 5
265 5
266 5
268 5
270 5
272 5
274 5
276 5
277 5
279 5
280 5
282 5
284 5
285 5
287 5
289 5
292 5
293 5
296 5
298 5
299 5
301 5
302 5
304 5
305 5
308 5
309 5
311 5
313 5
315 6
317 5
319 5
320 5
