80 0
83 0
84 0
86 0
87 2
89 2
91 5
92 4
94 4
95 4
96 5
98 5
99 8
100 9
102 9
104 11
106 10
107 11
108 11
109 13
110 11
112 14
114 13
115 10
116 11
118 9
119 10
120 10
123 10
123 10
124 10
126 10
127 12
128 10
130 11
131 11
133 11
134 10
136 11
137 12
139 11
140 12
142 12
144 11
145 11
147 11
149 11
150 11
152 11
153 11
155 11
156 10
157 10
159 10
160 10
161 8
162 9
164 8
165 8
166 9
168 9
170 8
171 8
172 8
174 9
176 9
178 9
180 9
180 9
182 9
184 9
185 9
186 9
187 9
189 9
190 9
193 8
193 9
195 8
196 8
197 8
199 8
200 9
201 8
203 8
205 8
206 8
208 8
209 8
210 8
212 8
214 8
215 8
216 8
218 8
220 8
220 8
222 8
224 8
225 8
227 8
229 8
230 8
232 8
234 8
235 8
237 8
239 8
241 8
242 8
243 8
244 8
246 8
247 8
249 8
250 8
252 8
254 8
255 8
256 8
257 8
259 8
262 8
262 8
264 8
265 8
267 8
268 8
269 8
271 8
272 8
274 8
275 8
276 8
277 8
278 8
280 8
281 8
283 8
284 8
285 7
287 7
288 7
290 7
291 7
293 7
294 7
296 7
298 7
299 7
300 7
303 7
304 7
305 7
306 7
308 7
309 7
311 7
312 7
314 7
315 7
316 7
317 7
319 7
320 7
322 7
323 7
