60 0
62 0
65 0
66 0
68 1
70 3
72 3
73 3
75 4
77 5
79 6
80 5
83 6
84 8
85 8
88 8
89 9
90 9
92 9
94 9
96 10
97 7
99 8
101 10
103 9
104 8
106 9
108 9
109 9
111 10
112 10
113 10
115 10
117 10
119 10
121 10
122 10
124 9
125 9
127 9
129 10
131 9
132 9
134 9
135 9
137 9
139 9
141 9
142 9
145 9
146 9
147 9
149 9
151 9
153 9
155 9
157 9
159 9
160 9
161 9
163 9
165 9
166 9
168 9
169 9
171 9
173 9
175 9
176 9
178 9
180 10
181 9
183 10
184 9
187 9
188 9
190 9
192 9
195 9
196 9
197 9
199 9
201 9
203 9
204 9
205 9
207 9
209 9
211 9
212 9
214 9
215 9
218 9
219 9
221 9
222 9
224 9
225 9
227 9
229 9
230 9
233 9
234 9
235 9
237 9
239 9
240 9
242 9
244 9
245 9
247 9
249 9
251 9
252 9
254 9
256 9
257 9
259 8
261 8
262 8
264 8
266 8
267 8
269 8
271 8
272 8
274 8
276 8
277 8
280 8
281 8
283 8
285 8
286 8
288 8
290 8
291 8
293 8
295 8
296 8
298 8
300 8
301 8
303 8
305 8
306 8
308 8
309 8
311 8
313 8
314 8
316 8
317 8
319 8
322 8
