40 0
42 0
44 0
46 0
48 0
49 0
51 0
52 1
55 2
56 2
57 4
59 5
61 4
62 4
64 5
67 4
69 7
70 7
72 7
74 7
75 7
77 7
79 7
80 7
82 7
83 7
85 8
87 9
88 8
90 8
91 8
93 8
95 9
96 9
98 9
100 9
102 9
103 9
105 9
107 9
109 10
110 10
112 10
113 10
115 10
117 10
118 9
120 11
122 11
123 11
125 10
126 10
128 10
131 10
132 10
134 10
136 9
137 9
139 9
141 9
143 9
144 9
146 9
147 9
149 9
151 9
152 9
154 9
156 9
157 9
159 9
161 9
163 9
166 9
167 9
169 9
170 9
171 9
173 9
175 9
177 9
178 9
180 9
182 9
183 9
185 9
187 9
189 9
190 9
191 9
194 9
195 9
197 9
199 9
200 9
203 10
203 9
205 9
207 9
208 9
210 9
212 9
214 9
215 9
217 9
219 9
221 9
223 8
224 9
226 9
227 9
230 9
231 9
232 9
234 9
236 9
238 9
240 9
241 9
242 9
244 9
247 9
248 9
250 9
251 9
253 9
255 9
256 9
259 9
260 9
261 9
264 9
265 9
266 9
268 9
269 9
271 8
273 8
274 8
276 8
278 8
280 8
281 8
284 8
285 9
286 8
288 9
290 9
291 8
293 7
294 7
296 7
298 7
299 7
301 7
303 8
305 8
307 8
308 7
310 8
312 7
313 7
315 7
316 7
319 8
320 8
322 7
