90 0
92 0
95 0
96 0
98 1
100 1
102 1
104 1
105 3
108 3
109 4
110 7
112 7
113 6
115 10
117 10
119 10
121 11
123 9
124 11
126 10
128 12
129 14
131 11
133 11
134 13
136 14
137 12
139 14
141 15
143 14
145 14
146 13
148 13
150 13
152 14
153 16
154 15
156 15
158 13
160 14
162 13
164 14
166 14
167 15
169 15
171 14
173 15
174 15
176 15
178 15
180 15
181 15
183 15
185 15
186 15
188 15
190 15
191 15
193 15
194 14
197 15
198 14
200 14
201 14
203 14
205 14
206 14
208 14
210 13
211 13
213 13
215 13
216 13
219 12
221 12
222 12
224 12
225 12
227 12
228 12
230 12
232 12
234 12
236 12
237 12
239 12
241 13
242 12
244 13
246 13
248 12
249 12
251 13
253 12
254 12
257 12
258 12
260 12
262 12
263 13
266 13
266 13
268 13
270 13
272 13
274 13
276 13
277 13
278 13
280 13
282 13
283 13
285 13
286 12
288 12
290 12
291 12
293 12
295 12
296 12
298 13
300 12
302 12
303 12
305 12
306 12
308 12
309 12
311 12
312 12
314 12
316 12
318 12
320 12
322 12
