80 0
84 0
85 0
86 2
88 2
89 2
90 4
92 5
93 5
95 6
97 7
97 8
99 8
101 11
102 8
104 9
105 9
107 10
108 11
110 10
112 9
114 9
115 9
117 9
118 9
119 10
120 10
122 10
123 10
125 10
127 9
129 10
130 10
131 10
132 10
134 10
135 10
137 10
138 9
140 10
141 11
142 10
143 11
145 11
146 10
148 10
150 10
151 10
153 10
154 10
156 10
157 9
158 9
161 9
162 9
164 9
165 8
167 8
169 7
171 8
172 8
173 8
175 8
176 8
177 8
178 7
180 8
181 8
183 8
184 8
185 8
187 8
188 8
189 7
191 7
192 7
193 8
195 7
196 7
198 7
199 6
200 6
203 6
203 7
204 7
206 7
208 7
209 7
211 7
212 7
213 7
215 7
216 7
218 7
219 7
220 7
222 7
223 7
225 7
227 7
229 7
230 7
231 7
233 7
235 7
236 7
237 7
238 7
240 7
241 7
243 7
244 7
246 7
247 7
248 7
250 7
253 7
255 7
255 7
257 7
258 7
260 7
261 7
262 7
264 7
265 7
266 7
268 7
269 7
271 7
272 7
273 7
273 7
274 7
276 7
278 7
279 7
281 7
283 7
283 7
285 7
287 7
289 7
290 7
292 7
293 7
295 7
296 7
297 7
298 7
300 7
301 7
302 7
304 7
306 7
307 7
308 7
309 7
311 7
312 7
314 7
316 7
317 7
318 7
320 7
321 7
