70 0
73 0
74 0
76 0
78 0
80 2
82 2
85 2
86 2
88 3
90 4
91 4
94 5
95 6
97 7
98 7
100 6
102 6
104 9
106 8
108 8
109 9
111 8
112 9
115 8
117 9
119 8
120 8
122 8
124 7
126 8
127 8
129 9
131 8
132 7
134 9
136 8
137 8
139 7
141 9
143 9
145 9
147 9
148 9
150 9
152 10
153 10
155 10
157 9
160 9
161 9
163 9
164 9
166 9
168 9
170 9
172 9
174 9
176 9
177 9
179 9
181 8
183 8
185 8
186 8
189 8
190 8
192 8
195 7
196 7
198 8
200 7
201 6
203 6
205 6
207 6
209 6
210 7
211 7
213 6
215 6
217 7
219 8
220 8
222 7
224 8
225 7
227 8
229 8
232 7
234 8
236 8
237 8
238 8
240 8
242 8
244 9
245 8
248 9
250 9
252 9
253 9
255 9
257 9
259 9
260 9
262 8
264 8
265 8
267 8
269 9
271 8
272 9
275 8
276 9
278 9
281 9
282 9
284 9
285 9
288 9
289 9
291 9
293 9
295 9
297 9
298 9
300 9
302 9
303 9
305 9
307 9
309 8
310 9
312 9
314 9
315 9
317 8
319 9
321 8
323 8
