70 0
73 0
75 0
76 0
79 0
80 1
82 1
84 1
85 3
87 4
89 5
91 5
92 7
94 6
96 9
97 8
99 8
101 7
102 9
104 9
106 9
108 10
110 10
112 9
113 10
115 10
117 10
119 10
120 10
122 10
124 10
126 9
127 11
129 12
131 12
133 11
135 11
137 11
139 11
140 12
141 12
143 13
145 13
147 12
149 12
151 12
153 13
153 13
156 13
157 13
159 13
161 11
162 12
165 12
167 13
168 13
170 13
172 13
174 13
176 13
177 12
179 13
181 12
182 13
184 12
185 12
187 12
189 12
191 12
192 11
194 11
196 10
197 11
199 11
201 11
202 10
204 10
206 11
208 10
209 10
211 11
213 10
214 11
216 10
218 10
219 10
221 11
223 11
225 11
226 11
229 11
230 11
232 10
234 11
236 10
237 10
239 11
241 11
243 10
244 9
247 11
248 10
250 9
251 10
254 11
256 11
258 11
259 12
261 12
262 11
264 11
266 10
268 11
270 10
271 11
273 11
275 10
277 12
279 11
280 11
283 11
284 11
285 11
287 10
289 11
291 10
293 10
294 10
296 10
297 10
299 11
301 11
302 10
305 12
306 12
308 11
310 11
311 9
313 9
315 9
316 10
318 9
320 10
321 10
