30 0
33 0
35 0
37 0
39 0
40 0
42 0
44 0
46 2
48 4
50 4
52 3
54 6
56 7
58 6
60 6
62 4
63 5
65 4
67 6
69 7
71 7
73 8
75 8
78 8
79 9
81 9
83 9
86 9
87 9
89 9
91 9
93 9
95 9
97 8
98 8
100 8
102 8
104 8
106 8
108 8
110 9
112 10
114 8
116 8
118 8
120 8
122 8
124 8
126 8
128 8
129 8
131 9
133 8
135 8
137 8
139 8
141 8
142 7
144 7
147 8
149 8
151 6
154 8
155 8
156 8
158 9
160 8
161 8
163 8
165 8
167 7
169 7
171 7
172 8
175 8
177 8
179 8
181 8
182 8
184 8
186 8
188 8
190 8
192 8
194 8
195 8
197 8
199 8
201 8
203 8
205 8
207 8
209 8
211 8
213 8
215 8
217 8
218 8
220 8
222 8
224 8
226 8
228 8
230 8
232 8
233 8
235 8
237 8
239 8
241 8
243 8
245 8
247 8
249 8
251 8
253 8
255 8
257 8
259 8
261 8
263 8
264 8
267 8
269 8
272 8
273 8
275 8
277 8
279 8
280 8
283 8
284 8
286 8
288 8
291 8
292 8
294 8
296 8
298 8
300 8
302 8
304 8
306 8
308 8
310 8
312 8
314 8
316 8
317 8
320 8
321 8
