50 0
53 0
54 1
56 1
58 3
59 3
60 3
62 3
63 6
64 6
66 7
68 7
69 6
71 7
73 8
73 9
75 9
76 9
79 10
80 9
81 9
82 9
83 9
85 9
87 8
89 9
91 8
92 8
94 8
94 8
96 9
98 9
99 9
101 9
102 9
103 9
105 9
107 9
108 8
109 9
110 9
112 10
113 10
115 10
116 10
118 10
120 10
120 9
122 9
124 9
126 10
127 9
129 9
129 10
131 10
133 10
135 10
136 10
137 10
139 10
140 10
142 10
143 10
145 10
146 10
148 10
149 10
150 10
151 10
153 10
155 10
157 10
159 10
160 10
162 10
163 10
165 10
166 10
167 10
169 10
170 10
172 10
174 10
175 10
177 10
178 10
180 10
181 9
182 10
184 10
186 10
187 10
189 10
190 9
191 9
192 10
194 9
195 9
197 9
197 10
199 10
201 10
202 10
203 10
205 10
207 10
208 10
210 10
212 10
213 10
215 10
215 10
217 10
219 10
220 10
222 10
223 10
224 10
226 10
228 10
228 10
230 10
232 10
234 10
235 10
237 10
238 10
239 10
241 10
242 10
245 10
246 10
247 10
249 10
250 10
252 10
254 10
255 9
257 9
258 9
260 9
261 9
263 9
264 9
265 9
266 9
268 9
269 9
270 9
272 9
274 9
274 9
276 9
277 9
279 9
280 9
282 9
283 9
285 9
286 9
288 9
290 9
291 9
292 9
294 9
295 9
296 9
297 9
300 9
301 9
303 9
304 9
305 9
306 9
308 9
309 9
311 8
312 8
314 8
315 8
316 8
317 8
319 8
320 8
322 8
323 8
