60 0
62 0
64 0
66 0
67 1
69 3
70 2
73 3
74 5
75 7
76 7
78 8
80 8
81 9
82 8
83 7
85 6
87 8
88 6
89 6
91 7
92 7
94 6
95 7
97 7
98 7
99 8
101 7
103 7
105 8
106 8
107 8
109 9
111 8
112 8
113 9
114 9
117 9
118 9
119 8
121 9
122 9
123 9
125 9
126 9
127 10
129 9
130 9
133 9
135 9
136 10
137 10
139 10
141 10
143 10
144 10
145 10
146 10
148 10
148 10
151 10
152 10
154 10
155 10
156 10
157 10
158 10
160 10
162 10
164 10
165 10
167 10
168 10
169 10
171 10
173 10
174 10
175 10
177 10
179 10
180 10
182 10
184 10
185 10
186 10
188 9
188 10
190 9
191 9
193 9
194 9
196 9
197 8
198 8
199 8
202 8
203 8
204 8
205 8
207 8
209 8
210 8
212 8
213 8
214 8
216 8
217 8
219 8
220 8
222 8
223 8
225 8
227 8
228 8
229 8
230 8
232 8
233 8
234 8
236 7
237 8
239 8
240 8
241 8
242 8
244 8
245 8
247 8
248 7
251 7
252 8
253 7
254 8
255 7
258 7
258 8
259 8
261 8
262 8
263 8
265 7
266 8
268 8
269 8
270 8
272 8
274 8
275 8
277 8
279 8
280 8
281 8
283 8
285 8
286 8
288 8
289 8
290 8
292 8
294 8
295 8
296 8
297 8
299 8
300 8
301 8
303 8
305 8
306 8
307 8
310 8
311 8
313 8
314 8
315 8
317 8
318 8
319 8
321 8
