80 0
83 0
84 0
86 0
88 0
89 0
92 1
93 4
95 4
97 4
98 8
100 8
103 8
104 9
106 10
108 10
109 9
112 10
113 10
115 11
117 11
118 10
120 12
122 13
123 12
126 14
127 13
129 11
131 12
132 13
134 12
136 11
138 12
140 11
141 11
143 11
145 11
147 10
148 10
150 10
152 10
153 10
155 10
157 10
159 10
160 10
163 10
164 10
166 10
168 10
170 10
171 10
173 9
174 9
176 9
177 9
180 9
182 9
184 9
185 8
187 8
189 8
190 8
193 8
194 8
197 8
198 8
199 8
201 8
203 8
204 8
206 8
208 8
210 8
212 8
214 7
216 7
218 7
219 7
221 7
223 7
224 7
225 7
227 7
229 7
231 7
233 7
235 7
236 7
238 7
240 7
242 7
243 7
245 7
247 7
248 7
250 7
252 7
254 7
255 7
257 7
258 7
260 7
262 7
264 7
266 7
267 7
269 7
271 7
273 7
275 7
276 7
278 7
280 7
282 7
284 7
285 7
286 7
288 7
290 7
291 7
295 7
296 7
298 7
299 7
301 7
303 7
304 7
306 7
307 7
309 7
311 7
312 7
314 7
316 7
318 7
320 7
322 7
