40 0
43 0
45 0
45 1
47 2
48 2
50 5
52 5
53 7
55 8
57 7
58 7
60 7
61 7
63 6
64 6
65 6
67 6
68 6
71 7
72 8
75 7
76 7
76 7
78 6
81 6
82 6
84 6
84 7
86 7
88 6
89 7
90 6
91 6
93 7
94 7
95 6
97 7
98 6
100 6
101 6
103 6
104 6
105 6
107 6
108 6
110 6
111 6
113 6
114 6
115 6
117 6
117 6
119 5
121 6
121 5
123 5
124 5
126 5
127 5
130 5
131 5
133 5
134 5
136 5
137 5
138 5
139 6
141 5
142 5
143 6
145 6
147 6
149 5
150 6
151 6
153 6
154 5
156 6
157 6
159 6
160 6
161 6
164 6
165 5
167 5
168 5
169 5
170 5
171 5
172 5
173 5
176 5
178 5
179 5
180 5
182 5
183 5
185 5
186 5
188 5
190 5
191 5
192 5
194 5
195 5
196 5
198 5
199 5
201 5
202 5
205 5
206 5
207 5
208 5
210 5
211 5
214 5
216 5
218 5
219 5
220 5
222 5
224 5
226 5
226 5
227 5
229 5
231 5
232 5
234 5
236 5
238 5
240 5
240 5
242 5
243 5
245 5
246 5
248 5
249 5
250 5
252 5
254 5
256 5
257 5
259 5
260 5
262 5
262 5
265 5
266 5
268 5
269 5
271 5
272 5
273 5
275 5
276 5
278 5
280 5
281 5
282 5
283 5
285 5
286 5
287 5
289 5
290 5
291 5
293 5
294 5
295 5
297 5
298 5
300 5
302 5
303 5
305 5
306 5
307 5
308 5
309 5
310 5
312 5
314 5
315 5
316 5
318 5
318 5
320 5
321 5
