40 0
43 0
44 0
45 0
47 0
48 2
50 3
52 3
53 3
55 4
56 5
59 8
60 9
61 7
63 7
64 8
67 8
68 7
69 6
71 7
72 8
74 8
76 7
77 6
78 7
79 7
80 7
81 7
83 7
84 8
85 6
87 6
89 5
91 5
92 7
94 6
95 5
97 5
98 6
99 6
101 5
103 5
104 5
105 5
106 5
108 5
109 5
111 5
112 5
113 5
114 4
116 5
117 4
118 4
120 4
122 4
124 4
125 5
127 5
129 4
130 5
131 5
133 4
135 5
135 4
138 5
139 5
141 5
141 5
143 5
144 4
147 4
149 4
151 4
152 5
154 5
155 5
157 5
159 5
161 5
162 5
164 5
166 5
167 5
168 5
170 5
173 5
175 5
175 5
177 5
178 5
179 5
180 5
182 5
182 5
184 5
185 5
187 5
189 5
189 5
191 5
193 5
194 5
196 5
196 5
197 5
199 5
201 5
203 5
205 5
205 5
208 5
208 5
210 5
211 5
213 5
215 5
216 5
217 5
218 5
220 5
221 5
223 5
224 5
226 5
227 5
228 5
230 5
232 5
233 5
234 5
236 5
237 5
238 5
239 5
241 5
242 5
243 5
245 5
246 5
248 5
249 5
251 5
252 5
253 5
256 5
256 5
258 4
260 5
261 5
263 4
264 4
266 4
267 4
270 4
270 4
272 4
273 4
275 4
276 4
277 4
278 4
280 4
282 4
284 4
285 4
287 4
288 4
289 4
291 4
292 4
293 4
294 4
295 4
297 4
299 4
301 4
302 4
304 4
305 4
306 4
307 4
309 4
310 4
312 4
313 4
314 4
315 4
317 4
319 4
321 4
323 4
