80 0
83 0
86 0
86 0
89 0
90 0
92 1
94 2
96 6
98 5
99 7
101 7
103 10
105 9
107 11
108 10
110 13
112 11
114 10
116 12
117 11
119 11
121 12
123 13
126 13
127 12
128 12
130 11
132 13
133 13
135 13
138 12
139 13
141 13
143 13
144 13
146 14
149 14
150 12
152 12
153 11
155 11
157 12
158 11
160 11
162 11
164 11
166 10
167 11
170 11
171 11
173 11
175 11
177 11
178 11
181 11
183 11
184 11
185 11
187 11
189 11
191 11
193 11
196 10
197 11
200 11
202 11
204 11
206 11
207 11
209 11
210 11
212 10
214 11
215 11
217 11
219 11
220 11
222 11
224 11
225 10
227 10
229 10
231 10
233 10
234 10
236 10
238 10
239 10
242 10
243 10
245 10
247 10
249 10
250 10
252 10
254 10
256 10
258 10
259 10
261 10
262 10
264 10
266 10
268 10
270 10
272 10
273 10
276 10
277 10
279 10
281 10
282 10
284 10
286 10
288 9
289 9
291 9
293 9
296 9
297 9
298 9
300 9
302 9
303 9
305 9
307 9
309 9
311 9
313 8
315 9
316 8
318 8
320 8
321 8
