80 0
83 0
84 0
86 1
87 2
89 4
91 7
92 11
93 9
95 8
96 9
98 9
99 11
100 12
102 12
104 11
105 11
106 12
108 12
109 11
110 11
112 11
113 11
115 11
116 11
118 12
120 12
121 14
122 13
124 12
125 14
127 15
128 14
130 14
132 15
133 14
135 15
136 14
137 14
139 14
140 14
142 13
143 12
144 12
146 12
147 12
149 13
150 12
151 12
153 12
154 12
156 12
157 12
159 12
160 12
162 12
163 12
165 12
166 12
167 12
169 12
170 12
172 12
174 12
175 12
176 12
178 12
179 12
180 12
182 12
185 12
186 12
187 12
189 12
190 12
192 12
193 12
194 12
196 12
197 12
200 11
201 11
202 11
204 11
206 11
206 11
208 11
209 11
210 11
212 11
214 11
216 11
217 11
219 11
220 11
221 11
223 11
224 11
226 11
227 11
228 11
229 11
231 11
232 11
234 11
235 11
238 12
239 11
240 11
241 11
243 12
245 12
245 11
247 11
248 11
250 12
251 12
252 11
254 11
255 12
257 12
258 12
259 12
260 12
263 12
264 12
265 12
266 12
268 12
269 11
271 11
273 11
275 11
276 11
277 11
278 11
279 11
281 11
283 11
284 11
286 11
287 11
288 11
290 11
291 11
293 11
294 11
295 11
297 11
298 12
299 11
301 11
302 12
304 11
305 11
306 11
308 11
310 11
311 11
313 11
314 11
316 11
317 11
318 11
320 11
321 11
323 11
