80 0
83 0
85 0
86 0
87 1
89 2
91 3
92 4
94 5
95 4
97 7
98 7
100 7
101 7
103 7
104 6
105 7
107 10
109 8
110 8
112 9
113 10
115 10
116 11
117 10
118 10
121 11
122 12
124 12
125 12
126 12
128 12
129 12
130 11
132 11
133 11
135 11
136 11
138 11
139 11
140 12
142 12
144 12
145 12
147 11
148 12
149 11
151 11
152 10
153 11
155 11
156 12
157 11
159 10
160 11
162 11
164 11
165 11
167 11
168 11
169 12
171 12
172 12
173 11
175 11
176 12
177 12
179 11
181 9
182 9
183 9
185 9
186 9
188 9
189 9
190 9
193 9
194 8
195 8
197 8
198 8
200 8
201 8
203 8
204 8
205 8
207 8
209 8
210 8
212 8
213 8
214 8
216 8
217 8
218 8
220 8
221 8
222 7
224 8
225 8
226 8
228 7
229 7
231 7
232 7
234 8
235 8
237 8
238 8
240 8
242 7
243 8
246 8
246 8
248 8
249 8
250 7
251 7
253 8
254 7
255 7
257 7
259 8
259 7
261 7
264 7
264 7
266 7
268 7
269 7
271 7
272 7
274 7
275 7
277 7
278 7
280 6
281 6
282 6
284 6
285 6
286 6
288 6
290 6
291 6
293 6
294 6
295 6
297 6
299 6
300 6
302 6
304 6
305 6
307 6
308 6
309 6
310 6
312 6
314 6
315 6
317 6
318 6
319 6
320 6
322 6
322 6
