90 0
93 0
95 0
97 0
99 0
101 1
102 2
104 3
106 5
108 5
111 6
112 7
114 7
116 8
119 9
120 8
121 8
123 9
125 9
127 10
128 9
130 8
132 8
133 9
135 9
137 9
138 9
140 13
142 13
144 13
145 13
147 13
149 14
150 14
153 16
155 15
158 16
159 15
161 14
162 13
164 13
165 13
167 13
169 13
170 13
172 13
174 14
175 14
178 14
179 14
181 14
184 13
186 14
187 14
189 13
191 13
192 13
194 13
196 13
198 13
200 13
202 13
203 13
205 13
207 13
208 13
210 13
212 13
213 13
216 13
217 13
219 13
221 13
223 13
225 13
227 13
229 13
230 13
232 13
234 13
235 12
237 12
239 12
241 11
242 10
244 10
246 10
248 10
249 10
251 10
253 10
255 10
256 10
258 10
260 10
261 10
263 10
265 9
267 9
269 9
270 10
272 9
275 9
276 9
278 10
280 10
282 10
285 9
286 10
288 10
289 10
291 10
293 10
294 10
296 10
298 10
300 10
302 10
303 10
305 10
307 10
309 10
311 10
312 10
314 10
316 10
318 10
319 10
321 10
