50 0
52 0
54 0
56 0
58 0
60 0
61 1
63 1
64 0
67 3
68 3
70 3
72 2
73 4
76 7
77 5
79 7
80 8
82 9
84 9
85 8
87 10
89 9
91 11
92 12
94 12
96 11
97 10
99 10
100 10
102 10
104 10
105 10
107 10
109 10
110 10
112 10
114 9
116 9
118 9
119 9
121 9
123 9
124 9
126 9
127 9
130 9
131 9
132 10
134 9
136 9
138 9
139 9
141 9
142 9
145 9
146 9
147 9
149 9
150 10
152 10
154 9
156 10
157 9
159 10
160 10
162 10
164 10
166 10
168 10
169 10
171 10
173 10
175 10
176 10
178 10
179 10
181 10
182 10
184 10
186 10
188 10
189 10
191 10
193 10
194 9
196 9
198 9
199 9
201 9
203 9
204 9
207 9
208 9
210 9
211 9
213 9
215 9
217 9
218 9
220 9
222 9
224 9
225 9
227 9
229 9
230 9
232 9
234 9
236 9
238 9
239 9
240 9
242 9
244 9
246 9
247 9
249 9
251 9
252 9
254 9
256 9
257 9
259 9
260 9
262 9
264 9
266 9
267 9
269 9
271 9
272 9
274 9
276 9
277 9
279 9
281 9
282 9
284 9
285 9
287 9
289 9
291 9
293 9
294 9
297 9
298 9
300 9
301 9
303 9
305 9
306 9
308 9
310 9
312 9
313 9
315 9
316 9
318 9
319 9
321 9
