60 0
63 0
65 0
66 0
67 1
69 2
71 4
73 5
75 5
76 6
78 7
80 6
81 9
83 10
85 9
86 9
89 9
90 10
92 11
93 12
95 12
96 12
98 12
100 13
101 14
103 13
105 14
107 13
108 14
111 14
113 14
114 13
116 13
118 13
120 13
121 13
123 13
125 13
127 13
128 13
130 13
132 14
134 14
135 14
138 13
139 14
141 13
143 13
144 14
146 13
147 14
149 14
151 14
153 14
154 14
156 14
158 14
160 14
162 14
164 14
165 12
167 12
168 12
170 12
171 10
174 10
176 10
177 9
180 9
181 9
182 9
184 9
185 9
187 9
189 9
191 9
192 9
193 9
196 9
198 9
199 9
201 9
203 9
204 9
206 9
207 9
209 9
210 9
212 9
215 9
216 9
218 9
220 9
221 9
222 9
224 9
226 9
227 9
229 9
231 9
232 8
234 8
235 8
237 8
239 8
241 8
242 8
244 8
246 8
247 8
249 8
250 8
253 8
254 8
256 8
258 8
259 8
260 8
262 8
264 8
266 8
268 8
269 8
271 8
273 8
274 8
276 8
277 8
279 8
281 8
283 8
284 8
286 8
288 8
289 8
290 8
293 8
294 8
295 8
297 8
299 8
300 8
302 8
304 8
305 8
307 8
309 8
310 8
312 8
314 8
316 8
318 8
319 8
321 8
