50 0
53 0
55 0
57 0
59 1
61 0
62 1
63 2
66 4
68 4
70 5
71 4
72 5
74 5
76 5
78 7
79 9
81 8
82 9
84 10
86 12
88 10
89 10
91 10
93 10
94 10
96 10
97 10
99 10
101 10
104 10
105 10
106 9
108 9
111 9
112 9
113 9
115 9
116 9
118 9
120 9
122 9
123 9
126 9
128 9
129 10
131 9
133 10
134 10
136 10
138 9
139 10
141 10
142 10
144 10
145 10
147 10
149 10
150 10
152 9
154 9
156 9
158 9
160 9
161 9
163 9
165 9
166 9
168 9
170 9
172 9
173 9
175 9
177 9
178 9
180 9
182 9
184 9
185 8
187 8
188 8
190 8
193 8
194 8
196 8
197 8
199 8
201 8
202 8
204 8
205 8
207 8
209 8
211 8
212 8
214 8
216 8
217 8
220 8
221 9
223 9
224 9
226 9
227 9
229 9
230 9
232 9
234 9
236 9
237 9
239 9
240 9
243 9
244 9
246 9
247 9
249 9
252 9
253 9
255 9
257 9
258 9
259 9
262 9
263 9
265 9
267 9
269 9
270 9
272 9
274 9
276 9
277 9
279 8
280 9
282 8
285 8
286 8
287 8
289 9
291 8
293 9
295 9
296 9
298 8
300 8
301 8
304 9
304 9
306 9
308 9
309 9
311 9
313 9
314 9
316 9
318 8
319 8
322 8
