50 0
53 0
55 0
56 0
58 0
60 0
62 1
64 4
65 5
67 5
69 8
71 6
73 9
74 8
76 9
78 9
80 10
82 9
83 11
85 9
87 9
88 9
91 10
93 10
95 9
96 8
98 9
101 9
102 8
105 9
107 9
108 9
110 9
111 10
113 8
115 9
117 8
118 9
120 10
122 9
123 9
125 8
127 8
128 8
130 8
132 8
133 8
135 9
137 9
139 8
141 9
143 8
144 8
146 8
148 8
149 8
151 8
153 8
156 8
157 8
159 8
160 8
162 8
164 7
165 6
167 6
169 6
171 6
173 6
175 6
177 6
179 7
181 7
182 7
184 7
186 6
188 6
189 7
191 7
193 7
194 7
196 7
198 7
199 7
202 7
203 7
205 8
206 7
209 7
211 7
212 7
214 7
216 7
218 7
219 7
221 7
223 7
225 7
226 7
229 7
230 7
232 7
233 7
235 7
237 7
239 7
240 7
243 7
244 7
246 7
248 7
249 7
251 7
253 7
254 7
257 7
258 7
260 7
262 7
263 7
265 7
267 7
269 7
270 7
272 7
274 7
276 7
279 7
280 7
281 7
283 7
285 7
287 7
289 7
290 7
292 7
294 7
296 7
298 7
299 7
301 7
303 7
305 7
306 7
308 7
310 7
312 7
314 7
315 7
317 7
319 7
320 7
322 7
