60 0
63 0
64 0
66 0
68 0
69 0
72 1
73 2
74 1
77 2
79 4
80 4
83 6
85 6
87 6
89 6
90 6
92 8
94 8
96 7
97 9
99 9
101 11
103 11
105 12
107 12
108 13
110 13
112 12
113 12
116 12
117 12
119 12
120 12
122 11
124 10
126 10
128 10
129 10
131 10
133 10
134 10
136 9
138 10
140 10
141 9
142 9
145 9
146 9
148 9
149 9
151 9
153 9
155 9
156 9
158 9
159 9
161 9
163 9
165 9
167 9
168 9
172 9
172 9
174 9
175 9
178 9
179 9
181 9
182 9
184 9
186 9
188 9
190 9
191 9
193 9
194 9
197 9
198 9
199 9
201 9
203 9
204 9
206 9
208 9
210 9
212 9
213 9
215 9
217 9
219 9
220 9
222 9
225 9
226 9
228 9
230 9
232 9
233 9
234 9
236 9
238 9
240 9
242 9
244 9
245 9
248 9
249 9
250 9
252 9
254 9
256 9
258 9
259 9
261 9
263 9
264 9
266 9
267 9
269 9
270 9
272 9
274 9
276 9
278 9
279 9
281 8
283 8
285 8
286 8
288 8
290 8
291 8
294 8
295 8
296 8
299 8
300 8
302 7
304 7
306 7
307 7
309 7
311 7
312 7
314 7
316 7
318 7
320 7
321 7
