70 0
73 0
75 0
77 1
78 2
81 3
82 2
85 3
86 2
87 4
89 4
91 5
93 7
94 7
96 8
98 8
99 6
101 8
102 7
105 9
107 9
108 8
110 10
111 10
113 10
115 10
117 11
119 10
121 10
122 10
124 10
126 10
127 9
129 9
131 9
133 9
134 9
136 9
138 8
139 9
141 9
143 9
145 9
146 9
148 8
150 8
152 9
153 9
154 9
156 9
158 9
160 9
162 9
164 9
165 9
167 9
169 9
171 7
172 7
174 7
176 7
178 7
179 7
182 6
183 6
186 6
187 6
189 6
190 5
191 5
193 5
195 5
197 5
198 5
200 5
202 5
203 5
205 5
207 5
208 5
211 5
212 5
214 5
215 5
217 5
219 5
221 5
223 5
224 5
227 5
228 5
229 5
231 5
233 5
235 5
237 5
238 5
240 5
241 5
243 5
245 5
247 5
248 5
251 5
252 5
253 5
256 5
257 5
259 5
261 5
263 5
264 5
267 5
268 5
270 5
271 5
274 5
276 5
278 5
280 5
281 5
283 6
285 6
286 5
288 5
290 5
291 5
294 5
296 5
298 5
300 5
301 5
304 5
305 5
306 5
308 5
310 5
312 5
313 5
315 5
317 5
320 5
320 5
322 5
