80 0
83 0
84 0
86 0
88 1
91 1
92 4
93 5
96 6
97 6
99 9
100 10
102 10
104 9
105 8
107 11
109 10
111 12
113 13
115 12
116 12
118 12
120 12
121 12
123 12
125 11
127 11
129 13
130 12
132 11
134 10
135 12
137 11
139 11
140 12
142 12
144 13
145 12
147 11
149 9
151 9
152 9
155 10
156 10
158 11
160 11
161 12
163 12
165 12
167 11
168 11
170 11
172 10
174 11
176 11
177 11
179 11
180 13
182 11
184 13
185 12
187 12
188 11
191 11
192 13
194 11
197 10
199 11
200 11
201 12
203 11
205 12
207 12
209 12
212 12
212 12
214 12
215 12
217 12
219 12
221 12
223 12
225 12
226 11
229 11
230 11
233 11
234 11
235 11
237 11
239 11
240 11
242 11
244 11
245 11
248 11
250 11
252 11
254 11
255 11
256 11
258 10
260 11
261 11
263 11
265 11
266 11
268 11
270 10
272 10
273 10
275 10
276 10
278 10
280 10
282 10
285 10
286 10
288 10
289 10
290 10
292 10
294 10
296 10
298 10
299 10
301 11
304 10
305 10
306 10
308 10
309 10
311 9
313 9
315 9
317 9
318 9
320 9
322 9
