90 0
93 0
95 0
96 0
97 0
99 3
101 3
102 3
104 3
105 4
107 5
109 6
110 10
112 8
113 8
115 8
117 7
119 8
121 10
121 10
123 11
124 10
126 11
127 11
128 10
129 10
130 10
132 9
133 10
134 10
136 10
137 9
139 9
141 9
142 11
144 11
146 10
148 10
149 10
150 10
152 9
154 9
155 9
156 9
159 9
161 9
162 9
163 9
164 9
166 9
167 9
168 9
169 9
171 9
172 9
173 9
175 9
177 9
178 9
179 9
181 8
182 8
184 8
186 8
187 8
188 8
190 8
191 8
193 8
194 8
196 8
198 8
199 8
201 8
201 8
203 8
204 8
206 8
207 8
208 8
210 8
212 8
213 8
215 8
216 8
218 8
219 8
221 8
222 8
223 8
225 8
226 8
227 8
228 8
230 8
231 8
233 8
234 8
235 8
237 8
238 8
239 8
241 8
243 8
244 8
245 8
247 8
248 8
250 8
252 8
253 8
255 8
256 8
257 8
259 8
260 8
262 8
263 8
265 8
266 8
267 8
269 8
270 8
272 8
273 8
275 8
276 8
279 8
279 8
281 8
282 8
284 8
285 8
286 8
288 8
289 8
291 8
293 8
294 8
296 8
298 8
299 8
300 8
302 8
303 8
305 8
306 8
308 8
309 8
310 8
311 8
313 8
314 8
316 8
318 8
319 8
320 8
321 8
323 8
