70 0
73 0
75 0
77 0
78 0
80 1
83 1
85 1
86 3
88 3
89 6
91 6
93 8
95 7
97 8
99 9
102 8
104 9
105 9
107 9
109 7
110 7
112 8
114 8
116 10
118 11
119 11
121 12
123 12
124 13
127 12
128 10
130 10
132 10
133 10
136 9
138 10
140 10
142 10
143 10
145 10
147 10
149 10
150 10
152 9
154 10
155 10
157 10
159 10
161 10
162 10
164 10
166 9
167 9
170 6
171 8
173 8
175 9
177 7
178 8
181 9
184 8
185 8
188 8
189 8
191 8
192 8
194 9
195 8
197 9
199 8
201 9
202 9
204 9
206 9
207 8
210 9
211 7
212 8
215 8
216 8
218 8
220 8
221 8
223 9
225 9
227 9
229 9
230 9
232 9
234 9
237 9
238 8
239 8
242 8
243 8
245 8
247 8
249 8
251 8
252 8
254 8
256 8
258 8
259 8
261 8
263 8
265 8
266 8
268 8
269 8
272 8
273 8
275 8
277 8
278 8
280 8
282 8
284 8
285 8
287 8
289 9
291 9
292 9
295 9
296 9
298 9
299 9
301 9
302 9
305 9
306 9
309 8
310 8
312 8
313 8
316 8
318 8
320 8
321 9
