30 0
32 0
34 0
36 0
37 0
39 1
40 2
42 5
43 6
46 6
47 8
48 8
49 7
50 8
51 7
53 7
54 7
57 7
58 7
59 7
61 7
61 7
64 7
65 7
66 6
68 6
69 6
71 6
72 6
74 5
75 5
76 5
77 5
79 5
81 5
82 5
84 5
85 5
86 5
90 5
91 5
92 5
93 5
94 5
97 5
98 5
99 5
101 5
102 5
103 5
104 5
106 5
107 5
109 5
110 5
111 5
113 5
114 5
116 5
117 5
119 5
120 5
121 5
123 5
124 5
125 5
127 5
129 5
130 5
131 5
133 5
134 5
136 5
137 5
139 5
140 5
142 5
143 5
145 5
147 5
148 5
149 5
151 5
152 5
153 5
154 5
156 5
157 5
158 5
160 5
161 5
163 5
164 5
166 5
167 5
169 5
170 5
172 5
173 5
174 5
176 5
178 5
179 5
181 5
182 5
184 5
184 5
186 5
187 5
190 5
191 5
193 5
194 5
195 5
196 5
198 5
199 5
200 5
201 5
203 5
205 5
206 5
208 5
210 5
211 5
212 5
213 5
214 5
217 5
218 5
220 5
221 5
222 5
224 5
226 5
228 5
230 5
231 5
233 5
235 5
236 5
237 5
238 5
240 5
241 5
243 5
244 5
245 5
247 5
249 5
250 5
252 5
253 5
254 5
255 5
257 5
259 5
260 5
261 5
263 5
264 5
266 5
268 5
269 5
270 5
271 5
273 5
274 5
276 5
277 5
278 5
279 5
281 5
282 5
284 5
285 5
287 5
287 5
289 5
291 5
294 5
294 5
296 5
297 5
299 5
300 5
302 5
304 5
305 5
306 5
307 5
309 5
310 5
312 5
314 5
315 5
317 5
318 5
319 5
321 5
322 5
