90 0
93 0
95 0
97 0
99 0
101 2
102 2
104 2
106 2
108 4
110 7
112 9
114 9
116 11
118 11
120 11
122 12
124 11
126 12
128 12
130 13
132 12
134 14
135 12
138 11
140 11
142 13
144 13
145 14
148 13
149 14
151 13
153 13
155 12
157 12
159 12
161 12
162 12
164 12
166 13
168 12
170 14
172 14
174 15
175 14
177 15
179 14
181 15
183 15
185 14
187 15
189 14
191 15
193 14
194 15
196 15
198 15
201 15
202 15
204 16
206 14
208 14
210 14
211 14
213 14
215 14
217 13
219 14
221 14
223 13
225 12
227 12
229 12
230 12
233 12
234 12
237 12
239 12
240 12
243 12
245 12
246 13
247 12
250 12
251 12
254 12
256 12
258 12
260 12
262 12
263 12
265 12
267 12
269 12
271 12
273 12
274 12
276 12
279 12
280 12
282 12
284 12
286 12
288 12
290 12
293 12
294 12
296 12
298 12
300 12
302 12
304 12
306 12
308 12
309 12
310 13
313 13
315 12
317 13
319 12
320 12
