40 0
43 0
45 0
48 0
49 0
50 0
52 1
55 2
57 2
59 1
60 2
62 2
65 2
66 2
68 4
70 5
72 5
74 5
75 5
78 5
80 4
82 4
84 4
85 4
88 5
89 5
91 5
93 5
95 5
97 5
99 5
100 5
103 5
104 5
106 5
108 5
111 5
113 5
117 5
118 5
119 5
122 5
124 5
126 5
127 5
129 5
131 5
133 5
134 5
137 5
138 5
140 5
142 5
144 5
146 5
148 5
149 5
152 5
154 5
156 5
158 5
160 5
161 5
163 5
166 5
167 5
169 5
171 5
172 5
175 5
177 4
179 4
181 4
182 4
184 4
186 4
188 4
190 4
192 4
194 4
195 4
197 4
199 4
201 4
203 4
205 4
207 4
208 4
210 4
212 4
214 4
216 4
218 4
220 5
222 4
223 5
226 4
228 4
229 4
231 4
233 4
235 4
237 4
239 4
241 4
244 4
246 5
248 5
249 5
251 5
253 5
254 5
257 5
258 5
260 5
262 5
264 5
266 5
268 5
270 5
272 5
273 5
275 5
277 5
279 5
281 5
283 5
285 5
287 5
289 5
291 5
293 5
296 5
298 5
299 4
301 5
303 4
305 4
307 4
309 4
311 4
312 4
314 4
317 4
318 4
320 4
