80 0
83 0
85 0
86 0
88 1
90 0
91 1
93 1
96 4
98 3
100 6
102 6
103 8
104 9
106 9
108 10
109 10
111 9
113 10
115 10
116 10
118 10
120 10
121 12
123 12
125 11
127 12
129 13
131 12
132 12
134 12
135 13
137 13
139 12
140 11
142 12
144 13
146 12
147 11
150 12
152 12
153 11
155 12
156 13
158 14
160 11
161 12
164 12
165 12
168 12
170 12
171 12
173 11
175 13
176 12
178 12
180 12
182 12
184 11
186 11
187 11
190 11
191 11
192 11
194 11
195 11
198 11
200 11
201 12
203 11
205 11
206 11
208 11
210 11
212 11
214 11
215 12
217 12
219 12
221 12
222 12
224 11
225 11
228 11
229 11
231 11
233 11
234 11
237 12
238 11
240 12
242 12
244 12
245 12
247 12
249 12
251 12
252 12
254 12
256 12
257 12
259 12
261 12
263 12
264 12
266 11
268 11
270 11
272 11
273 11
275 11
278 11
280 11
281 11
283 11
284 11
286 11
288 11
289 11
292 11
293 11
295 11
296 11
298 11
299 11
301 11
303 11
305 11
307 11
308 11
310 11
312 11
314 11
315 11
317 11
318 11
320 11
322 11
