70 0
73 0
75 0
78 0
79 0
81 2
83 1
84 3
86 4
88 4
90 4
92 3
94 5
96 6
98 6
100 7
102 7
104 7
105 7
107 7
109 7
112 7
113 7
115 7
117 6
118 6
121 7
122 6
124 8
126 7
129 7
130 6
132 7
134 6
137 8
138 8
140 9
142 10
145 12
146 12
148 12
150 12
152 12
154 12
156 13
157 13
160 11
162 11
163 11
165 11
167 12
169 11
171 11
172 11
174 11
177 11
178 11
181 11
182 12
184 11
187 11
188 11
190 10
192 12
194 11
196 10
198 10
200 11
201 11
203 11
205 11
207 10
210 10
212 10
214 10
215 10
218 10
220 10
221 10
223 10
225 10
227 10
229 10
231 10
232 9
235 10
237 10
239 10
241 10
243 10
244 10
246 10
248 10
250 10
252 10
254 10
255 10
257 10
260 10
261 10
263 10
265 10
267 10
269 10
271 10
273 10
274 10
276 10
279 10
281 9
282 10
284 10
286 9
288 9
290 9
292 9
293 9
295 9
297 9
299 9
301 9
303 9
305 9
306 9
308 9
310 9
312 9
314 9
316 9
318 9
320 9
321 7
