80 0
83 0
85 0
87 1
88 2
89 4
91 6
92 11
94 11
95 13
96 12
98 12
99 13
102 13
103 13
104 13
105 12
106 14
108 13
109 13
111 14
112 12
114 12
115 12
116 13
117 13
119 13
121 13
123 13
123 13
125 13
127 13
128 13
129 13
131 13
133 13
135 12
136 13
138 13
139 13
140 12
142 12
143 12
145 12
146 12
148 12
149 12
151 12
151 12
153 12
155 12
158 12
160 12
161 12
162 12
164 12
167 12
167 12
169 12
170 12
171 13
173 13
175 13
176 13
178 13
178 13
180 13
181 12
182 12
183 12
184 12
186 12
188 11
189 11
190 11
192 11
193 12
195 11
197 12
198 12
200 12
201 12
202 12
203 12
205 12
207 12
208 12
210 12
211 12
212 12
213 12
215 11
217 12
219 12
221 12
222 12
224 11
224 11
226 10
228 10
229 11
230 10
231 10
234 10
235 10
236 11
238 11
239 11
241 11
242 11
243 11
245 11
246 11
247 12
249 11
250 11
252 12
253 12
255 11
256 11
258 12
259 11
261 11
262 12
263 11
266 11
267 11
268 11
271 11
271 11
273 11
273 11
274 11
276 11
278 11
279 11
281 11
283 11
285 11
286 11
288 11
289 11
290 11
291 11
292 11
294 11
296 11
297 11
298 11
300 11
302 11
303 11
304 11
306 11
307 11
308 11
311 11
312 11
312 11
314 11
315 11
317 11
318 11
320 11
322 11
