90 0
93 0
95 0
96 0
98 1
100 0
101 1
103 3
106 4
108 2
109 6
110 7
113 9
114 8
115 11
117 10
119 10
121 9
123 12
124 11
126 12
128 10
130 10
131 11
133 11
135 12
137 12
138 12
140 12
142 13
144 12
146 12
147 12
150 12
151 12
153 11
155 12
157 12
158 10
160 11
162 9
164 11
165 11
167 11
168 12
170 11
172 12
174 12
176 12
177 12
179 13
180 14
182 14
184 13
186 13
188 13
190 13
191 14
193 14
195 14
196 14
198 14
200 14
202 13
203 13
205 13
206 13
209 13
210 12
211 12
214 12
217 12
218 12
219 12
221 12
223 12
224 12
226 12
228 12
229 12
231 12
233 12
234 12
236 12
238 12
240 12
241 12
244 12
245 12
247 12
249 12
251 12
253 12
255 12
256 12
258 12
259 12
261 12
263 12
265 13
267 13
268 13
271 12
272 12
273 13
275 12
276 12
278 12
280 12
282 12
283 12
286 12
287 13
289 13
291 13
292 12
294 13
296 13
297 13
299 12
301 13
303 12
305 13
306 13
308 13
310 13
312 12
314 12
316 12
318 11
321 11
322 10
324 10
325 10
