70 0
73 0
75 0
77 0
79 0
80 1
82 2
84 3
85 4
87 5
89 5
91 6
93 7
95 7
97 7
98 8
100 7
102 7
104 8
105 8
107 9
109 9
111 8
113 8
114 8
116 8
118 9
119 9
122 10
123 10
125 9
127 8
129 8
130 9
132 8
134 8
136 9
138 10
140 11
141 11
144 10
145 10
147 10
148 11
150 9
152 9
154 10
156 10
158 9
159 9
161 9
163 9
165 9
167 9
168 8
170 9
172 9
174 9
176 9
177 9
179 9
181 9
183 9
186 9
187 9
189 9
190 9
192 9
194 9
196 8
198 8
199 8
201 8
204 7
205 7
207 7
209 7
210 7
212 7
214 7
215 6
217 6
219 6
221 6
223 6
224 6
227 6
229 6
230 6
232 6
234 6
235 6
237 6
239 6
240 6
243 6
245 6
246 6
248 6
250 6
252 6
253 6
255 6
257 6
259 5
260 5
262 5
265 5
266 5
268 5
270 5
271 5
273 5
275 5
277 5
279 5
280 5
282 5
284 5
285 5
287 5
289 5
291 5
293 5
295 5
296 5
299 5
300 5
302 5
303 5
305 5
307 5
309 5
310 5
312 5
315 5
316 5
318 5
320 5
