70 0
73 0
74 0
77 0
78 0
80 1
82 2
83 2
85 2
87 4
88 3
90 4
92 4
94 7
96 7
98 7
99 8
101 10
103 10
105 10
107 8
109 12
110 10
112 11
114 10
115 10
117 10
119 9
120 9
122 8
124 9
126 9
127 9
129 8
131 9
133 8
134 8
136 8
138 9
139 9
141 9
143 7
144 7
146 7
148 7
150 7
152 7
154 7
155 7
158 8
159 8
160 8
162 8
164 8
166 8
167 8
169 8
171 8
173 8
175 8
177 8
178 8
180 8
181 8
182 8
184 8
186 8
188 8
190 8
192 8
193 8
195 8
197 8
198 8
200 8
202 8
205 8
206 8
208 8
209 8
211 8
213 8
214 8
216 8
218 8
220 8
221 8
224 8
225 9
227 9
228 9
230 8
232 8
233 8
236 8
237 8
239 8
241 8
243 8
244 8
246 8
248 8
250 8
251 8
253 8
254 8
256 8
258 8
260 8
261 8
263 8
265 8
267 8
269 8
270 8
272 8
274 8
275 8
277 8
278 7
280 8
282 7
283 7
285 7
287 7
288 7
290 7
292 7
294 7
296 6
297 6
299 6
301 6
302 6
304 6
305 6
308 6
310 6
311 6
313 6
314 6
317 6
318 6
320 7
