80 0
83 0
85 0
87 0
88 0
90 2
92 2
93 3
95 3
97 4
98 6
100 7
102 7
103 8
105 9
107 8
109 9
110 10
112 12
114 14
115 14
116 16
118 16
120 15
122 13
123 14
125 14
127 13
129 13
130 13
132 13
134 13
135 13
137 13
139 13
141 13
143 13
144 13
145 13
147 13
149 13
151 13
153 13
154 13
156 13
157 13
159 12
162 13
163 12
165 12
166 12
168 12
171 12
172 12
174 12
175 12
177 12
178 12
180 12
182 12
183 12
185 12
187 12
188 12
190 12
192 12
194 12
195 12
197 12
199 12
201 12
202 12
204 12
206 12
207 12
209 12
211 12
212 11
215 11
217 11
218 11
220 11
222 11
223 11
225 11
226 11
228 11
230 11
232 11
233 11
235 11
236 11
239 11
240 11
242 11
244 11
245 11
247 11
248 11
250 11
252 11
254 11
255 11
257 11
259 11
260 11
262 11
264 11
265 11
267 11
269 11
271 11
272 11
274 11
277 11
278 11
281 11
282 11
283 11
285 11
286 11
289 11
291 11
292 11
294 11
295 11
297 11
298 11
300 11
301 12
303 11
305 12
306 11
309 11
310 10
311 10
313 10
315 10
317 10
318 10
320 10
321 10
