30 0
33 0
35 0
36 0
39 1
41 1
42 1
44 1
46 1
48 2
49 3
51 2
53 3
55 3
56 5
58 4
60 5
62 4
63 5
65 6
68 6
70 5
71 6
73 6
75 6
77 6
80 7
82 5
84 6
85 6
87 7
89 7
91 6
92 7
94 7
96 7
98 8
100 7
101 7
103 9
104 8
107 8
108 8
111 8
112 9
114 8
115 8
117 8
119 8
121 8
123 8
124 8
126 9
128 11
129 10
131 9
133 9
134 9
136 9
138 9
139 9
142 10
143 10
145 10
147 10
149 10
151 10
152 10
154 10
155 10
158 10
160 9
161 10
162 10
165 9
167 9
168 9
170 9
173 9
175 9
176 9
178 9
179 9
181 9
183 9
185 9
187 9
189 9
191 9
192 9
194 9
196 9
197 9
199 9
200 9
202 9
204 9
206 9
208 9
209 9
211 9
213 9
214 9
217 9
218 9
220 9
222 9
224 9
226 9
228 9
229 9
231 9
234 9
236 9
237 9
240 9
242 9
244 9
246 9
248 9
250 9
251 9
253 8
255 8
257 8
258 8
259 8
261 8
263 8
265 8
267 8
268 8
269 8
272 8
274 8
276 8
277 8
279 8
281 8
282 8
283 8
286 8
287 8
289 8
291 8
293 8
294 8
296 8
297 8
299 8
302 8
303 8
305 8
307 8
308 8
310 8
313 8
314 8
316 8
318 8
319 8
321 8
