90 0
93 0
95 0
97 0
98 1
100 1
101 2
103 2
105 2
107 3
109 5
110 5
112 7
114 7
116 7
117 8
120 8
121 8
123 10
124 10
127 10
128 10
129 10
131 11
133 11
135 10
137 10
139 10
140 10
143 10
144 10
146 10
148 10
149 11
151 10
152 10
155 10
156 11
158 11
160 12
161 12
163 11
164 10
166 11
168 10
170 10
172 10
174 10
176 10
177 9
179 9
181 9
182 9
184 9
186 9
188 9
189 9
191 9
193 9
195 9
196 9
198 9
200 9
201 9
203 9
205 9
206 9
208 9
209 9
212 9
213 9
215 9
217 9
218 9
220 9
222 9
224 9
226 9
228 9
229 9
231 9
233 9
234 9
236 9
237 9
240 9
241 9
243 9
244 9
247 9
247 9
249 9
251 9
253 9
254 9
257 9
258 9
259 9
262 9
264 9
265 9
267 9
268 9
270 9
272 9
273 9
275 9
277 9
279 9
280 9
282 9
285 9
286 9
288 9
290 9
291 9
293 9
295 9
296 9
298 9
300 9
301 9
303 9
305 9
307 9
308 9
310 9
312 9
314 9
316 9
317 9
319 9
320 9
