70 0
73 0
74 0
76 0
78 2
79 5
80 6
84 6
84 7
86 10
87 9
88 10
90 10
91 9
93 8
94 9
96 10
97 10
99 9
101 10
102 11
103 10
106 11
107 10
108 11
110 10
111 11
113 11
114 11
115 12
117 13
118 12
120 12
121 12
122 12
124 13
126 12
127 11
130 10
132 10
132 10
134 10
136 10
137 10
138 10
139 10
141 10
142 10
143 10
145 10
147 10
148 10
149 10
151 10
153 9
154 9
156 9
157 9
159 9
160 10
162 10
163 9
165 9
166 9
168 9
169 9
171 9
172 9
173 9
175 9
176 9
177 9
179 9
180 8
182 8
183 9
185 9
186 9
187 9
188 9
190 9
191 9
193 9
194 9
195 9
197 9
198 9
200 9
202 9
203 9
204 9
205 9
206 9
208 9
209 8
211 9
213 9
214 9
217 9
218 9
220 9
221 9
223 9
224 9
227 8
228 8
230 8
231 8
232 8
234 9
235 9
237 8
238 8
239 8
241 8
242 8
244 8
245 8
246 8
248 8
249 8
250 8
251 8
253 8
254 8
256 8
257 8
259 8
260 8
262 8
264 8
264 8
266 8
267 8
269 8
271 8
272 8
273 8
275 8
276 8
277 8
279 8
281 8
282 8
283 8
284 8
286 8
288 8
289 8
290 8
291 8
293 8
295 8
297 8
298 8
299 8
300 8
301 8
303 8
305 8
306 8
308 8
309 8
311 8
312 8
314 8
315 8
317 8
319 8
320 8
321 8
323 8
