30 0
33 0
34 0
35 0
37 1
39 0
41 3
41 2
43 2
44 4
46 7
47 7
49 7
50 7
52 9
53 6
55 6
56 7
57 7
59 7
60 7
62 7
63 7
64 6
66 6
68 6
69 7
71 6
72 6
73 7
75 7
76 7
77 7
79 7
80 6
83 5
83 6
85 7
86 7
88 6
90 6
93 6
94 7
96 7
97 7
98 7
100 7
101 7
103 7
104 7
106 7
108 6
109 7
111 7
112 6
114 6
115 6
116 6
119 6
120 6
121 6
124 6
125 6
126 6
127 6
129 6
130 6
133 6
133 6
135 6
136 6
137 6
139 6
141 6
141 6
143 6
144 6
146 6
148 6
149 6
151 6
152 6
154 6
155 6
158 6
160 6
162 6
162 6
165 6
167 6
168 6
169 6
170 6
172 6
173 6
175 6
176 6
177 6
180 6
181 6
182 6
184 6
185 6
186 6
188 6
189 6
190 6
191 6
193 6
194 6
195 6
197 6
199 6
200 6
201 6
203 6
205 6
206 6
207 6
209 6
211 6
212 6
213 6
215 6
217 6
217 6
219 6
219 6
221 6
223 6
225 6
226 6
227 6
229 6
231 6
233 6
234 6
236 6
237 6
238 6
240 6
241 6
243 6
244 6
246 6
246 6
248 6
250 6
251 6
252 6
253 6
255 6
256 6
258 6
260 6
262 6
263 6
265 6
266 6
267 6
269 6
270 6
272 6
272 6
274 6
276 6
277 6
278 6
280 6
281 6
282 6
283 6
285 6
286 6
287 6
289 6
292 6
292 6
294 6
296 6
297 6
298 6
299 6
300 6
302 6
303 6
305 6
306 6
308 6
309 6
311 6
312 6
314 6
315 6
316 6
318 6
319 6
321 6
