50 0
53 0
54 0
55 0
57 0
59 0
60 1
62 1
63 3
65 2
67 3
68 2
70 5
70 6
72 5
73 6
75 6
76 7
78 6
79 7
81 5
82 5
84 5
85 5
86 5
88 5
89 5
91 5
92 5
94 5
95 5
96 5
99 5
100 5
101 5
102 5
104 6
106 6
107 6
109 5
112 6
112 6
113 6
114 6
116 6
118 6
119 6
120 6
122 6
123 6
124 6
126 6
128 6
128 6
130 6
131 6
132 6
133 6
135 6
136 6
139 6
141 6
142 6
143 6
145 6
146 6
147 6
148 6
150 6
151 6
153 6
154 6
156 6
158 6
159 6
160 6
162 6
163 6
164 6
166 6
168 6
169 6
171 6
173 6
174 6
175 6
177 6
178 6
180 6
181 6
183 6
184 6
186 6
187 6
189 6
190 6
191 6
194 6
195 6
197 6
198 6
200 6
200 6
202 6
204 6
205 6
207 6
208 6
210 6
212 6
213 6
215 6
216 6
218 6
219 6
220 6
222 6
224 6
225 6
226 6
227 6
228 6
229 6
231 6
232 6
233 6
236 6
237 6
238 6
240 6
242 6
243 6
245 6
248 6
248 6
250 6
251 6
253 6
254 6
256 6
257 6
259 6
259 6
261 6
262 6
264 6
265 6
267 6
268 6
270 6
271 6
272 6
274 6
274 6
276 6
277 6
279 6
280 6
281 6
282 6
285 6
286 6
287 6
289 6
291 6
292 6
294 6
295 6
297 6
299 6
300 6
301 6
303 6
305 6
307 6
307 6
308 6
310 6
312 6
313 6
315 6
316 6
317 6
319 6
321 6
322 6
323 6
