80 0
83 0
85 0
86 0
88 0
90 0
92 2
93 0
95 1
97 4
99 4
101 3
102 5
104 7
106 6
108 8
109 11
111 8
113 10
115 11
117 9
118 10
122 10
123 11
125 12
126 11
128 11
129 11
132 12
133 13
134 13
136 13
138 13
139 12
141 12
143 13
145 13
146 13
148 13
149 13
152 13
153 13
156 13
157 14
158 13
160 14
162 14
163 14
165 14
167 14
169 14
171 14
173 14
174 15
176 14
178 14
179 14
181 14
183 14
185 14
186 14
188 14
190 14
192 14
193 14
195 14
197 14
199 14
200 14
202 14
204 14
205 14
207 14
209 14
211 14
212 14
214 14
216 14
218 14
219 14
221 14
222 13
224 13
227 13
229 14
230 13
232 13
233 14
235 13
237 13
239 13
240 13
242 13
243 13
245 13
247 13
249 13
251 13
253 13
255 13
257 13
258 13
260 13
262 12
263 12
266 12
267 12
269 12
270 12
272 12
274 12
276 12
277 12
279 12
281 12
283 12
284 12
286 12
288 12
290 12
291 12
293 12
294 12
297 12
298 12
300 12
302 12
304 12
305 11
307 12
309 12
311 12
312 12
314 11
315 12
318 12
319 12
321 12
