90 0
93 0
95 0
96 0
98 2
99 2
100 2
102 1
103 3
105 5
106 10
107 10
109 9
110 11
112 12
113 12
115 13
116 13
118 12
119 14
121 14
122 14
124 14
125 15
126 13
129 13
130 15
131 16
134 15
135 16
137 16
137 15
140 14
141 14
142 15
143 15
144 15
146 14
148 13
149 12
150 11
152 12
153 9
154 10
155 9
157 10
158 8
160 9
161 8
163 9
165 9
167 8
168 8
169 8
171 7
172 7
173 6
174 8
176 8
178 8
180 8
181 8
182 8
184 8
185 8
186 8
189 7
190 6
191 6
193 6
194 6
195 6
197 7
199 7
200 7
201 7
203 7
204 7
206 7
208 7
209 6
209 6
211 7
212 6
213 6
215 6
217 5
218 5
219 5
220 6
222 6
223 5
224 5
226 5
228 6
229 6
231 7
233 7
234 7
235 7
237 7
238 7
239 7
242 6
243 7
244 7
245 7
247 7
248 7
250 7
252 7
253 7
254 7
256 7
258 7
259 7
260 7
262 7
263 7
264 7
267 7
268 7
269 7
271 7
272 7
273 7
275 7
276 7
278 7
279 7
281 7
283 7
285 7
288 7
290 7
291 7
292 7
293 7
294 7
296 7
297 7
299 7
300 7
302 7
303 7
304 7
306 7
307 7
309 7
310 7
311 7
313 7
315 7
316 7
317 7
319 7
320 7
322 7
322 7
324 7
