90 0
93 0
94 0
98 0
99 1
101 2
103 3
105 6
106 5
108 6
110 7
112 7
114 8
116 10
117 11
119 13
121 15
123 14
125 14
127 15
129 14
130 14
132 15
134 14
136 14
138 15
139 14
141 14
143 11
144 13
146 13
149 14
150 14
152 12
153 12
155 12
157 12
159 12
161 12
162 12
164 12
165 11
167 12
170 11
172 12
173 10
175 10
177 8
180 8
181 8
182 8
185 8
186 8
188 9
190 8
191 9
194 8
195 8
197 9
199 8
200 9
202 9
204 9
206 9
207 9
209 9
211 9
212 9
214 8
216 8
217 9
219 9
221 9
223 9
224 9
227 9
229 9
231 9
233 9
234 9
236 9
238 8
240 8
241 8
243 8
244 8
246 8
248 8
250 8
252 8
254 8
256 8
258 8
260 8
262 8
263 8
265 9
267 8
268 6
269 7
272 8
274 7
275 6
277 7
279 6
281 7
283 7
284 6
286 7
289 7
290 7
292 7
294 7
296 7
297 7
299 7
301 7
302 7
305 7
306 7
308 7
309 6
311 6
313 6
315 6
316 6
318 6
320 6
321 6
