30 0
33 0
35 0
36 0
38 0
40 0
42 0
45 0
47 0
48 0
50 0
52 2
54 3
56 3
58 3
60 4
62 4
64 4
66 4
68 5
70 5
71 6
74 5
75 5
77 6
79 5
81 3
83 4
84 4
86 5
88 5
90 6
92 6
94 6
96 6
97 6
100 6
102 6
103 5
105 6
107 7
109 7
111 7
113 7
115 7
117 7
119 7
121 7
123 7
125 7
127 7
129 7
131 7
133 7
135 7
137 7
139 7
141 7
143 6
145 7
147 7
149 7
151 6
153 6
154 6
156 6
158 6
160 7
162 7
164 7
166 7
167 6
169 7
171 7
174 7
176 8
177 7
180 8
182 8
183 8
186 8
188 8
190 8
192 8
193 8
195 8
197 8
199 7
201 7
203 7
204 7
207 7
209 7
210 7
212 7
214 7
217 7
218 6
220 7
222 7
224 6
226 6
227 6
229 6
231 7
233 7
235 6
237 7
239 7
241 7
243 7
245 7
247 7
248 7
250 7
253 7
254 7
256 7
258 7
260 7
262 7
264 7
266 7
268 7
270 7
272 7
274 6
276 7
278 7
279 6
281 6
283 6
286 7
287 6
289 7
291 7
292 7
294 7
296 7
298 7
300 7
301 7
304 7
305 7
309 7
311 7
313 7
315 7
317 7
318 7
320 7
322 7
