60 0
63 0
65 0
66 0
69 0
71 0
73 1
76 4
77 4
79 6
81 6
82 5
85 8
86 9
88 10
90 11
92 10
94 10
96 10
98 11
99 11
101 11
103 10
105 10
107 11
109 9
111 8
113 8
115 8
116 8
119 8
121 8
123 9
125 8
126 8
128 9
130 9
132 9
134 9
136 9
138 9
140 9
142 9
144 9
146 9
148 9
150 9
152 8
154 7
156 7
158 7
161 7
162 7
164 7
166 7
168 7
170 7
172 7
174 7
175 7
178 7
179 7
181 7
183 7
185 7
187 7
189 7
191 7
192 7
194 7
197 7
198 8
200 8
202 8
204 7
206 8
208 8
210 7
211 8
215 8
216 8
218 7
220 8
222 7
224 7
225 7
228 8
230 8
232 8
234 8
236 8
238 8
240 8
241 8
243 8
245 8
247 8
249 8
251 8
253 8
254 8
256 8
259 8
260 8
262 8
264 7
266 7
268 7
270 7
272 7
274 7
276 6
278 8
280 7
282 8
284 9
286 8
288 9
290 9
291 9
293 9
295 9
298 9
300 8
302 8
303 8
305 8
307 8
309 8
311 9
313 8
315 8
317 8
319 8
321 8
323 8
