50 0
53 0
54 0
56 1
57 3
58 4
60 4
62 5
63 4
64 4
65 7
67 8
69 8
70 8
72 7
73 7
75 8
76 6
79 8
80 8
81 8
82 8
84 7
85 7
87 6
89 7
90 6
91 7
93 7
94 8
96 8
97 7
98 7
100 7
101 7
103 6
104 6
105 7
106 7
108 7
110 7
112 7
113 7
115 7
117 7
118 7
119 7
120 6
122 6
123 6
124 6
127 6
128 6
129 6
130 6
131 6
133 6
134 6
136 6
137 6
139 6
141 6
142 6
143 6
144 6
146 6
147 6
149 6
151 6
152 6
153 6
154 6
156 6
157 6
158 6
160 6
162 6
163 6
164 6
166 6
167 6
169 6
171 6
171 6
173 6
174 6
176 6
177 6
179 6
180 6
182 6
183 6
184 6
186 6
188 6
189 6
190 6
192 6
193 6
195 6
196 6
197 6
199 6
200 6
201 6
203 6
205 6
206 6
208 6
210 6
212 6
213 6
214 6
216 6
216 6
219 6
220 6
221 6
223 6
224 6
226 6
227 6
228 6
230 6
231 6
233 6
234 6
236 6
237 6
239 6
240 6
242 6
243 6
244 6
245 6
247 6
249 6
251 6
252 6
253 6
255 6
256 6
258 6
259 6
260 6
262 6
263 6
265 6
267 6
268 6
269 6
271 6
272 6
273 6
276 6
277 6
277 6
279 6
280 6
281 6
283 6
284 6
285 6
287 6
288 6
289 6
291 6
292 6
294 6
296 6
297 6
298 6
300 6
302 6
303 6
304 6
305 6
307 6
308 6
311 6
312 6
313 6
315 6
316 6
318 6
319 6
320 6
