50 0
52 0
54 0
56 0
58 1
60 1
61 0
63 3
65 3
67 3
69 4
71 4
73 6
74 6
75 6
77 5
78 6
80 7
82 7
84 9
85 9
87 9
89 9
90 9
92 9
94 9
95 9
97 9
99 9
101 9
102 9
104 9
105 9
107 9
108 9
111 9
113 9
114 9
116 9
117 9
120 9
121 9
123 9
125 9
127 9
129 9
130 9
132 9
133 9
135 9
137 9
139 9
141 9
143 9
144 9
145 9
147 9
149 9
151 9
153 9
154 9
156 9
158 10
160 10
161 10
163 10
165 9
166 9
168 9
171 9
173 10
174 10
175 10
177 10
179 10
181 10
182 10
185 11
186 11
188 11
189 11
191 11
192 11
194 11
196 11
198 11
199 11
201 11
202 11
204 11
206 11
207 11
209 10
211 10
212 10
214 10
216 10
218 10
219 10
221 10
222 10
224 10
225 10
227 9
229 9
230 9
232 9
234 9
235 9
237 8
239 8
240 8
243 8
244 8
246 8
247 8
249 8
251 8
253 8
255 8
256 8
258 8
260 8
261 9
263 8
264 8
266 8
268 8
270 8
271 8
273 8
274 8
276 8
278 8
280 8
282 8
283 8
285 8
287 8
288 8
290 8
292 8
293 8
295 8
297 8
299 8
301 8
303 8
304 8
307 8
308 8
310 8
311 8
313 8
315 8
317 8
319 8
320 8
322 8
