30 0
33 0
35 0
36 1
38 2
41 2
42 2
45 3
47 3
49 3
50 3
53 3
54 3
56 4
59 5
61 5
63 7
64 8
66 6
68 7
71 6
73 7
74 6
76 5
78 5
80 6
81 6
84 6
85 5
87 6
90 6
91 6
93 6
95 6
97 7
99 7
101 7
103 8
105 8
107 8
108 8
112 7
114 8
116 8
118 8
120 8
122 8
124 8
125 8
127 8
130 8
131 8
133 8
135 8
137 8
139 8
141 8
142 8
144 8
146 8
148 8
150 8
152 8
155 8
157 8
158 7
160 7
162 8
164 7
166 8
167 7
169 6
171 7
173 8
175 7
177 7
179 7
180 7
182 7
184 7
186 6
188 7
190 7
192 6
193 6
195 6
197 7
200 6
202 7
204 6
206 6
207 6
209 6
211 6
213 6
215 6
217 6
220 6
221 6
223 6
225 6
227 6
229 6
231 6
233 6
235 6
237 6
239 6
241 6
242 6
244 6
246 6
248 6
249 6
251 6
254 6
256 6
257 6
259 6
261 6
263 6
265 6
267 6
268 6
270 6
273 6
275 5
276 5
278 5
280 5
282 5
284 5
286 5
288 5
290 5
292 5
294 5
296 5
299 5
300 5
302 5
304 5
305 5
308 5
310 5
311 5
313 5
315 5
317 5
319 5
321 5
323 5
