60 0
63 0
65 0
66 0
67 1
69 1
70 2
71 7
73 7
74 11
76 10
78 11
79 10
80 12
82 9
83 13
84 14
86 13
88 14
89 13
91 15
92 14
93 13
95 13
97 13
98 13
99 13
101 13
103 14
104 14
105 13
107 13
108 12
109 12
111 11
113 11
114 11
115 12
117 11
118 11
120 11
121 11
123 11
124 11
126 11
127 11
128 11
130 11
132 11
133 11
134 11
135 11
137 11
138 11
140 11
141 11
143 11
144 10
146 10
147 9
148 9
150 9
152 9
154 9
155 9
156 9
157 9
159 9
160 9
162 9
163 9
165 9
167 9
168 9
170 9
172 9
174 9
175 9
176 9
177 9
179 9
180 9
181 9
183 9
184 9
186 9
187 9
188 9
189 9
191 9
193 9
195 9
197 9
198 9
200 9
201 9
202 9
204 9
205 9
207 9
208 9
210 9
212 9
213 9
215 9
217 9
218 9
220 9
221 9
222 9
223 9
225 9
227 9
228 9
230 9
233 9
234 9
235 9
236 9
238 9
240 9
241 9
243 9
244 9
246 9
247 9
249 9
251 9
252 9
253 9
255 9
256 9
257 9
259 9
260 9
262 9
263 9
264 9
266 9
267 9
269 9
271 9
272 9
274 9
275 9
276 9
278 9
279 9
280 9
282 9
283 9
285 9
286 9
287 9
289 9
291 9
292 9
293 9
295 9
297 9
298 9
299 9
301 9
302 9
303 9
305 9
306 9
308 9
309 9
311 9
312 9
314 9
315 9
316 9
317 9
319 9
321 9
322 9
