80 0
83 0
85 0
86 0
88 0
90 0
93 0
95 1
96 3
99 3
100 6
102 6
104 6
106 6
108 6
111 6
112 6
114 7
116 7
118 9
120 9
122 10
123 9
126 9
128 9
129 9
132 10
133 10
135 10
137 9
139 9
141 10
143 10
145 7
147 10
149 8
150 10
152 8
154 8
156 8
159 9
161 10
163 10
165 9
167 10
169 9
171 9
173 9
175 8
177 9
178 9
180 10
182 10
184 10
186 10
188 9
190 10
191 9
193 9
195 9
197 10
199 10
201 10
202 9
205 11
207 9
208 9
210 10
212 10
214 10
216 10
218 10
220 10
221 11
223 11
225 11
228 10
230 11
232 11
234 11
236 11
238 11
240 11
243 11
244 10
246 10
248 10
249 11
251 10
253 10
255 11
257 11
259 11
261 10
263 10
265 10
267 10
268 10
270 10
272 10
274 9
276 9
277 9
279 9
281 8
283 8
285 8
287 8
289 8
291 8
293 8
294 8
296 8
298 8
300 8
302 8
304 8
305 8
308 8
309 8
311 8
313 8
315 8
317 8
319 8
321 8
