60 0
62 0
64 0
66 0
68 0
70 1
71 1
73 2
75 4
77 6
79 6
81 6
83 7
85 8
86 7
88 10
90 8
91 9
93 8
95 10
97 10
99 10
100 10
102 10
104 10
106 9
107 10
109 9
110 10
112 9
113 9
115 10
116 10
118 10
119 10
121 10
124 10
125 10
127 10
128 11
130 12
132 12
134 12
135 12
137 12
139 12
141 11
142 11
144 11
146 11
147 11
149 12
150 11
152 11
153 12
156 12
157 11
159 11
161 11
163 10
165 10
166 10
169 10
170 10
172 10
173 10
175 10
177 10
178 10
180 10
182 10
184 10
185 10
187 10
189 9
190 9
192 9
193 9
195 9
197 9
198 9
200 9
202 9
203 9
205 9
207 9
209 9
210 9
212 9
214 9
216 9
217 9
219 9
221 9
222 9
224 9
226 9
227 9
229 9
231 9
232 8
234 8
236 8
238 8
240 8
241 8
242 8
244 8
246 8
248 8
249 8
251 8
253 8
255 8
256 8
258 8
259 8
261 8
263 8
265 9
267 8
268 8
270 8
271 8
273 8
275 8
276 8
278 8
280 8
282 8
284 8
286 8
287 8
289 8
290 8
292 8
294 8
295 8
297 8
299 8
301 8
303 8
304 8
306 8
308 8
310 8
311 8
313 8
315 8
316 8
317 8
319 8
321 8
