80 0
83 0
84 0
86 0
89 0
90 1
92 1
93 2
95 4
97 2
98 5
100 6
102 8
104 7
105 8
107 9
109 9
110 10
113 8
114 9
115 10
118 10
119 12
121 12
123 11
125 10
127 10
128 9
130 10
132 9
133 10
135 9
137 10
139 10
140 10
142 10
144 10
146 10
147 11
149 11
150 11
152 10
154 11
156 10
157 11
159 11
161 11
163 11
165 11
166 11
168 12
170 12
173 12
175 12
176 12
178 13
179 13
181 13
182 13
184 12
186 12
188 12
189 12
191 12
192 12
194 12
196 13
198 14
199 14
201 13
203 13
204 15
207 15
208 15
210 14
211 14
213 14
215 14
217 14
219 13
221 13
222 13
224 13
225 13
227 13
229 13
231 13
232 13
234 13
236 13
238 12
240 12
241 12
243 12
244 12
246 12
248 12
250 12
252 12
253 12
255 12
257 12
259 12
260 12
262 11
264 11
266 12
267 11
269 11
271 11
273 11
275 11
276 11
278 11
280 12
282 12
284 12
285 12
288 12
289 11
291 11
293 11
295 11
296 13
297 13
299 12
301 12
303 11
305 11
307 11
309 11
310 13
311 13
313 12
316 12
317 12
319 13
321 12
323 13
