60 0
62 0
65 0
66 0
68 3
70 3
72 5
74 7
75 7
77 7
79 6
80 8
82 8
85 9
85 10
87 10
89 10
91 11
93 10
94 10
96 10
98 10
100 10
102 10
103 10
104 9
106 9
108 10
110 10
111 9
113 11
115 11
117 11
119 11
121 10
122 11
124 11
126 11
127 10
129 10
131 10
133 10
134 10
136 10
138 10
140 10
142 10
144 10
145 10
147 10
149 10
151 10
152 10
154 10
156 10
157 10
159 10
161 10
162 10
165 10
166 10
168 10
170 10
171 10
173 10
175 10
177 11
179 9
180 10
182 10
184 10
185 10
187 10
189 10
190 10
192 10
194 10
195 10
197 10
199 10
201 10
203 10
205 10
207 10
208 10
209 10
211 10
212 10
214 8
216 8
218 9
219 8
222 9
223 8
225 8
227 8
228 8
230 9
232 8
234 8
235 8
238 8
240 8
242 8
243 8
245 8
246 8
249 8
251 8
252 8
255 8
256 9
258 9
259 9
261 9
263 9
265 9
266 9
268 9
270 9
271 8
273 8
274 8
276 8
279 8
280 8
282 8
283 8
285 9
287 9
289 9
291 9
292 9
294 9
296 9
298 9
299 9
301 9
303 9
304 9
307 9
309 9
310 9
312 9
314 9
315 9
316 9
318 9
320 9
322 9
