90 0
93 0
95 0
97 1
98 1
100 1
102 4
103 5
106 5
107 5
109 5
110 5
112 7
114 8
115 8
117 8
119 9
121 8
123 8
125 8
127 9
129 8
130 8
132 8
134 8
136 8
137 9
139 10
141 10
142 10
144 10
146 10
147 10
149 10
151 10
152 10
154 10
156 10
157 10
159 11
161 11
163 11
165 11
166 12
168 10
170 12
171 11
173 12
174 12
177 13
178 12
180 11
182 12
184 11
185 11
187 11
189 12
190 12
192 12
194 12
196 13
198 12
200 13
201 12
203 12
205 12
207 12
209 12
210 12
212 12
214 12
215 12
217 13
219 12
221 13
222 13
224 13
226 13
227 13
229 13
231 13
232 13
234 13
236 13
237 13
239 13
241 13
243 13
245 14
246 13
247 13
249 13
252 13
253 13
255 13
257 12
259 12
261 13
262 12
264 13
266 12
267 12
269 12
271 13
274 13
275 13
277 13
278 12
280 12
282 12
283 12
285 12
287 12
288 12
290 12
292 12
294 12
295 12
298 12
299 12
301 12
302 12
304 12
305 12
307 12
309 12
311 12
313 12
315 12
317 12
318 12
320 12
321 12
