40 0
42 0
44 0
46 0
48 0
50 0
51 1
53 0
55 0
57 1
59 4
60 4
62 5
63 7
65 8
66 7
68 7
70 8
72 8
73 8
74 8
76 9
78 9
81 9
82 9
83 9
85 9
87 9
90 11
91 11
92 10
94 11
95 10
98 9
99 8
101 8
103 8
104 8
106 7
108 7
110 8
111 7
112 7
114 6
116 5
117 5
119 5
121 5
123 5
124 5
126 5
128 6
129 6
131 6
132 5
134 6
136 5
138 6
139 6
141 6
142 5
144 6
146 6
147 6
150 6
151 6
153 6
154 6
156 6
158 6
159 6
161 6
163 6
164 6
166 6
168 6
170 6
171 6
173 6
175 5
176 6
178 6
180 6
181 6
183 6
185 6
186 5
188 6
191 5
192 6
194 6
195 6
197 6
199 6
200 6
202 6
203 6
205 6
207 6
208 6
210 6
212 6
214 6
215 6
217 6
219 6
221 6
223 6
224 6
226 6
228 6
229 6
231 6
233 6
235 6
237 6
239 6
241 6
242 6
243 6
245 6
247 6
248 6
250 6
251 6
254 6
255 6
257 6
259 6
261 6
262 6
264 6
265 6
267 6
269 6
271 6
272 6
274 6
275 6
277 6
279 6
281 6
282 6
284 6
285 6
287 6
289 6
291 6
292 6
294 6
297 6
297 6
299 6
301 6
302 6
304 6
305 6
308 6
310 6
312 6
313 6
315 6
316 6
318 6
319 6
321 6
