50 0
53 0
55 0
57 0
59 0
60 0
63 1
65 1
66 1
69 1
70 2
72 3
75 4
76 4
78 5
80 5
82 4
84 5
87 4
88 4
90 4
92 5
94 4
96 4
98 7
100 6
102 6
104 7
106 7
108 7
110 8
112 6
114 6
116 7
118 7
120 7
121 8
123 6
124 7
127 7
128 8
130 8
132 8
134 8
136 8
138 8
140 8
142 8
144 8
146 8
149 8
151 8
152 8
154 8
156 8
158 8
161 8
163 8
164 8
166 8
168 8
170 8
173 9
175 8
177 9
178 9
180 8
182 8
184 9
186 8
188 9
190 9
192 9
193 9
195 9
197 9
199 9
201 9
203 9
205 9
207 9
208 9
210 9
212 9
214 9
217 9
219 9
221 9
223 9
226 9
228 9
229 9
231 9
234 9
235 9
237 9
239 9
241 9
243 9
245 9
247 9
248 9
250 9
252 9
254 9
256 9
258 9
259 9
262 9
264 9
265 9
267 9
269 9
271 9
273 9
274 9
277 9
279 8
280 8
282 8
284 8
286 8
288 8
289 8
292 8
293 8
296 8
297 8
299 8
301 8
303 8
305 8
307 8
309 8
311 8
313 8
314 8
316 8
318 8
321 8
322 8
