80 0
83 0
85 0
87 0
89 1
90 2
93 3
94 6
96 5
98 7
100 9
101 8
103 9
105 8
107 9
108 9
110 9
112 11
114 12
116 12
117 13
120 13
121 14
123 16
125 15
126 15
128 15
130 15
131 14
133 14
135 15
137 15
139 16
140 16
142 16
144 16
146 15
149 16
150 16
151 16
153 16
155 16
157 14
159 14
161 14
162 14
164 14
166 11
168 14
169 12
171 12
173 12
175 12
176 12
179 13
180 13
182 14
185 13
186 13
188 12
190 12
191 13
193 13
194 12
196 11
198 11
200 11
201 10
203 10
205 10
207 9
209 9
211 10
212 11
214 10
216 10
218 10
219 10
222 10
223 11
225 11
227 11
229 11
230 11
233 11
234 11
236 11
238 11
239 11
241 11
243 11
245 10
247 10
250 11
251 10
252 10
254 10
256 10
258 11
260 11
261 10
263 11
265 10
266 10
268 10
270 10
272 10
273 10
275 10
277 10
279 10
280 10
282 10
284 10
286 10
287 10
289 10
291 10
293 10
295 10
297 10
298 10
300 10
302 10
304 10
306 10
308 10
309 10
311 10
313 10
315 10
317 10
318 10
320 10
322 10
