40 0
42 0
45 0
46 0
48 0
50 0
51 1
53 1
55 3
57 3
59 4
60 4
61 5
63 6
65 6
66 7
69 9
70 7
73 8
75 8
75 7
77 8
79 7
81 7
82 7
84 7
85 7
87 7
89 6
90 7
93 7
94 7
96 7
98 7
100 7
101 7
103 7
104 7
106 7
107 7
109 7
111 7
112 7
114 7
116 7
118 7
119 7
121 7
123 7
124 6
126 7
128 7
129 6
131 6
133 5
135 6
137 6
138 6
140 6
142 6
143 6
145 6
147 5
149 6
151 5
152 5
154 5
156 6
157 5
159 5
160 5
162 5
164 7
166 7
168 6
170 6
171 6
173 5
175 5
176 6
178 6
179 6
182 7
183 6
185 7
187 6
188 7
190 7
192 7
193 7
195 7
197 7
199 7
201 7
203 7
204 7
206 6
208 7
210 6
211 7
213 7
214 7
216 7
217 7
219 7
221 7
222 7
224 7
226 7
227 7
229 7
230 7
232 7
234 7
236 7
237 7
239 7
241 7
242 7
243 7
245 7
247 7
249 7
250 7
252 7
254 7
255 7
257 7
259 7
260 7
262 7
264 7
265 7
267 7
269 6
270 6
272 7
274 7
277 7
278 7
279 7
281 7
282 7
284 7
286 7
287 7
289 7
291 7
293 7
294 7
296 7
298 7
300 7
301 7
303 7
305 7
306 7
308 7
310 7
311 7
313 7
314 7
316 7
317 7
319 7
321 7
