40 0
43 0
44 0
46 0
47 1
49 2
50 2
51 4
53 4
54 4
56 4
58 5
61 5
62 7
63 6
65 7
66 7
67 8
69 9
70 8
74 7
75 7
76 8
78 8
80 7
81 7
83 7
84 8
85 7
87 7
88 7
89 7
91 7
93 7
94 7
95 7
97 7
98 7
100 8
101 7
103 7
103 7
105 7
106 7
107 7
108 7
111 7
113 7
115 7
115 7
117 7
118 7
120 7
120 7
123 7
124 7
125 7
126 7
129 7
131 7
133 7
134 7
135 7
136 7
137 7
138 7
140 7
141 6
142 6
144 6
146 6
147 6
149 6
150 6
151 6
153 6
154 6
156 6
157 6
159 6
160 6
162 6
164 6
165 6
166 6
167 6
169 6
170 6
173 6
174 6
175 6
177 6
178 6
179 6
180 5
182 5
183 6
184 6
186 6
188 6
189 6
191 6
192 6
194 6
195 6
197 6
199 6
200 6
201 6
202 6
203 6
205 6
206 6
208 6
209 6
211 6
212 6
213 6
215 6
217 6
217 6
219 6
221 6
222 6
223 6
225 6
226 6
229 6
230 6
231 6
233 6
234 6
235 6
238 6
239 6
240 6
242 6
243 6
244 6
245 6
247 6
249 6
250 6
252 6
253 6
254 6
256 6
257 6
259 6
260 6
261 6
263 6
265 6
266 6
267 6
269 6
270 6
272 6
274 6
276 6
277 6
279 6
280 6
281 6
283 6
285 6
286 6
288 6
289 6
291 6
292 6
294 6
295 6
296 6
297 6
299 6
301 6
302 6
303 6
305 6
306 6
307 6
309 5
310 5
311 6
313 6
313 6
315 6
317 6
319 6
320 5
