50 0
53 0
55 0
57 0
59 0
60 2
62 1
64 1
65 1
67 2
69 2
70 2
72 3
74 4
76 3
78 3
79 5
81 7
83 6
85 6
86 6
88 7
90 6
92 6
93 7
95 8
96 8
98 9
100 9
102 7
103 8
105 8
107 7
108 7
110 8
112 8
113 8
115 8
118 8
119 8
121 8
123 8
124 8
126 8
127 8
129 8
131 8
133 8
135 8
136 8
138 8
140 8
141 8
143 8
145 8
147 8
148 8
150 8
152 8
154 8
155 8
157 8
158 8
161 8
162 8
164 8
165 8
167 7
169 7
172 7
173 8
174 8
176 7
178 7
180 7
181 8
183 8
185 8
186 8
189 8
192 8
193 8
195 8
197 9
199 8
200 8
202 9
204 9
205 7
208 8
209 8
211 9
213 9
215 8
217 9
218 9
220 8
222 8
224 8
225 8
227 9
229 9
231 8
233 8
235 8
237 8
238 9
240 9
241 9
244 9
245 9
247 9
249 9
251 9
253 9
255 9
256 9
257 9
260 9
261 9
264 9
265 9
268 9
269 9
271 9
273 9
275 9
277 9
279 9
281 9
282 9
284 9
286 9
287 9
289 9
291 9
293 9
294 9
295 9
298 9
299 9
301 9
303 9
304 9
306 9
308 9
309 9
311 9
313 9
314 10
316 9
318 9
320 9
321 9
