50 0
52 0
54 0
56 0
58 0
60 0
61 1
62 3
64 1
67 5
68 4
70 4
72 5
72 6
74 6
76 6
77 5
79 7
81 7
83 6
85 7
86 6
88 7
90 8
91 7
93 8
95 8
97 8
98 7
100 7
101 8
104 8
106 8
107 8
108 8
110 7
112 7
113 8
115 8
117 8
118 9
120 8
122 8
124 8
125 8
127 8
129 7
131 7
133 7
135 7
137 7
138 7
139 7
141 7
143 7
144 7
146 7
148 7
149 7
151 7
153 7
155 7
157 6
159 6
161 6
162 6
164 6
165 6
167 6
169 6
170 6
172 6
174 6
175 6
177 6
179 5
180 5
183 5
185 5
186 5
188 5
189 5
191 5
193 5
195 5
196 5
198 5
200 5
201 5
203 5
205 5
207 5
208 5
210 5
212 5
214 5
216 5
217 5
219 5
220 5
223 5
224 5
225 5
227 5
229 5
230 5
233 5
233 5
235 5
236 5
238 5
239 5
241 5
243 5
245 5
247 5
249 5
251 5
253 5
254 5
256 5
257 5
259 5
261 5
262 5
264 5
265 5
267 5
269 5
270 5
273 5
275 5
276 5
278 5
280 5
282 5
284 5
286 5
286 5
288 5
290 5
291 5
292 5
294 5
296 5
298 5
299 5
301 5
302 5
304 5
306 5
308 5
309 5
311 5
313 5
315 5
316 5
318 5
320 5
322 5
