90 0
93 0
94 0
96 0
98 0
100 2
102 2
104 3
105 4
107 6
110 6
111 7
113 7
115 8
117 8
118 10
120 10
122 10
124 11
125 10
127 9
130 9
132 10
134 10
136 10
137 10
139 12
140 11
142 12
143 11
146 10
148 12
149 12
151 12
153 12
155 12
157 11
159 11
160 13
162 12
164 12
165 12
167 12
169 11
171 12
172 13
174 11
176 12
178 12
180 12
181 13
183 12
185 13
186 12
188 11
191 11
192 13
195 12
197 13
198 12
200 12
201 12
203 12
205 13
207 12
208 13
210 13
212 12
214 12
216 12
217 12
220 12
221 12
224 12
225 12
227 12
228 12
230 12
233 12
234 12
236 12
238 12
239 12
241 12
243 13
245 12
247 11
249 11
251 11
252 12
254 12
256 12
257 12
259 12
261 12
262 12
264 12
266 12
268 12
269 12
271 12
274 12
275 12
276 13
278 13
280 13
282 13
284 12
286 12
287 13
289 13
291 13
292 13
294 13
296 13
298 12
300 12
302 12
304 12
306 12
307 12
310 12
312 12
314 12
315 11
316 11
319 11
320 11
322 10
