90 0
93 0
95 0
97 0
99 0
101 1
103 1
105 3
106 3
109 5
110 5
112 9
114 9
117 11
118 11
120 12
122 12
124 13
126 12
128 16
130 17
132 15
134 16
136 16
137 17
139 15
141 16
143 16
145 16
146 16
149 17
150 16
152 16
155 15
157 15
159 15
161 15
163 15
165 15
166 15
168 16
171 15
172 16
173 16
175 16
177 16
178 16
181 16
183 16
184 16
187 16
188 16
190 16
193 16
195 16
196 16
198 15
200 17
202 17
204 17
206 16
208 16
210 16
211 16
213 16
215 16
217 16
219 16
221 16
224 16
225 16
227 16
229 16
231 16
233 16
236 17
237 17
239 17
241 17
242 17
245 16
246 15
248 16
250 15
252 15
254 14
256 14
257 15
259 15
261 14
263 12
266 13
267 13
269 13
271 13
273 13
275 13
277 14
279 13
280 14
283 14
285 14
286 14
288 13
290 13
292 13
294 13
296 13
298 13
300 13
302 13
304 14
306 13
308 14
310 13
311 13
313 13
316 13
318 13
320 13
321 13
