40 0
43 0
44 0
46 1
47 2
49 4
50 3
52 6
54 7
55 9
56 8
57 9
59 7
61 7
62 7
63 7
65 7
66 7
68 7
70 7
71 7
73 8
74 7
76 9
78 8
78 8
79 9
81 9
83 7
84 8
85 7
87 8
88 7
89 7
91 8
94 7
95 7
95 7
97 7
99 7
99 7
101 7
103 7
104 7
106 7
107 7
108 7
109 7
111 7
113 7
115 7
116 7
118 7
119 7
121 7
122 7
124 7
126 6
127 6
128 6
130 7
131 7
132 7
134 7
135 7
136 7
138 7
139 7
140 7
142 7
144 7
145 7
145 7
147 7
149 7
151 7
152 7
155 6
157 6
157 6
159 6
160 6
161 6
163 6
164 6
166 6
167 6
169 6
170 6
172 6
173 6
175 6
176 6
178 6
179 6
181 6
182 6
184 6
185 6
187 6
188 6
189 6
191 6
193 6
194 6
195 6
197 6
199 6
199 6
201 6
202 6
205 6
206 6
206 6
208 6
209 6
211 6
212 6
214 6
215 6
217 6
218 6
220 6
222 6
223 6
225 6
225 6
227 6
228 6
230 6
231 6
232 6
234 6
235 6
236 6
238 6
240 6
241 6
242 7
244 6
246 7
248 6
249 6
250 6
252 7
253 7
255 6
257 6
259 6
260 6
262 6
263 6
264 7
266 6
267 6
268 6
270 6
272 6
273 6
275 6
276 6
278 6
279 6
281 6
283 6
285 6
287 6
287 6
289 6
291 6
292 6
294 6
296 6
297 6
300 6
302 6
303 6
304 6
305 6
306 6
308 6
310 6
311 6
313 6
314 6
315 6
317 6
319 6
320 6
