30 0
33 0
35 0
36 0
38 0
39 0
42 1
44 1
45 0
48 2
49 4
51 3
52 3
54 3
56 3
58 6
60 6
61 6
63 7
65 6
67 6
68 5
70 5
72 5
74 5
75 5
77 5
79 5
80 5
83 5
84 5
87 5
88 5
90 5
92 5
93 5
95 5
97 5
99 5
100 5
102 5
104 5
106 5
108 5
110 5
111 5
113 5
115 5
117 5
119 5
121 5
123 5
125 5
126 5
128 5
129 5
131 5
133 5
134 5
137 5
138 5
140 6
142 6
144 6
146 6
147 6
149 6
151 6
152 6
154 6
156 6
158 6
159 6
162 6
163 6
165 6
167 6
169 5
170 6
172 6
174 5
175 6
177 5
180 6
182 5
183 5
185 5
187 5
189 5
191 5
193 5
195 6
196 5
198 5
200 5
202 6
204 6
205 6
207 6
209 6
211 6
213 6
215 6
217 6
218 6
220 6
221 6
223 6
225 6
226 6
228 6
230 6
231 6
234 6
236 6
237 6
239 6
240 6
243 6
244 6
246 7
247 6
250 6
252 7
254 6
255 6
258 6
260 7
262 7
264 7
265 6
267 6
269 6
270 6
272 6
275 6
277 6
278 6
280 6
282 6
285 6
286 6
288 6
290 6
291 6
293 6
294 6
296 6
299 5
300 5
301 6
304 5
305 5
307 5
309 5
311 5
312 5
314 5
316 5
318 5
320 5
321 5
