70 0
73 0
74 0
77 0
79 1
81 2
83 1
84 4
86 4
87 3
89 4
91 5
93 5
94 5
96 7
97 9
99 8
101 9
102 9
104 9
106 9
108 9
109 8
112 9
113 8
115 9
116 7
118 7
120 7
121 8
123 8
125 7
127 7
129 8
130 9
131 7
133 9
135 8
137 8
138 8
140 8
142 9
143 7
145 8
146 8
148 8
150 8
152 8
154 8
155 8
157 8
159 8
160 8
162 8
163 9
165 9
167 9
168 9
170 9
172 9
173 9
175 9
177 9
178 9
180 9
181 9
184 9
185 9
187 9
189 9
190 9
192 9
194 9
195 9
197 9
199 9
201 9
203 9
205 9
207 10
208 10
209 10
211 10
212 9
215 9
216 9
218 10
219 9
221 10
222 10
225 10
226 10
227 9
229 9
231 9
232 9
234 9
236 9
238 9
239 9
241 9
243 9
244 9
246 9
247 9
249 9
251 9
252 9
254 9
256 9
257 9
259 9
261 9
262 9
264 9
266 9
267 9
269 9
271 9
273 9
275 9
276 9
278 9
280 9
281 9
283 9
285 9
286 9
288 9
290 9
291 9
293 9
295 9
297 9
298 9
299 9
301 9
304 9
306 9
308 9
309 9
310 9
312 9
314 9
315 8
317 8
319 8
321 8
