80 0
83 0
84 0
86 0
88 0
90 0
92 0
93 1
95 1
96 5
98 5
100 6
102 6
104 9
105 9
107 10
109 9
111 8
112 9
114 10
116 9
118 10
120 10
122 10
123 8
125 11
127 11
128 11
129 12
131 12
133 14
135 14
136 13
138 13
140 14
141 16
143 14
145 13
147 13
148 15
150 15
153 15
154 15
156 16
157 16
159 16
160 15
162 15
163 14
165 14
167 13
169 13
170 14
172 14
173 14
175 14
177 14
178 14
180 14
182 14
184 14
186 14
187 14
189 14
190 14
193 14
194 13
196 13
198 13
199 13
201 13
203 13
205 13
207 13
208 13
209 13
211 13
213 13
215 13
216 13
218 13
220 12
221 12
223 12
224 12
226 12
227 11
229 11
230 11
232 11
234 11
235 11
237 11
239 11
241 11
243 11
244 11
246 10
248 11
249 10
251 11
252 10
254 10
256 9
257 9
259 9
261 10
262 10
264 10
266 10
269 10
270 10
272 10
274 10
276 10
277 9
278 10
280 10
282 9
283 9
285 9
286 8
288 9
289 9
291 9
293 9
295 9
296 9
298 9
300 9
302 7
303 8
305 7
307 7
309 7
310 7
312 7
313 8
315 8
317 9
318 8
320 9
322 8
