30 0
32 0
34 0
36 0
38 0
39 0
42 0
43 1
45 2
46 2
48 2
50 3
52 3
53 3
55 3
57 4
59 3
61 3
61 3
64 4
65 3
67 4
69 4
71 6
72 6
74 6
76 6
77 6
78 6
81 6
82 6
85 6
86 6
88 6
89 6
91 6
93 6
94 6
96 6
97 6
99 7
101 6
103 7
104 7
106 7
109 7
110 7
111 7
113 7
115 7
116 7
118 7
119 7
121 7
123 7
124 7
126 7
128 7
130 7
132 7
134 7
136 7
138 7
139 7
141 7
143 7
145 7
146 7
148 7
150 7
151 7
153 7
155 7
156 7
157 7
159 7
160 7
163 7
164 7
166 7
169 7
170 7
172 7
173 7
175 7
178 7
179 7
180 7
182 7
184 7
185 7
187 7
190 7
190 7
192 7
194 7
196 7
197 7
199 7
200 7
202 7
203 7
206 7
207 7
209 7
210 7
213 7
214 7
215 7
217 7
219 7
221 7
223 7
224 7
226 7
228 7
229 7
231 7
233 7
234 7
236 7
238 7
239 7
241 7
242 7
244 7
246 7
248 7
250 7
251 7
253 7
255 7
257 7
259 7
262 7
263 7
264 7
266 7
268 7
269 7
271 7
273 7
274 7
276 7
277 7
279 7
281 7
283 7
284 7
286 7
288 7
290 7
292 7
294 7
296 7
297 7
299 7
301 7
302 7
304 7
306 7
308 7
309 7
311 7
314 7
315 7
316 7
318 7
320 7
322 7
