30 0
33 0
34 0
37 0
38 0
40 0
42 0
44 0
46 0
48 1
49 3
51 2
53 4
56 4
58 4
59 4
61 4
63 5
64 4
66 4
68 5
70 5
71 5
73 5
75 5
77 5
79 6
80 8
82 6
84 7
87 7
88 8
91 8
93 11
94 7
96 7
97 7
99 7
101 7
103 7
105 8
106 7
108 7
110 8
111 8
113 8
115 8
117 7
118 8
120 8
122 8
123 9
126 8
128 7
129 7
130 6
132 6
134 6
136 6
138 6
139 6
141 7
142 7
145 6
147 6
149 6
151 5
152 5
155 5
156 5
158 5
160 5
162 5
163 5
166 5
168 5
170 5
171 5
173 5
175 5
176 5
179 5
181 5
182 5
183 5
185 5
186 5
188 5
190 5
192 5
194 6
196 6
197 5
199 6
201 6
203 5
204 5
206 5
208 5
210 5
211 5
213 5
215 5
216 5
219 5
220 5
223 5
224 5
226 5
227 5
229 5
231 5
232 5
234 5
236 5
238 5
239 5
241 5
243 5
245 5
247 5
248 5
250 5
252 5
254 5
256 5
257 5
259 5
260 5
262 5
264 5
266 5
267 5
269 5
272 5
274 5
275 5
277 5
279 5
280 5
282 5
284 5
286 5
287 5
289 5
291 5
293 5
295 5
296 5
298 5
300 5
301 5
304 5
305 5
307 5
309 5
311 5
313 5
314 5
316 5
318 5
320 5
322 5
