70 0
73 0
74 0
77 0
78 1
80 3
81 3
83 2
85 2
87 3
88 5
90 5
92 5
94 4
95 8
97 7
99 8
101 8
102 7
105 7
106 8
107 9
110 10
111 10
113 11
114 11
116 13
118 11
120 13
121 12
123 11
126 12
128 12
130 12
131 12
133 13
135 12
136 12
138 12
140 12
141 11
144 11
145 11
147 10
148 10
150 9
151 9
153 9
155 9
157 8
158 8
160 10
162 10
163 9
165 10
167 10
168 10
171 10
173 10
175 10
176 10
177 10
180 9
181 10
183 10
186 10
187 9
189 9
191 9
192 9
193 9
195 9
197 9
199 9
200 9
202 9
204 9
205 9
207 9
208 9
211 9
212 9
214 9
215 9
217 9
219 9
220 9
223 9
224 9
226 9
228 9
230 9
232 9
234 9
235 9
237 9
238 9
240 9
242 9
244 9
245 9
247 9
250 9
251 9
253 9
255 9
257 9
258 9
261 9
262 9
263 9
265 9
267 9
268 9
271 9
272 9
274 9
276 9
277 9
280 9
281 9
282 9
284 9
286 9
288 8
289 9
291 9
293 8
295 9
296 8
298 9
299 9
302 8
303 8
305 9
306 9
308 9
310 9
311 9
313 9
315 9
317 9
318 9
320 9
