70 0
73 0
75 0
77 0
78 0
80 0
82 0
84 3
86 6
88 5
89 4
91 5
93 8
94 8
96 9
97 9
99 8
101 8
103 9
105 9
107 8
109 10
110 10
112 10
113 10
115 11
117 10
118 10
120 10
122 11
123 11
126 9
127 9
129 10
130 11
133 10
135 11
136 11
138 12
140 12
142 12
143 12
145 12
146 13
148 13
150 13
151 14
153 12
155 14
157 14
158 14
160 14
163 14
164 13
165 14
167 14
169 13
171 13
172 13
175 12
177 13
178 13
179 13
181 13
182 13
184 13
186 13
188 13
190 12
191 12
193 13
195 12
196 12
198 12
200 13
202 12
204 13
206 12
208 12
209 12
211 12
212 12
215 13
217 13
218 12
220 13
223 12
225 12
226 12
228 12
230 12
231 12
233 12
235 13
237 13
239 12
240 13
242 14
244 13
246 14
248 14
251 14
252 14
253 14
255 13
257 13
259 14
260 14
262 14
263 14
266 12
267 11
269 12
271 12
272 12
274 12
275 11
277 12
278 12
280 11
282 11
283 11
285 11
287 11
289 11
291 11
292 11
294 11
295 11
297 11
299 11
301 11
303 11
304 11
306 11
308 11
310 11
311 11
313 11
315 11
316 11
318 11
319 11
321 11
