80 0
82 0
85 0
86 1
88 3
88 4
90 5
92 8
93 9
95 8
96 10
97 10
99 12
101 10
102 9
103 9
105 12
106 14
108 14
110 15
111 15
112 15
114 15
115 15
117 15
118 15
119 15
121 15
123 15
124 13
126 13
127 14
128 13
130 13
132 13
133 13
134 13
136 13
137 13
139 13
140 13
142 13
143 13
145 12
146 12
148 12
150 12
151 12
152 12
154 12
155 12
157 12
158 12
159 12
161 12
162 12
163 12
165 12
167 12
168 12
169 12
171 12
173 12
174 12
175 12
176 12
179 12
180 11
182 11
183 11
184 11
186 11
187 11
189 11
190 11
191 11
193 11
195 11
196 11
198 11
199 11
200 11
201 11
203 11
204 11
205 11
207 11
208 11
210 11
212 11
213 11
214 11
216 11
217 11
219 11
220 11
222 11
224 11
225 11
226 11
227 11
229 11
231 11
232 11
234 11
235 11
237 11
238 11
239 11
241 11
242 11
244 11
245 11
247 11
248 11
249 11
251 11
252 11
254 11
255 11
256 11
259 11
260 11
262 11
264 11
264 11
265 11
267 11
268 11
269 10
271 11
273 10
273 10
276 10
277 10
279 10
280 10
281 10
283 10
284 10
287 10
288 10
289 10
291 10
292 10
293 10
295 10
296 10
299 10
300 10
301 10
302 10
304 10
305 10
307 10
308 10
310 10
311 10
312 10
314 10
315 9
317 9
319 9
320 9
321 9
