40 0
42 0
44 0
45 0
47 0
48 0
50 2
51 3
53 4
54 5
56 5
57 7
59 7
61 7
62 7
64 7
65 6
66 6
68 7
70 7
71 7
72 7
73 8
75 8
76 8
78 5
79 6
80 6
82 6
83 8
86 7
86 7
88 7
90 9
91 9
93 9
94 9
96 9
97 9
99 9
100 9
101 9
103 9
104 9
106 9
108 9
110 9
111 9
112 9
114 9
116 9
117 9
117 9
119 9
120 9
122 9
124 9
126 9
127 9
128 9
130 9
131 9
132 9
134 9
135 9
137 9
138 9
139 9
141 9
143 9
144 9
145 9
146 9
148 9
150 9
151 9
152 9
155 9
155 9
157 9
159 9
161 9
162 9
163 9
164 9
165 9
167 9
168 9
169 9
171 9
172 9
174 9
175 9
176 9
178 9
179 9
181 9
182 9
184 9
185 9
186 9
188 9
190 9
190 9
192 9
193 9
194 9
197 9
198 9
200 9
201 9
203 8
204 9
205 8
206 7
208 8
209 7
211 8
212 8
214 8
215 8
216 8
218 8
219 8
220 8
221 8
223 8
225 8
226 8
227 8
229 8
230 8
232 8
234 7
235 7
236 8
238 8
240 8
241 8
243 8
244 8
246 8
246 8
248 8
249 8
251 8
253 8
254 8
256 8
257 8
258 8
259 8
262 8
263 8
264 8
265 8
268 8
269 8
271 8
272 8
273 8
274 8
276 8
277 8
278 8
280 8
281 8
284 8
284 8
286 8
287 8
289 8
290 8
293 8
294 8
295 8
297 8
299 8
300 8
301 8
303 8
304 8
306 8
308 8
309 8
311 8
313 8
314 8
315 8
317 8
318 8
319 8
321 8
