40 0
43 0
44 1
46 0
48 1
49 1
50 2
51 3
53 4
55 5
57 5
57 3
59 4
60 5
62 5
64 6
65 6
67 5
70 5
70 5
71 5
73 7
75 6
77 8
78 8
79 6
80 6
81 7
83 6
84 6
85 6
86 6
88 5
89 6
91 6
93 6
94 6
95 6
97 6
98 6
100 6
101 6
102 6
104 6
106 6
107 6
108 6
110 6
111 6
113 6
114 6
115 6
116 6
118 6
120 6
122 6
123 6
124 6
125 6
127 6
128 6
130 6
132 6
134 6
135 6
137 6
138 6
139 6
141 6
142 6
144 6
145 6
146 6
148 6
149 6
150 6
151 6
153 6
154 6
155 6
157 6
158 6
160 6
162 6
164 6
165 6
167 6
168 6
169 6
171 6
173 6
175 6
176 6
177 6
179 6
180 6
182 6
184 6
185 6
186 6
188 6
189 6
190 6
192 6
194 6
195 6
196 6
198 6
200 6
201 6
202 6
203 6
205 6
206 6
208 6
210 6
211 6
213 6
214 6
215 6
216 6
218 6
219 6
221 6
222 6
224 6
225 6
226 6
228 6
229 5
231 6
232 5
233 5
234 5
236 5
237 5
239 5
241 5
242 5
243 5
244 5
246 5
247 5
249 5
250 5
252 5
253 5
255 5
256 5
257 5
259 5
261 5
262 5
263 5
265 5
267 5
268 5
270 5
271 5
273 5
274 5
275 5
277 5
279 5
280 5
282 5
283 5
285 5
286 5
287 5
288 5
290 5
291 5
292 5
294 6
295 6
297 6
298 6
300 5
301 5
302 5
304 5
305 5
306 5
309 5
310 6
312 5
313 5
314 5
315 5
317 5
318 5
320 6
321 6
