60 0
63 0
64 0
66 0
68 0
70 1
71 3
72 5
74 5
75 8
76 10
78 10
79 8
80 9
82 10
83 8
85 8
86 8
88 7
89 6
91 7
93 6
95 7
96 7
98 7
100 7
102 7
103 7
104 8
105 8
107 8
108 8
109 8
111 7
112 7
113 7
115 8
116 8
117 7
119 7
120 7
122 7
122 7
124 7
126 8
128 8
129 8
131 8
132 8
133 8
135 8
137 8
138 8
139 8
140 8
141 8
144 8
145 8
146 8
148 8
149 8
151 8
153 8
154 8
155 8
157 8
158 8
161 8
161 8
163 8
164 8
167 8
169 8
171 8
172 8
173 8
174 8
176 8
178 8
179 8
181 8
182 8
184 8
185 8
186 8
188 8
189 8
191 8
192 8
193 8
195 8
196 8
197 8
199 8
201 8
201 8
203 8
204 8
206 8
207 8
209 8
210 8
212 8
213 8
215 8
216 8
217 8
219 8
220 8
221 8
223 8
224 8
225 8
227 8
228 8
229 8
231 8
232 8
234 8
236 8
238 8
238 8
240 8
241 8
242 8
244 8
245 8
247 8
249 8
250 8
251 8
253 8
254 8
255 8
257 8
258 8
259 8
260 8
262 8
263 9
265 9
266 8
268 8
269 8
271 8
273 8
275 8
276 8
278 8
279 8
280 8
281 8
284 8
285 8
286 8
288 8
289 8
291 8
292 8
293 8
295 8
296 7
297 6
298 6
300 6
302 6
304 6
304 6
306 6
307 6
309 6
310 6
312 6
314 6
315 6
316 6
317 6
319 6
320 6
322 6
