30 0
33 0
34 0
37 0
39 0
41 0
42 1
44 2
46 3
48 4
50 4
52 4
53 4
56 5
58 4
60 4
62 5
63 5
65 6
67 6
69 6
71 6
73 7
75 6
77 7
79 6
80 6
82 6
84 6
86 6
88 6
90 6
92 6
94 6
95 6
97 6
99 6
101 6
103 6
105 7
106 6
109 6
111 7
112 6
114 6
116 6
118 6
119 6
122 6
124 6
126 6
127 6
129 6
131 6
133 6
135 6
137 6
139 6
141 6
143 6
145 6
147 6
149 6
150 6
153 6
154 6
156 6
158 6
160 6
162 6
164 6
166 5
168 5
170 5
173 5
174 5
176 5
178 5
179 5
181 5
183 5
185 5
187 5
189 5
191 5
192 5
195 5
197 5
199 5
200 5
202 5
204 5
206 5
208 5
210 5
212 5
213 5
216 5
218 5
220 5
221 5
223 5
226 5
227 5
229 5
231 5
233 5
236 5
237 5
239 5
242 5
243 5
245 5
247 5
249 5
251 5
253 5
254 5
257 5
259 5
261 5
263 5
264 5
266 5
268 5
270 5
272 5
274 5
276 5
278 5
279 5
282 5
284 5
285 5
287 5
289 5
291 5
293 5
295 5
297 5
299 5
301 5
303 5
305 5
307 5
309 5
311 5
313 5
315 5
316 5
318 5
320 5
322 5
