70 0
73 0
75 0
76 0
78 3
79 3
81 7
82 9
84 10
85 9
87 11
89 12
90 12
92 13
93 12
95 14
96 15
97 14
99 14
100 14
101 15
104 15
105 14
107 14
110 13
112 14
113 14
115 13
116 13
118 12
119 13
120 12
123 12
125 12
126 12
127 12
128 12
130 12
132 12
132 12
134 12
135 10
137 11
138 10
140 11
140 10
143 10
144 10
147 10
149 10
150 10
152 10
152 10
154 10
155 10
156 10
157 10
159 10
160 10
162 10
164 10
165 10
166 10
167 10
170 10
172 10
173 10
175 10
176 10
177 10
178 10
180 10
182 10
182 10
183 10
185 10
186 10
187 10
189 9
191 9
193 9
194 9
195 9
196 9
198 9
200 9
201 9
202 9
204 9
206 9
207 9
208 9
210 8
211 8
212 8
213 8
214 8
216 8
218 8
220 8
220 8
222 8
223 8
225 8
226 8
228 8
229 8
230 8
232 8
233 8
236 8
237 8
239 8
240 8
241 8
243 8
244 8
245 8
248 8
249 8
250 8
251 8
253 8
255 8
256 8
258 8
259 8
260 8
262 8
263 8
265 8
266 8
267 8
269 8
270 8
272 8
273 8
274 8
275 8
277 8
279 8
280 8
281 8
283 8
285 8
286 8
289 8
290 8
290 8
292 8
293 8
295 8
296 8
297 8
299 8
301 8
302 8
304 8
306 8
308 8
309 8
311 8
311 8
313 8
314 8
316 8
316 8
318 8
320 8
321 8
