30 0
32 0
34 0
36 0
38 0
39 0
42 1
43 2
45 1
46 2
48 2
50 2
52 3
54 3
56 4
58 3
59 3
61 3
63 3
65 4
66 4
68 5
69 5
73 5
74 5
76 6
77 6
79 6
81 6
83 6
84 8
86 7
88 7
90 7
92 7
95 7
96 7
98 7
99 7
101 7
103 7
104 7
107 7
108 7
110 7
112 7
114 7
115 7
117 7
119 7
121 7
122 7
124 7
126 7
127 7
130 7
131 7
133 7
135 7
137 7
138 7
140 7
141 7
143 7
145 7
147 7
149 7
150 7
152 7
154 7
156 7
158 7
159 7
161 7
163 7
165 7
166 7
168 7
170 7
171 7
173 7
174 7
176 7
178 7
180 6
182 6
184 6
186 6
187 6
189 6
191 6
192 6
194 6
196 6
198 6
199 6
201 6
203 6
205 6
206 6
208 6
210 6
211 6
213 6
215 6
216 6
218 6
220 6
222 7
223 7
226 7
227 7
229 7
230 7
232 7
235 7
236 7
238 7
239 7
241 7
242 7
244 7
246 7
248 7
249 7
251 7
253 7
254 7
257 7
258 7
260 7
261 7
263 7
265 7
267 7
268 7
270 7
272 7
274 7
275 7
278 7
279 7
280 7
282 7
284 7
285 7
287 7
288 7
290 7
292 7
294 7
295 7
297 7
299 7
300 7
303 7
304 7
306 7
308 7
310 7
312 7
314 7
315 7
317 7
319 7
320 7
322 7
