60 0
63 0
65 0
67 0
69 2
71 2
73 5
75 4
77 5
79 5
80 7
82 7
84 7
86 7
88 7
90 8
92 9
94 10
95 9
98 9
99 8
101 8
103 8
105 9
107 10
109 10
111 10
112 10
114 10
116 10
118 10
120 10
122 11
124 11
126 10
128 9
130 10
132 10
134 10
136 10
138 10
139 9
141 9
143 9
145 9
148 9
150 9
151 9
153 9
155 10
157 9
159 9
160 9
162 9
164 10
166 10
168 10
170 10
172 10
174 10
177 10
178 10
180 10
182 10
184 10
186 10
188 10
190 10
192 10
194 10
196 10
197 10
199 10
201 10
203 10
205 10
207 10
209 10
211 10
213 10
214 10
216 10
218 10
220 10
222 10
224 10
226 10
228 10
230 10
232 10
234 9
236 9
238 9
239 9
242 9
243 9
245 9
248 9
249 9
251 9
252 9
255 9
257 9
258 9
260 9
263 10
264 10
266 10
268 10
270 10
272 10
274 9
276 9
278 9
281 9
281 9
283 9
285 9
287 9
288 9
291 9
293 9
294 9
297 9
299 9
300 9
302 9
305 9
306 9
308 9
310 9
312 9
314 9
316 9
318 9
320 9
321 9
