50 0
53 0
54 0
56 0
58 0
60 1
62 2
63 1
65 0
67 2
69 3
70 4
72 5
73 5
75 6
77 6
79 8
81 8
82 8
84 8
87 7
88 7
90 8
92 9
94 8
96 9
97 9
98 9
101 9
102 9
104 9
106 8
107 8
109 8
111 8
112 8
115 8
116 8
118 8
120 8
122 8
124 7
125 7
127 8
129 8
131 8
133 8
135 8
136 8
138 8
140 8
141 7
144 7
146 7
147 7
149 7
151 7
153 7
154 6
156 6
157 6
160 6
161 6
163 6
165 6
167 6
168 6
170 6
172 6
175 6
177 6
178 6
180 6
182 6
183 6
185 7
187 7
188 7
190 7
192 7
194 7
196 7
197 7
198 7
200 7
202 6
204 7
206 7
207 7
209 7
211 7
212 7
214 7
216 7
218 7
219 7
221 7
223 7
225 7
226 7
228 7
230 7
231 7
233 7
235 7
237 7
239 7
241 7
242 7
243 7
245 7
247 7
249 7
250 7
252 7
254 7
255 7
258 7
259 7
261 7
262 7
264 7
266 7
268 7
270 7
272 7
273 7
275 7
276 7
278 7
280 7
282 7
283 7
285 7
287 7
289 7
291 7
293 7
295 7
296 7
298 7
300 7
302 7
303 7
305 7
307 7
309 7
310 7
312 6
314 7
315 7
317 6
318 6
320 6
322 6
