40 0
43 0
44 0
46 1
48 2
50 1
51 2
54 4
55 3
57 4
59 4
61 6
62 8
64 7
66 7
67 8
69 8
71 7
72 7
75 8
77 6
78 7
80 7
82 8
84 7
86 7
88 6
89 6
92 6
93 6
94 7
96 7
99 5
100 5
102 7
103 6
105 8
107 8
109 7
111 7
112 7
115 7
116 7
118 7
120 7
122 7
123 7
125 7
127 7
128 7
130 7
132 7
134 7
136 7
137 7
139 7
141 7
143 7
146 7
147 7
149 7
151 7
153 7
154 7
156 5
158 6
160 5
161 6
163 5
166 5
168 5
170 5
172 5
174 5
176 5
177 6
180 6
181 6
183 6
184 6
187 5
189 6
190 6
192 6
194 6
195 6
197 5
198 6
200 6
201 6
204 6
205 6
207 6
209 6
211 6
212 6
214 6
215 6
217 6
219 6
220 6
222 6
224 6
226 6
228 6
229 6
230 6
232 6
234 6
237 6
238 6
240 6
241 6
243 6
245 6
247 6
249 5
250 5
253 5
255 5
257 5
258 5
260 5
262 5
264 5
265 5
267 5
268 5
271 5
272 5
274 5
276 5
278 5
280 5
282 5
283 5
285 5
287 5
288 5
290 5
292 5
294 5
296 5
297 5
299 5
301 5
303 5
305 5
306 5
308 5
310 5
312 5
313 5
315 5
317 5
318 5
320 5
322 5
