30 0
33 0
35 0
37 0
38 0
41 0
42 0
44 0
46 2
48 2
50 2
53 2
54 3
57 4
58 4
60 5
62 5
64 5
65 5
68 7
70 6
71 6
73 5
75 5
77 5
79 6
81 7
83 8
85 7
87 7
90 7
91 9
93 9
95 9
97 10
98 9
100 9
102 10
104 10
105 10
107 10
109 10
111 10
113 10
115 10
117 10
119 10
121 10
123 10
125 10
127 9
129 9
131 10
132 10
134 10
136 10
139 10
140 10
142 10
144 10
146 10
148 10
150 10
152 10
154 10
156 9
158 9
160 9
162 9
164 9
165 9
167 9
169 10
171 10
173 9
175 10
177 10
179 10
180 10
183 10
185 11
187 11
188 11
190 11
193 11
194 11
196 11
197 11
199 11
202 11
204 11
206 11
208 9
209 10
211 10
214 10
215 10
217 10
219 10
221 10
223 10
225 10
227 10
229 10
231 10
233 10
234 10
236 10
238 10
241 10
242 10
244 10
246 10
248 10
250 10
252 10
254 10
256 9
258 10
260 10
262 9
264 10
266 10
268 10
270 10
271 10
273 10
275 10
277 10
279 10
281 10
283 10
285 10
287 9
289 9
291 9
293 9
294 9
296 9
298 9
300 9
302 9
303 9
305 9
307 9
309 9
311 9
313 9
316 9
317 9
319 9
321 9
