70 0
73 0
75 0
76 0
78 0
80 1
81 1
83 3
84 5
86 4
88 5
90 6
92 7
93 7
95 5
97 7
99 7
100 7
103 7
104 7
105 7
108 7
109 7
111 7
112 7
114 7
115 7
118 8
118 8
121 9
123 7
126 8
127 8
128 8
130 9
132 8
134 7
135 8
137 8
139 8
140 7
143 7
144 7
146 7
147 7
149 7
151 8
153 7
154 8
156 7
158 7
160 7
162 7
163 7
165 7
167 7
168 7
170 7
171 7
173 7
175 7
177 7
179 7
182 7
183 7
186 7
187 6
188 6
190 6
191 8
193 8
195 6
196 6
199 7
200 7
202 6
203 6
204 6
207 5
208 5
210 5
212 5
213 5
215 5
217 5
219 5
221 5
222 5
223 5
225 5
227 5
229 5
230 5
232 5
233 5
235 5
236 5
239 5
240 5
242 5
243 5
245 5
247 5
248 5
250 5
252 5
253 5
255 5
256 5
258 5
260 5
261 5
264 5
266 5
267 5
268 5
270 5
272 5
273 5
274 5
277 5
278 5
280 5
281 5
283 5
285 5
287 5
289 5
290 4
292 4
293 4
295 4
297 4
298 5
300 5
302 5
304 6
305 5
307 5
309 5
310 5
312 5
314 5
316 5
317 5
319 5
321 5
322 5
