70 0
73 0
74 0
76 0
78 0
80 2
81 3
83 2
85 3
87 4
89 5
90 11
93 9
95 8
97 8
98 9
99 10
101 9
104 9
106 10
107 9
109 11
111 12
113 9
115 10
117 10
118 10
120 8
122 9
124 9
125 9
127 9
128 9
131 10
132 10
135 10
138 11
139 10
141 11
142 11
144 10
145 10
148 9
150 11
151 9
153 9
155 11
157 11
159 11
160 11
162 11
164 12
165 12
167 11
169 11
171 11
173 11
175 10
176 11
178 10
180 10
181 10
184 10
185 10
187 10
189 10
190 10
192 10
193 9
195 9
197 9
199 9
201 9
203 9
205 9
206 9
208 9
210 9
212 9
213 9
215 9
217 8
218 9
221 8
222 8
224 8
225 8
227 8
229 9
230 8
232 9
234 9
236 9
237 8
239 8
241 8
244 8
245 8
247 9
250 9
251 8
252 8
254 8
256 9
258 9
260 9
262 9
263 9
265 9
267 9
269 9
271 9
273 9
274 9
276 8
277 8
279 8
282 8
284 8
286 8
287 7
289 7
290 8
293 9
295 8
297 8
298 8
300 8
302 8
303 8
305 8
308 9
309 8
311 8
313 8
315 8
317 8
318 8
320 8
322 8
