30 0
32 0
34 0
36 0
38 0
39 1
41 0
43 1
45 1
47 1
49 2
51 3
52 3
54 3
56 3
57 3
59 3
60 4
63 3
64 3
66 4
68 4
70 4
71 4
72 4
74 4
76 4
78 4
79 5
82 5
83 5
85 5
87 4
89 5
91 4
93 4
94 3
95 4
98 4
99 4
101 4
102 4
105 4
107 4
108 4
110 4
112 4
114 4
115 4
117 5
120 4
121 4
123 4
125 4
126 4
128 4
129 4
131 4
133 4
134 4
136 4
137 4
140 4
143 4
144 4
145 4
147 4
148 4
150 4
152 5
153 5
155 5
157 4
159 4
160 5
162 6
164 5
165 6
167 5
169 6
171 6
172 6
174 5
175 6
178 6
180 7
181 7
183 7
184 7
186 7
188 7
190 7
192 6
193 7
195 7
197 7
198 7
200 6
202 6
203 6
205 6
207 6
209 6
211 6
213 6
214 6
216 6
218 6
220 5
221 6
223 6
225 6
226 7
228 6
229 6
231 6
233 7
235 7
236 6
238 7
240 7
242 6
243 6
245 6
247 6
248 6
250 6
252 6
253 6
255 6
257 6
259 6
260 6
262 6
265 6
266 6
267 6
270 6
272 6
273 6
275 6
277 6
279 6
281 6
283 6
285 6
287 6
289 6
290 6
292 6
293 6
295 7
297 6
299 6
300 6
302 6
304 6
306 5
307 6
309 5
310 5
312 5
314 5
316 5
318 5
319 6
321 5
323 5
