60 0
62 0
64 0
67 0
68 0
70 0
72 0
73 2
75 2
77 2
78 2
80 3
82 4
84 4
86 5
87 5
89 5
91 5
93 5
94 6
96 7
98 7
99 7
101 7
103 7
105 7
107 8
109 8
110 8
112 7
113 7
116 9
117 10
119 9
121 9
123 9
125 9
126 9
128 10
129 10
131 10
133 10
134 10
137 10
139 10
140 10
142 10
144 10
145 10
147 10
149 9
151 10
152 10
154 10
156 10
158 10
159 10
162 10
164 10
166 10
167 10
170 9
171 9
172 9
175 9
176 9
178 9
179 9
181 9
183 9
185 9
188 9
189 9
191 9
192 9
194 9
196 9
197 9
199 9
201 9
202 9
204 9
206 9
208 9
209 9
212 9
213 9
216 9
217 9
220 9
220 9
222 9
223 9
225 9
227 9
229 9
231 9
232 9
234 8
235 8
237 8
239 8
242 8
243 8
245 8
247 8
249 8
250 8
252 8
254 8
256 8
257 8
259 8
260 8
262 8
264 8
266 8
267 8
269 8
270 8
272 8
274 8
276 8
277 8
279 8
281 8
283 8
284 8
286 8
288 8
290 8
292 8
293 8
295 8
298 8
299 8
300 8
302 8
303 8
305 8
307 8
309 8
311 9
313 8
314 8
316 8
318 8
320 8
322 8
