30 0
33 0
35 0
36 0
38 0
39 0
41 0
42 0
44 0
46 0
48 0
49 1
51 1
53 2
54 2
57 2
58 3
60 3
61 4
64 5
66 5
67 5
68 5
70 5
73 5
74 5
76 5
78 5
79 5
81 4
83 4
85 3
86 5
88 5
89 5
91 5
93 5
94 5
95 5
98 5
99 5
101 5
103 5
104 5
106 5
108 5
110 5
111 5
113 5
115 5
116 5
119 5
120 5
121 5
123 5
125 5
126 5
130 5
131 5
134 5
135 5
136 5
138 5
140 5
143 5
144 5
145 5
147 5
148 5
150 5
152 5
153 5
155 5
156 5
158 5
159 5
161 5
163 5
164 5
166 5
168 5
170 5
171 5
174 5
175 5
177 5
179 5
179 5
181 5
183 5
184 5
186 5
188 5
189 5
191 5
193 5
194 5
196 4
198 4
199 4
201 4
203 4
205 4
206 4
208 4
209 4
211 4
213 4
215 4
217 4
218 4
220 4
221 4
223 4
225 4
226 4
228 4
230 4
233 4
234 4
236 4
237 4
239 4
241 4
242 4
243 4
245 4
247 4
249 4
251 4
252 4
253 4
255 4
258 4
259 4
261 4
262 4
264 4
266 4
268 4
269 4
271 4
272 4
274 4
276 4
277 4
279 4
281 4
282 4
284 4
286 4
287 4
289 4
291 4
292 4
294 4
296 4
297 4
299 4
301 4
303 4
304 4
306 4
307 4
309 4
312 4
312 4
315 4
316 4
318 4
320 4
321 4
323 4
