70 0
73 0
74 0
77 0
78 0
80 1
82 3
84 4
85 3
87 3
88 5
90 6
92 8
93 6
94 8
96 9
98 11
100 11
101 11
103 13
105 14
107 14
108 14
110 12
112 12
114 12
115 15
117 15
118 15
120 14
122 15
124 15
126 16
127 14
128 15
130 14
132 13
133 12
135 12
136 13
138 12
140 12
142 12
144 12
145 12
147 12
149 12
151 12
153 11
154 12
156 12
157 12
159 12
160 12
162 12
164 11
166 11
168 10
169 10
171 9
172 9
174 9
176 9
178 9
179 8
181 8
183 8
184 8
186 8
187 8
189 8
191 8
192 8
194 8
196 8
197 8
199 8
201 8
203 8
204 8
207 8
208 8
210 8
212 8
213 8
214 8
216 8
218 8
220 8
221 8
224 8
225 8
227 8
229 8
230 8
232 8
233 8
235 8
237 8
239 8
240 8
242 8
243 8
245 8
247 8
249 8
251 8
252 8
254 8
256 8
257 8
258 8
261 8
262 8
264 8
266 8
267 8
269 8
271 8
272 8
274 8
275 8
277 8
279 8
280 8
282 8
284 8
286 8
287 8
289 8
291 8
292 8
294 8
296 8
297 8
299 8
301 8
302 8
304 8
306 8
308 8
309 8
312 8
313 8
315 8
317 8
319 8
320 8
323 8
