60 0
62 0
65 0
66 0
68 1
69 1
71 1
72 2
74 4
76 5
78 4
80 5
82 5
83 7
85 9
87 9
89 7
90 7
92 8
94 11
95 10
97 10
99 10
101 9
103 11
105 9
107 7
108 8
109 9
112 8
112 9
115 8
117 8
119 8
120 10
123 9
124 9
126 10
127 9
129 10
131 10
133 11
134 11
136 11
137 10
139 9
141 9
143 9
144 9
146 9
147 9
149 9
151 8
153 9
154 9
156 8
159 8
160 8
162 8
164 8
165 8
167 8
168 8
170 8
171 9
173 8
175 8
177 8
178 8
180 8
181 8
183 8
185 8
186 8
188 8
190 8
192 8
193 8
195 8
197 8
198 8
200 9
202 7
204 8
205 7
207 6
208 8
210 7
211 7
214 7
215 6
217 7
219 7
220 7
222 7
224 7
226 7
228 6
229 7
231 7
232 7
234 8
235 6
237 6
239 6
241 6
242 6
244 6
246 6
247 6
249 6
250 6
253 6
254 6
256 6
258 6
259 6
261 6
263 7
264 6
266 6
268 7
269 6
272 6
273 7
274 7
276 7
278 7
280 7
281 7
283 7
284 7
286 7
287 7
289 7
290 7
292 7
294 7
295 7
297 6
299 7
301 7
302 7
304 7
306 7
307 7
309 7
311 7
312 7
314 6
315 7
317 6
319 6
321 6
