60 0
63 0
65 0
67 0
69 1
71 3
72 3
74 5
76 4
78 4
79 4
81 4
83 7
85 6
87 5
88 5
90 5
92 5
93 7
95 6
97 7
98 7
100 8
102 8
103 7
104 6
107 6
108 7
110 6
112 6
114 6
115 6
117 6
118 6
120 6
122 7
123 7
125 7
127 7
128 7
129 7
131 7
133 7
134 7
136 8
138 7
139 6
141 7
143 7
146 6
148 6
148 7
150 7
152 8
153 8
155 8
156 8
159 8
160 8
162 8
164 8
165 8
167 8
169 8
171 8
172 8
174 8
175 8
177 8
179 8
180 8
182 8
185 8
186 8
187 8
189 8
192 8
193 8
195 8
197 8
198 8
200 8
202 8
203 8
205 8
206 8
208 8
210 8
212 8
214 8
215 8
217 8
219 8
221 8
223 8
224 8
225 8
227 8
228 8
230 8
232 8
233 8
235 8
236 8
238 8
240 8
241 8
243 8
245 8
247 8
248 8
250 8
251 8
253 8
255 8
257 8
259 8
260 8
261 8
263 8
265 8
267 8
268 8
270 8
272 8
274 8
275 8
278 8
280 8
281 8
283 8
285 8
286 8
289 8
290 8
292 8
293 8
295 8
296 8
298 8
300 8
301 8
303 8
304 8
306 8
308 8
310 8
312 8
315 8
316 8
318 8
319 8
320 8
