80 0
83 0
84 0
86 0
88 0
90 2
92 3
94 6
95 6
97 7
98 8
100 10
103 11
104 11
106 13
107 13
109 12
111 14
114 14
115 14
117 15
119 14
120 14
122 14
123 13
125 14
126 13
128 13
129 12
131 13
132 13
134 13
136 13
138 13
139 13
141 13
142 13
144 12
146 12
148 13
149 11
151 13
152 12
154 11
156 12
157 11
159 11
161 11
162 11
164 11
166 11
168 12
169 12
171 12
173 11
175 10
177 10
178 11
180 11
181 9
183 10
184 10
186 10
188 10
190 10
191 9
193 9
195 9
197 10
198 11
200 11
202 11
204 11
205 11
207 11
209 11
210 11
212 11
214 12
216 11
217 11
219 12
220 12
222 11
225 12
226 12
228 11
230 11
231 11
233 11
235 11
236 11
237 11
239 11
240 11
242 11
244 11
246 11
247 11
249 11
251 11
252 11
254 11
256 11
257 11
259 11
261 11
262 11
264 11
266 11
267 11
269 10
271 10
272 10
275 10
278 10
279 10
280 10
282 10
284 10
285 10
288 10
289 10
290 11
292 10
293 10
295 10
298 10
299 11
301 11
303 11
304 11
306 11
308 10
310 10
312 10
313 10
314 10
316 10
317 10
319 10
321 10
323 10
