70 0
73 0
75 0
76 0
78 1
80 0
82 1
83 1
86 1
87 4
89 3
90 7
92 6
94 5
96 6
98 8
100 9
102 8
103 8
104 11
106 8
108 10
109 11
111 9
113 10
114 12
116 12
119 12
120 12
122 12
123 12
125 12
126 12
128 12
130 12
131 12
133 12
135 12
136 12
138 12
140 12
142 12
143 12
145 12
147 12
149 12
151 12
153 12
154 12
156 12
158 12
160 12
161 12
163 12
165 12
166 12
169 12
170 12
171 12
174 12
176 12
177 12
179 12
180 11
182 11
184 11
185 11
187 11
189 11
191 11
192 11
194 11
196 11
197 11
200 11
201 11
203 11
205 11
206 11
209 11
212 11
213 11
215 11
216 11
219 11
220 11
222 11
224 11
225 11
227 11
228 11
230 11
231 11
233 11
235 11
236 11
238 11
239 11
241 11
243 11
245 11
247 11
249 11
250 11
252 11
254 11
256 11
257 11
259 11
262 11
263 11
265 11
267 11
268 11
270 11
272 11
273 11
275 11
277 11
279 11
281 11
282 11
284 11
286 11
287 11
289 11
291 11
292 11
294 11
295 11
297 11
299 11
300 11
302 11
304 11
306 11
307 11
309 11
311 11
313 11
314 11
316 11
318 11
319 11
