40 0
43 0
45 0
47 0
48 0
50 0
53 0
54 0
56 0
58 0
61 0
62 1
64 1
66 1
69 2
71 2
73 3
76 6
77 4
79 5
81 5
83 6
86 5
87 6
89 5
90 7
92 9
94 7
96 8
99 7
101 8
103 8
105 9
106 8
109 8
110 9
112 11
114 11
116 11
118 11
120 11
122 11
123 9
125 10
127 9
129 9
131 8
133 9
135 9
137 8
139 8
141 7
143 8
145 8
147 9
148 8
150 10
153 11
155 10
157 11
159 11
161 10
163 10
164 10
166 10
168 10
170 11
172 11
174 9
176 10
178 10
179 10
181 10
184 10
186 10
187 10
190 10
192 9
193 9
195 8
198 8
200 8
201 9
203 10
206 8
208 8
209 9
211 8
213 8
215 9
217 8
220 8
222 8
223 8
226 8
227 8
229 8
231 8
233 8
235 8
236 8
238 8
240 8
242 8
244 8
246 8
248 8
249 8
251 8
254 9
255 8
257 9
259 8
261 9
263 8
265 9
268 9
270 9
272 9
273 9
275 9
276 9
278 8
280 8
282 8
284 8
286 8
288 8
290 8
291 9
294 9
295 8
297 8
299 8
302 8
303 9
305 8
307 8
308 8
310 8
312 8
315 9
316 8
318 8
320 8
322 9
