70 0
74 0
75 0
77 0
79 1
81 4
83 4
85 6
87 7
89 7
91 7
92 8
94 8
96 10
98 10
100 10
102 10
103 10
105 10
107 11
109 12
112 11
113 12
116 12
117 12
119 12
121 13
123 13
125 13
127 13
129 14
131 14
132 14
134 14
136 15
138 14
140 13
142 14
145 14
146 13
148 13
150 14
152 14
154 14
156 14
158 14
160 14
162 13
164 13
165 13
168 13
169 13
172 13
173 13
175 12
179 12
180 12
182 12
183 12
186 12
187 12
190 12
191 12
193 12
196 12
197 12
199 12
201 12
203 12
205 12
207 11
208 11
210 11
212 11
214 11
217 11
218 11
220 11
222 11
224 10
226 10
228 10
229 9
231 9
233 9
235 9
237 10
239 9
241 9
243 9
244 9
246 9
248 10
250 9
252 10
254 10
255 10
258 10
260 10
262 10
264 9
265 9
267 9
269 9
271 9
273 9
276 8
277 9
279 9
281 8
283 9
285 9
287 9
289 9
291 9
293 9
294 9
296 9
298 9
300 9
302 8
304 8
306 8
308 8
310 8
312 8
314 7
316 7
318 7
320 7
322 7
