90 0
93 0
95 0
97 1
98 0
100 2
102 2
103 3
105 3
107 4
109 4
111 5
112 6
114 6
116 8
117 8
119 8
121 11
123 10
125 11
126 11
128 12
130 13
131 10
133 13
136 15
137 14
139 14
140 14
143 14
144 13
145 15
148 13
149 15
151 13
152 15
155 13
156 14
157 14
160 14
162 15
163 14
165 15
167 15
168 16
170 16
172 17
174 15
175 15
178 15
180 15
181 15
183 15
184 14
186 14
188 14
190 14
192 15
194 15
195 15
197 15
198 15
200 15
202 15
204 15
206 15
207 15
209 15
210 15
212 16
214 16
215 15
217 15
219 15
220 15
222 15
224 15
226 15
227 15
229 14
231 14
232 14
234 14
235 14
237 14
239 13
241 13
242 13
244 13
246 14
247 14
249 14
251 14
252 14
254 14
256 14
258 14
259 13
261 13
262 13
264 13
267 13
268 13
270 13
271 13
273 13
275 13
277 13
279 13
280 13
282 13
284 13
286 12
287 13
290 12
292 13
293 13
295 13
297 13
299 12
301 12
302 12
303 11
305 11
307 11
308 11
310 11
312 11
313 11
315 11
316 11
318 11
320 11
322 11
