90 0
93 0
94 0
96 0
99 0
100 3
102 3
104 3
105 7
107 6
108 6
110 7
113 8
114 7
116 6
117 7
119 9
120 9
122 10
124 10
125 12
127 12
129 13
131 12
132 13
133 12
136 12
137 15
139 14
140 14
142 15
144 15
146 15
147 14
149 14
151 12
153 13
155 12
157 12
159 12
160 12
161 13
164 13
166 13
167 12
169 13
171 13
173 13
175 13
177 13
178 13
180 13
182 13
184 13
186 12
187 12
189 13
191 13
193 13
195 13
196 13
199 13
200 13
202 13
203 13
205 13
207 13
208 13
210 13
211 13
213 13
215 13
217 13
218 13
221 13
223 13
224 13
226 13
227 13
229 13
231 13
232 13
233 13
235 13
236 13
238 13
240 13
241 13
243 13
244 13
246 13
248 13
249 13
251 13
253 13
254 13
256 13
257 13
259 13
261 13
262 13
264 13
266 13
267 13
269 12
271 12
272 12
274 13
276 12
279 12
281 11
282 11
284 11
285 11
287 12
289 11
291 11
292 12
294 11
296 12
298 11
300 11
301 11
302 11
304 11
306 11
308 11
310 11
311 11
313 11
315 11
316 11
318 11
320 11
321 11
