60 0
62 0
64 0
66 0
68 0
70 0
71 1
73 3
75 3
77 3
79 4
81 4
82 5
84 5
86 5
88 7
90 8
92 10
93 7
96 11
97 12
99 11
100 10
102 11
104 11
106 10
107 10
109 12
111 12
113 12
115 12
117 13
118 12
120 13
122 12
124 12
125 12
127 11
129 11
131 11
132 11
134 12
136 12
137 12
139 12
141 12
143 12
145 12
147 12
148 12
150 12
153 12
154 12
156 12
157 12
159 12
161 12
163 12
164 11
167 11
168 11
170 11
172 11
173 11
175 11
177 11
179 11
181 11
182 10
185 10
186 10
188 10
191 10
193 10
195 9
196 9
198 9
200 9
201 9
203 9
205 9
207 8
208 10
210 9
212 9
214 9
216 9
218 9
219 9
221 9
223 9
225 10
226 10
229 10
230 9
232 9
234 9
236 8
238 9
239 9
241 8
242 8
244 8
247 8
248 8
250 9
251 8
253 8
256 8
257 8
259 8
261 7
263 7
264 7
266 7
268 7
269 7
271 7
273 7
275 7
277 7
279 7
281 7
282 7
284 7
286 7
287 7
289 7
291 7
293 7
295 7
296 8
298 7
299 8
301 8
303 7
304 7
306 7
308 7
310 7
312 7
313 7
315 7
317 7
319 7
321 7
