60 0
63 0
66 0
67 0
70 0
71 0
72 1
74 2
76 4
77 4
78 4
81 8
82 9
84 8
86 7
87 7
89 7
92 8
93 8
95 7
97 6
99 7
101 7
103 8
104 8
106 8
108 8
110 8
112 8
113 8
114 8
116 8
119 8
121 8
122 9
123 9
125 8
127 9
128 9
130 9
132 9
134 9
136 9
137 10
139 10
141 10
142 10
144 10
146 10
147 10
149 10
150 10
152 10
154 10
156 10
158 10
160 10
161 9
163 10
164 10
167 10
169 10
170 8
172 8
174 8
175 9
177 8
179 8
181 8
183 8
184 8
186 8
188 8
189 9
191 9
192 9
195 9
196 9
198 8
199 9
201 9
204 9
205 9
207 9
208 9
210 9
212 9
214 9
215 9
217 9
219 9
220 9
222 9
223 9
225 9
227 9
229 9
231 9
232 9
234 9
236 9
237 9
239 9
241 9
242 9
244 9
246 9
248 9
250 9
251 9
253 9
255 9
257 9
258 9
260 9
262 9
264 9
266 9
267 9
269 9
271 9
273 9
274 10
277 10
277 10
279 10
281 9
283 10
284 10
287 10
288 9
290 10
292 9
294 9
295 9
297 10
300 10
301 9
302 10
305 9
306 9
307 9
309 9
311 9
313 9
315 9
317 9
318 9
320 9
322 9
