60 0
62 0
64 0
65 0
67 2
69 2
70 2
72 4
73 5
75 5
76 6
77 5
79 6
80 9
82 7
83 8
84 6
85 7
87 8
89 9
90 9
92 9
93 8
94 8
96 8
97 8
99 7
101 7
103 10
104 9
105 10
106 10
108 8
111 9
112 9
114 10
115 10
116 10
118 10
119 10
120 10
121 10
123 10
125 10
126 10
128 10
129 10
131 10
132 10
133 10
134 10
136 10
137 10
139 10
140 10
141 10
142 10
144 10
145 10
147 10
148 10
150 10
152 10
153 10
154 10
155 10
157 10
159 10
161 10
163 10
163 10
165 9
166 9
167 9
168 9
170 9
172 9
173 9
175 9
177 9
178 9
179 9
181 9
182 9
184 9
185 9
187 9
188 9
190 9
193 8
195 8
196 7
197 7
198 7
200 7
201 7
202 7
203 7
206 7
207 7
208 7
209 7
211 7
213 7
214 7
216 7
217 7
219 7
220 7
221 7
223 7
224 7
225 7
227 7
228 7
230 7
231 7
232 7
234 7
235 7
237 7
238 7
240 7
241 7
242 7
243 7
244 7
245 7
247 7
249 7
250 7
252 7
253 7
254 7
257 7
257 7
259 7
260 7
262 7
263 7
264 7
266 7
268 7
269 7
271 7
272 7
273 7
275 7
276 7
277 7
279 7
280 7
282 7
283 7
285 7
286 7
289 7
290 7
291 7
292 7
294 7
295 7
296 7
298 7
299 7
301 7
302 7
304 7
306 7
307 7
308 7
310 7
311 7
313 7
314 7
315 7
316 7
318 7
320 7
321 7
