40 0
43 0
44 0
46 0
47 0
49 2
51 3
53 3
55 4
56 4
59 3
60 5
61 6
63 6
65 7
66 8
68 7
70 8
72 8
74 8
75 8
77 9
79 9
80 9
82 9
84 9
86 9
88 9
90 9
91 9
93 9
94 9
96 10
98 9
99 9
101 9
103 9
105 9
106 9
109 9
110 9
111 9
114 9
115 9
117 9
119 9
121 9
122 9
123 9
126 9
127 9
129 10
131 10
133 10
134 10
136 10
138 10
139 10
142 9
143 9
145 10
146 10
148 9
149 9
152 9
153 9
155 9
156 9
158 9
160 10
162 9
164 9
165 9
167 9
169 9
171 9
173 9
174 9
176 9
177 9
179 9
181 9
182 9
184 9
186 9
187 10
189 10
191 10
192 10
195 10
196 10
198 9
199 9
201 9
202 9
204 9
206 9
208 9
209 9
211 9
212 9
214 9
216 9
219 9
221 9
222 9
224 9
225 9
227 9
228 9
230 9
233 9
234 9
236 9
237 9
239 9
241 9
243 9
244 9
246 9
247 9
249 9
251 9
253 9
255 9
256 9
258 9
259 9
261 9
263 9
264 9
265 9
267 9
268 9
270 8
272 8
274 8
275 8
277 8
279 8
280 8
282 8
284 8
285 8
287 8
288 8
290 8
291 8
293 8
295 8
297 8
298 8
299 8
301 8
303 8
304 8
306 8
308 7
310 7
312 7
313 7
314 7
316 7
318 7
320 7
321 7
