80 0
83 0
85 0
88 0
90 1
91 0
93 3
94 6
97 7
98 9
100 9
102 9
104 11
106 11
107 12
109 13
111 13
113 14
115 13
116 13
118 13
120 12
122 11
123 10
125 12
127 10
128 11
131 10
133 11
134 9
136 12
137 11
139 12
141 11
142 12
144 12
147 11
148 12
150 11
152 11
155 11
156 10
158 10
160 10
161 10
163 9
165 10
167 10
169 10
170 10
172 10
174 10
175 10
177 10
180 10
182 9
183 9
185 10
187 9
189 10
190 10
192 10
194 10
196 9
198 9
199 9
201 9
202 9
204 9
206 9
208 9
210 9
211 9
213 9
215 9
216 9
218 8
220 9
222 9
224 9
225 8
227 8
229 8
231 8
233 8
235 8
236 8
238 8
240 8
241 8
243 8
245 8
246 8
249 8
251 8
252 8
254 8
256 8
258 8
260 8
261 8
263 8
264 8
266 8
268 8
271 8
272 8
274 8
276 8
279 8
280 8
281 8
283 8
285 8
287 8
289 8
290 8
292 8
294 8
295 8
298 8
300 8
301 8
302 8
305 8
307 8
308 8
310 8
312 8
313 8
315 8
317 8
319 8
322 8
