40 0
43 0
44 0
47 0
48 0
50 0
52 0
54 1
55 1
57 3
58 3
60 3
61 3
63 3
65 3
67 3
68 3
70 5
72 5
73 6
75 4
77 4
79 5
81 4
82 4
83 4
85 6
87 6
89 6
90 7
92 7
94 6
96 6
98 7
99 6
100 7
102 8
104 8
106 7
108 7
109 7
111 7
113 7
114 7
116 7
117 7
119 7
121 6
123 7
124 7
126 7
128 7
130 7
131 7
133 7
134 7
136 7
138 7
140 7
143 7
145 7
146 7
147 7
149 7
151 7
153 7
155 7
156 7
158 6
160 6
161 5
162 5
165 5
167 5
168 5
169 5
171 5
172 5
175 5
176 5
179 5
180 5
181 5
183 5
185 5
186 5
189 5
190 5
191 5
193 5
194 5
196 5
198 5
199 5
201 5
203 5
205 5
207 5
208 5
210 5
212 5
214 5
215 5
217 5
218 5
220 5
222 5
223 5
225 5
227 5
228 5
230 5
232 5
233 5
235 5
236 5
238 5
240 5
241 5
244 5
246 5
247 5
249 5
250 5
253 5
254 5
256 5
257 5
259 5
260 5
262 5
264 5
266 5
267 5
269 5
271 5
273 5
275 5
276 5
278 5
279 5
281 5
282 5
284 5
286 5
288 5
289 5
291 5
292 5
294 5
295 5
298 5
300 5
301 5
303 5
305 5
306 5
307 5
309 5
311 5
313 5
314 5
317 5
318 5
319 5
321 5
