30 0
33 0
35 0
36 0
38 0
40 0
41 0
43 1
45 2
47 1
48 3
50 2
52 3
53 5
55 6
57 7
58 8
61 8
62 9
63 9
65 9
67 9
69 9
70 8
72 9
75 9
76 9
77 9
79 9
81 8
83 8
84 8
85 8
87 8
89 8
91 8
92 8
94 9
96 8
99 7
99 9
101 9
103 8
104 8
106 8
108 8
109 9
111 9
113 8
114 8
116 8
118 9
119 8
121 8
122 8
124 8
126 8
128 8
130 8
131 8
133 8
136 8
138 8
140 8
141 8
143 8
144 9
146 9
148 9
150 9
151 9
153 9
154 9
156 9
157 9
159 9
161 9
163 9
164 9
167 9
168 9
170 9
171 9
173 9
175 9
177 9
178 9
180 9
182 9
183 9
186 9
188 9
189 9
190 9
192 9
194 9
195 9
196 9
198 9
200 9
201 9
204 9
205 9
207 9
208 9
210 9
212 9
214 9
215 9
218 9
219 9
221 9
222 9
224 9
226 9
227 9
229 9
230 9
232 9
234 9
236 9
237 9
239 9
241 9
243 9
244 9
246 9
248 9
250 9
251 9
253 9
254 9
256 9
257 9
259 9
261 9
263 9
264 9
266 9
268 9
270 9
271 9
274 9
276 9
277 9
279 9
281 10
283 8
285 9
287 8
288 8
290 8
291 8
293 8
295 8
296 8
298 8
300 8
301 8
303 8
305 8
307 8
309 8
310 8
312 8
314 8
315 8
317 8
319 8
321 8
321 8
