30 0
32 0
34 0
36 0
38 0
39 0
41 0
43 0
44 0
47 0
48 0
50 0
51 1
53 2
55 1
57 1
60 2
61 4
64 3
65 1
66 5
68 5
70 5
72 6
73 6
75 6
77 6
78 6
80 6
82 6
84 6
86 6
87 6
89 6
90 6
92 6
94 6
95 6
97 7
98 7
101 7
102 7
104 7
106 6
108 6
109 6
111 6
113 6
116 6
117 6
119 6
121 6
122 6
124 5
125 5
127 5
129 5
130 5
132 5
134 6
136 5
138 5
140 5
142 5
143 5
145 5
146 5
149 5
150 5
152 5
154 5
155 5
158 6
160 5
161 5
163 6
165 6
166 6
168 6
169 6
171 5
173 6
174 6
176 5
178 5
180 5
182 5
184 5
185 6
187 6
189 6
191 6
194 6
195 6
197 5
199 6
201 6
202 6
204 6
206 6
208 6
209 6
211 6
213 6
215 6
216 6
218 6
220 6
222 6
223 6
225 6
228 6
230 6
231 6
233 6
235 6
236 6
238 6
240 6
241 6
243 6
245 6
246 6
248 6
251 6
252 6
254 6
255 6
257 6
259 6
261 6
262 6
264 6
266 6
269 6
270 6
271 6
273 6
274 6
277 6
278 6
280 6
282 6
283 6
285 6
288 6
289 6
291 6
292 6
294 6
296 6
297 6
299 6
300 6
303 6
305 6
307 6
309 6
311 6
312 6
314 6
316 6
317 6
319 6
320 5
