40 0
42 0
45 0
47 0
49 1
51 0
53 0
54 1
57 2
59 2
61 5
63 6
65 6
66 6
68 7
70 7
72 6
74 7
76 9
78 7
79 6
81 7
84 7
85 7
88 7
89 7
91 7
93 7
95 7
96 7
99 6
101 7
103 7
106 7
108 7
110 6
112 6
114 6
116 7
118 7
119 7
121 7
123 7
126 7
128 7
129 7
131 6
133 6
135 6
136 5
138 6
140 6
143 6
145 7
146 7
148 8
150 8
152 7
153 7
155 7
157 7
159 7
161 7
163 8
165 7
167 7
169 7
171 7
172 7
175 6
176 6
178 6
180 6
182 7
184 7
186 7
189 6
190 7
192 7
194 6
196 6
198 6
200 7
201 6
204 6
206 6
208 6
209 6
211 6
213 6
215 6
218 6
219 6
221 6
223 6
224 6
227 6
228 6
231 6
233 7
235 6
237 7
238 6
240 6
242 6
244 6
246 6
248 6
250 6
252 6
254 6
256 6
258 6
260 6
261 6
263 6
265 6
267 6
269 6
271 6
273 6
275 6
277 6
279 6
281 6
282 6
284 6
287 6
289 6
291 6
293 6
294 6
296 6
298 6
300 6
302 6
304 6
306 6
308 6
310 6
312 6
314 6
316 6
318 6
319 6
322 6
