60 0
63 0
65 0
66 0
69 1
70 1
72 2
74 2
75 3
77 6
79 5
81 9
82 9
84 10
86 10
87 12
89 11
91 11
93 10
95 11
96 11
98 11
100 11
101 10
103 11
104 10
106 11
108 12
110 11
111 11
113 11
115 12
118 11
119 10
121 9
122 10
124 9
125 9
128 9
129 9
131 9
133 10
135 9
137 9
138 9
140 9
142 9
144 9
145 9
147 9
148 9
151 9
152 9
153 9
155 9
157 9
159 9
161 8
162 8
164 8
165 8
168 8
170 7
172 7
174 7
175 7
177 7
179 7
181 7
182 7
184 7
185 7
188 7
190 7
191 7
193 7
194 7
196 7
198 7
200 7
201 7
203 7
205 7
207 7
208 7
210 7
212 7
213 7
216 7
217 7
219 7
220 7
222 7
224 6
225 6
228 6
229 6
231 6
233 6
235 6
236 6
238 6
239 6
242 6
243 6
245 6
247 6
249 6
251 6
252 6
254 6
256 6
258 6
260 6
261 6
263 6
265 6
267 6
269 6
270 6
272 6
273 6
275 6
276 6
278 6
279 6
282 6
284 6
285 6
287 5
288 5
290 5
292 5
293 5
295 5
297 5
299 5
301 5
302 5
304 5
306 5
308 5
309 5
311 5
312 5
314 5
316 5
318 5
320 5
321 5
