90 0
93 0
95 0
96 1
98 1
100 3
102 3
104 3
106 7
107 6
109 6
111 7
112 6
114 6
116 6
118 6
120 6
122 9
123 10
125 10
128 10
130 9
131 9
133 11
135 13
137 12
138 11
140 13
142 12
143 14
145 11
147 12
150 12
151 13
153 12
155 13
156 11
159 11
160 12
162 10
164 11
166 11
167 11
169 10
170 11
172 11
174 11
176 11
178 10
180 10
182 10
183 11
185 10
187 10
189 10
190 11
192 10
194 11
196 11
198 12
199 11
201 12
203 11
205 12
206 11
208 12
210 12
211 12
213 11
216 11
217 10
218 10
220 10
222 10
223 10
225 11
227 10
229 10
231 10
233 9
234 9
237 9
238 9
240 9
241 9
243 10
245 10
247 11
249 9
250 9
252 10
254 10
255 10
258 11
260 11
262 10
263 10
265 11
267 11
268 11
271 10
272 10
274 10
275 11
278 10
280 11
282 11
283 11
285 11
287 11
289 12
290 12
292 12
294 12
296 12
297 12
300 12
301 12
303 12
305 12
308 11
310 12
311 11
312 11
315 11
316 11
318 11
320 11
322 11
