90 0
93 0
95 0
97 0
99 0
101 1
103 1
104 2
106 4
108 6
110 8
112 11
113 11
115 11
117 13
118 13
120 11
122 11
124 11
127 11
129 10
131 11
133 10
135 11
137 12
139 11
141 14
142 13
144 12
146 13
147 13
150 13
151 12
153 12
154 12
156 12
158 13
160 12
162 13
163 13
165 13
166 13
169 14
171 13
172 14
174 14
176 14
178 14
180 13
181 13
183 13
184 13
186 13
189 13
190 13
192 13
194 12
196 13
198 13
200 13
202 12
203 12
205 11
207 12
209 11
211 13
213 12
214 13
216 12
218 11
221 12
222 12
224 11
226 11
227 11
229 11
231 10
233 11
234 11
237 10
238 11
240 12
242 11
244 11
245 11
247 11
250 11
251 11
253 11
254 12
258 12
259 12
260 12
262 12
264 11
265 12
267 11
269 11
271 11
273 11
275 11
276 11
278 11
280 11
281 11
284 11
285 11
287 11
289 11
291 11
293 10
294 11
296 10
298 10
300 11
302 10
303 9
305 9
307 9
309 10
310 9
312 9
314 9
317 9
318 9
320 8
321 9
