90 0
93 0
95 0
97 0
99 1
101 1
103 2
104 1
106 4
108 4
110 5
112 5
114 8
116 8
118 9
120 12
123 13
124 13
126 13
128 13
130 16
132 15
134 15
135 15
137 13
139 13
141 14
143 14
145 14
147 14
149 14
151 14
152 14
154 14
156 14
158 13
160 13
162 12
164 11
166 12
167 11
169 12
171 11
173 11
175 12
177 12
179 12
181 11
182 12
185 12
186 12
188 14
190 14
193 13
194 13
196 13
198 12
200 13
202 12
204 12
206 12
208 12
210 13
211 13
214 13
215 13
217 13
219 13
221 13
223 13
225 13
227 13
229 13
230 13
232 13
235 13
236 12
238 12
240 13
243 12
244 12
246 12
248 12
250 12
252 12
253 12
255 12
257 12
259 12
262 12
263 12
264 12
267 12
268 12
270 12
272 12
274 12
276 12
278 12
280 12
282 12
284 12
286 12
288 12
290 12
291 12
293 12
295 12
297 12
299 12
301 12
303 12
304 12
306 12
308 12
310 12
313 12
314 13
317 12
319 12
320 12
