30 0
32 0
34 0
35 0
37 1
39 2
40 2
42 2
43 3
44 4
45 5
47 5
49 5
51 6
51 5
53 6
54 6
56 7
57 7
59 7
60 7
62 7
63 8
65 7
66 6
68 6
70 6
71 7
73 8
75 6
75 7
77 6
78 7
80 7
81 7
82 7
84 7
85 7
86 6
88 7
90 7
90 7
92 7
94 7
96 7
97 7
98 7
99 8
100 8
102 8
103 7
105 7
106 7
108 7
109 7
112 7
113 7
114 7
116 7
117 7
119 7
120 7
122 7
123 7
125 7
127 7
129 7
130 7
131 7
134 7
135 7
136 7
138 7
139 7
140 7
142 7
144 7
145 7
147 7
148 7
149 7
150 7
152 7
154 7
155 7
156 7
157 7
160 7
161 7
162 7
164 7
166 7
167 7
168 7
170 7
172 7
174 7
174 7
176 7
177 7
179 7
180 7
181 7
182 7
184 7
185 7
187 7
189 7
190 7
191 7
193 7
194 7
196 7
198 7
198 7
200 7
202 7
203 7
204 7
206 7
207 7
208 7
211 7
212 7
213 7
215 7
217 7
218 7
220 7
221 7
223 7
224 7
226 7
226 7
228 7
229 7
231 7
232 7
235 7
237 7
238 7
239 7
240 7
241 7
243 7
244 7
246 7
247 7
248 7
249 7
251 7
252 7
254 7
255 6
257 6
258 6
259 6
261 6
263 6
264 6
265 6
267 6
269 6
270 6
271 6
273 6
274 6
276 6
277 6
278 6
280 6
281 6
282 6
284 6
286 6
287 6
288 6
289 6
291 6
292 6
293 6
295 6
297 6
298 6
299 6
301 6
302 6
304 6
306 6
307 6
309 6
311 6
311 6
313 6
314 6
315 6
317 6
318 6
320 6
321 6
323 6
