50 0
53 0
54 0
56 0
58 1
60 1
62 1
64 2
65 2
67 5
68 5
70 6
72 5
73 7
75 7
77 6
79 5
81 6
83 5
84 6
86 6
88 5
90 5
91 6
92 5
94 6
96 7
97 6
99 7
101 6
104 7
105 7
106 7
108 7
110 7
112 6
113 7
115 6
116 7
118 6
120 6
122 7
123 7
125 7
127 7
128 7
129 6
131 6
133 6
134 6
136 6
138 7
139 7
141 6
142 6
144 7
146 7
147 7
150 7
151 7
152 7
154 7
156 7
157 7
159 6
161 7
162 7
164 6
167 6
168 6
169 6
171 6
173 6
175 6
177 6
178 6
180 6
182 6
183 6
185 6
186 6
188 6
189 6
191 6
193 6
194 6
196 6
198 6
199 6
201 6
203 6
204 6
206 6
208 6
210 6
212 6
213 6
215 6
216 6
219 6
220 6
222 6
223 6
225 6
226 6
228 6
230 6
232 6
234 6
235 6
237 6
238 6
240 6
242 6
243 6
246 6
247 6
248 6
250 6
252 6
253 6
256 6
257 6
259 6
261 6
262 6
263 6
265 6
269 6
270 6
271 6
272 6
275 6
276 6
277 6
280 6
281 6
282 6
285 6
286 6
288 6
290 6
291 6
293 6
294 6
295 6
297 6
299 6
301 6
302 6
304 6
306 6
308 6
310 6
311 6
313 6
315 6
316 6
318 6
320 6
321 6
