30 0
32 0
35 0
36 0
38 0
40 1
42 2
44 3
46 3
47 4
50 4
51 4
53 4
54 4
56 5
58 6
60 6
62 5
64 6
66 6
67 6
69 5
71 7
73 7
75 7
77 7
80 8
82 8
83 8
85 8
87 7
88 9
90 8
92 7
93 9
95 8
97 8
99 9
100 8
103 7
104 7
105 7
108 7
109 7
111 7
113 7
114 7
116 7
118 7
120 7
122 7
123 7
125 7
127 7
129 7
130 7
132 8
134 7
136 7
137 7
139 8
141 7
143 7
144 7
146 7
148 7
150 7
151 7
153 7
155 7
157 8
158 8
160 8
162 8
163 8
165 8
167 8
169 7
170 7
172 7
174 7
176 8
177 8
179 8
182 8
184 8
185 8
187 8
188 8
190 8
192 8
193 8
195 8
197 8
200 8
202 8
204 8
205 8
207 8
209 8
211 8
213 8
214 8
216 8
219 8
220 8
221 8
224 8
225 8
226 8
228 8
230 8
232 8
233 8
235 8
237 8
239 8
241 8
243 8
244 8
247 8
249 8
250 8
252 8
254 7
256 7
257 7
259 7
261 7
262 7
265 7
266 7
268 7
270 7
272 7
274 7
276 7
278 7
280 7
282 7
284 7
285 7
287 7
289 7
291 7
292 7
294 7
296 7
297 7
299 7
301 7
303 7
304 7
306 7
307 7
309 7
311 7
312 7
314 7
316 7
318 7
319 7
321 7
