40 0
43 0
45 0
47 0
49 0
51 0
52 0
54 0
56 1
58 2
60 4
62 4
64 4
66 5
68 6
71 7
72 9
74 7
76 7
78 8
80 8
82 9
84 9
87 9
88 9
90 9
92 9
94 9
96 9
99 9
101 9
102 10
104 9
106 9
108 9
111 9
112 9
114 9
116 9
118 9
119 10
122 9
123 9
125 9
127 9
130 9
131 9
133 9
135 9
137 9
138 9
140 9
142 9
144 9
145 9
147 9
150 9
151 9
153 9
155 9
157 9
159 9
160 9
162 9
164 9
166 9
168 9
171 8
172 8
174 9
177 9
178 9
180 9
182 10
184 10
186 11
188 9
190 9
192 9
194 9
196 8
197 8
199 9
201 9
203 9
205 10
207 10
209 10
211 10
213 10
214 10
217 10
220 10
221 10
223 10
224 10
226 10
228 10
230 10
232 10
234 10
236 10
237 10
240 10
241 10
243 10
245 10
248 10
249 10
252 10
254 10
255 10
257 10
259 10
261 10
263 10
265 10
267 10
269 10
271 10
273 10
275 10
276 10
279 10
281 10
282 10
284 10
287 10
288 10
290 10
292 10
294 10
296 10
298 10
300 10
302 10
304 10
306 10
308 10
309 10
312 10
314 10
316 10
317 10
319 10
321 10
