60 0
63 0
64 0
66 0
68 1
70 1
72 2
73 4
75 5
77 5
79 6
81 5
82 7
84 6
86 6
87 6
89 6
91 8
93 7
94 8
96 10
97 9
99 8
101 10
103 11
105 10
107 11
108 12
110 12
111 13
113 12
115 12
116 12
118 12
120 12
122 12
124 12
127 12
128 12
129 12
131 12
133 12
134 12
136 12
138 13
140 11
142 11
144 11
145 12
146 12
148 12
150 12
152 12
154 12
156 11
157 11
159 11
161 11
162 11
163 10
165 10
167 10
169 10
171 10
172 10
174 10
176 10
178 10
179 10
182 10
183 10
185 10
187 10
188 9
190 9
192 9
194 9
195 9
197 8
198 8
200 8
202 8
203 8
205 8
207 8
209 8
211 8
212 8
214 8
216 8
218 8
219 8
221 8
224 8
225 8
227 8
228 8
230 8
231 7
234 7
235 7
238 7
239 7
242 7
242 7
245 7
246 7
248 7
250 7
251 7
253 7
255 7
256 7
258 7
260 7
261 7
263 7
265 7
267 7
269 7
271 7
273 7
274 7
276 7
278 7
280 7
281 7
283 7
285 7
286 7
288 7
290 7
292 7
294 7
295 7
296 7
299 7
301 7
303 7
304 7
307 7
309 7
310 7
311 7
313 7
315 7
317 7
318 7
320 7
321 7
