40 0
42 0
44 0
46 0
48 1
50 1
51 4
53 5
55 4
57 4
59 4
60 4
62 4
64 5
65 5
67 5
69 5
70 4
72 4
74 5
76 5
77 6
79 5
81 5
83 6
84 7
86 6
88 6
89 6
91 6
92 6
94 6
96 8
98 6
100 7
101 7
102 7
104 5
106 5
108 5
110 7
111 6
113 7
114 7
116 6
118 7
120 6
121 6
123 6
124 6
126 5
129 5
130 5
132 5
134 5
135 5
137 5
138 5
140 5
141 5
143 5
145 5
147 5
148 5
152 5
153 5
154 5
156 5
157 5
159 5
161 5
163 5
164 5
166 5
167 5
169 5
171 5
173 5
174 5
175 5
177 5
179 5
182 5
183 5
185 5
187 5
188 5
190 5
191 5
193 5
195 5
196 5
198 5
199 5
201 5
203 4
205 4
206 4
208 4
209 4
212 4
213 4
214 4
216 4
218 4
220 4
221 4
223 4
224 4
226 4
227 4
229 4
232 4
233 4
236 4
237 4
239 4
241 4
242 4
244 4
246 4
247 4
249 4
251 4
252 4
254 4
256 4
258 4
259 4
261 4
263 4
265 4
266 4
268 4
269 4
271 4
273 4
274 4
276 4
278 4
279 4
281 4
283 4
285 4
287 4
289 4
290 4
292 4
293 4
296 4
297 4
298 4
300 4
302 4
304 4
305 4
306 4
308 4
311 4
313 4
314 4
316 4
318 4
320 4
321 4
