40 0
43 0
44 0
47 0
49 2
51 1
52 1
55 3
57 3
59 3
60 3
62 5
64 5
66 6
68 6
71 7
72 8
74 9
76 9
78 9
79 9
81 9
84 9
85 10
87 10
89 10
91 10
93 10
95 10
97 10
99 9
101 9
103 9
104 9
107 9
108 9
110 9
112 9
115 9
116 9
118 9
120 8
122 8
124 9
126 8
127 7
130 7
131 8
133 8
135 8
137 8
139 8
141 8
143 8
145 8
147 8
149 9
151 9
153 9
154 9
156 9
158 9
160 9
162 9
163 9
166 9
168 9
170 9
172 9
174 9
176 9
178 9
179 9
181 9
184 9
185 9
187 9
189 9
191 9
193 9
195 9
197 9
199 9
201 9
203 9
205 9
206 9
209 9
210 9
212 9
214 9
216 9
219 9
221 9
222 9
224 9
226 9
228 9
229 9
231 9
234 9
236 9
237 9
240 9
241 9
242 9
245 9
247 9
249 9
252 9
253 9
255 9
257 9
259 9
261 9
262 9
264 9
266 9
267 9
269 9
271 9
273 9
275 9
277 9
279 9
282 9
283 9
286 9
287 9
289 9
292 9
293 9
295 9
297 9
298 9
300 9
302 9
304 9
306 9
308 9
310 9
311 9
314 9
316 9
318 9
320 9
322 9
