40 0
43 0
44 0
46 1
48 2
50 3
51 3
53 4
55 4
56 6
58 6
60 7
62 8
64 7
65 7
67 9
69 9
70 9
72 10
74 10
76 10
78 11
79 9
81 8
82 10
84 10
86 9
87 9
89 10
91 9
93 9
95 9
97 10
98 11
101 10
103 10
105 10
106 9
108 9
111 10
113 9
115 9
117 9
118 9
120 9
122 9
124 9
125 10
127 9
128 10
130 10
132 10
134 10
135 10
137 10
138 9
140 9
141 9
143 9
145 9
147 8
148 8
150 8
152 8
154 8
156 8
157 8
159 8
161 8
164 8
165 8
166 8
168 8
170 8
172 8
174 8
176 8
177 8
179 8
181 8
182 8
184 8
185 8
187 8
188 8
190 8
192 8
194 8
195 8
197 8
198 8
200 7
202 7
204 7
206 7
208 7
209 7
211 7
213 7
214 7
216 7
218 7
219 7
221 7
223 7
225 7
226 7
228 7
230 7
232 7
232 7
234 7
236 7
239 7
240 7
242 7
244 7
246 7
247 7
249 7
251 7
253 7
254 7
256 7
258 7
260 7
262 7
264 7
265 7
267 7
269 7
270 7
272 7
274 7
276 7
277 7
279 7
281 7
282 7
284 7
286 7
287 7
289 7
290 7
292 7
294 7
296 7
299 7
300 7
302 7
304 7
306 7
308 7
309 7
313 7
314 7
316 7
318 7
320 7
322 7
