80 0
82 0
85 0
86 0
88 0
89 0
91 1
94 1
95 4
97 5
98 9
100 9
101 8
104 10
106 8
107 11
108 13
110 12
112 11
114 13
116 11
117 12
119 12
120 12
122 11
124 12
126 12
127 14
129 12
131 12
133 13
134 12
135 13
138 12
140 13
141 14
143 12
144 13
146 14
148 13
150 13
152 13
153 13
155 13
156 13
158 13
159 13
161 13
163 13
165 13
166 13
168 13
170 13
172 13
173 13
175 13
177 14
179 13
180 13
183 13
184 13
186 13
188 13
189 13
191 13
192 13
194 13
195 13
197 13
198 13
200 13
202 13
203 13
205 13
207 13
209 13
210 13
212 13
214 13
215 13
217 13
219 13
221 13
222 13
224 13
226 13
227 13
228 13
230 13
233 13
234 13
235 13
237 13
239 13
240 13
242 13
244 13
246 13
247 13
249 13
250 13
252 13
254 13
255 13
257 13
259 13
260 14
262 13
264 14
266 14
267 13
269 12
271 12
273 12
274 12
275 12
277 12
279 12
281 12
283 12
284 12
286 12
287 12
289 12
291 12
293 12
294 12
296 12
297 12
299 12
301 12
303 12
305 12
306 12
308 12
309 12
311 12
313 12
315 12
317 12
319 12
320 12
