60 0
63 0
64 0
66 0
68 0
70 1
72 3
73 2
75 3
77 2
79 5
81 7
82 7
84 7
86 7
87 8
89 9
91 8
93 9
95 9
96 9
98 10
100 9
101 10
102 10
105 9
107 9
108 10
109 11
112 10
113 10
115 10
116 10
118 10
119 10
122 11
123 10
125 10
126 10
128 10
130 10
131 10
133 10
135 10
137 10
139 10
141 10
143 11
145 10
146 10
148 10
150 11
152 10
153 10
154 10
156 10
158 10
160 10
162 10
164 11
166 11
167 11
170 11
171 11
173 11
174 11
176 11
177 11
179 11
181 11
183 11
185 11
187 11
189 11
190 11
192 11
193 11
195 11
196 11
198 11
200 11
201 11
203 11
204 11
205 11
207 11
209 11
210 11
212 11
214 11
216 11
218 11
219 11
221 11
222 11
224 11
225 11
228 11
229 11
231 11
232 11
234 11
236 11
237 11
239 11
241 11
242 11
244 11
245 11
247 11
249 11
250 11
252 11
254 11
255 11
257 11
258 11
260 11
262 11
264 11
266 11
268 11
270 11
271 11
273 11
274 11
276 11
278 11
279 11
281 11
283 11
285 11
286 11
288 11
290 11
291 11
293 11
295 11
298 10
299 10
301 10
302 10
304 10
307 11
309 11
311 10
312 10
314 10
315 10
317 10
319 10
320 10
322 10
