80 0
83 0
85 0
88 0
88 1
90 1
92 2
94 5
95 6
97 6
99 7
101 9
102 9
104 12
105 8
107 9
108 9
110 9
112 10
114 10
116 11
117 12
119 11
120 10
122 11
123 11
125 10
128 10
129 10
130 10
132 10
134 10
136 11
138 12
139 11
141 11
142 11
145 11
146 11
148 12
149 12
151 11
153 10
155 10
156 11
157 10
159 11
160 10
162 10
164 10
165 10
168 10
169 10
171 10
172 10
174 10
176 10
178 10
179 10
181 10
183 11
185 9
186 10
188 11
190 11
192 11
193 11
195 11
196 11
198 11
200 11
202 11
203 11
205 12
207 11
209 11
211 11
212 11
213 11
215 11
216 12
218 11
219 11
221 11
223 11
225 12
227 12
229 11
230 11
232 11
233 11
235 11
237 12
240 12
241 12
243 12
244 12
246 11
247 11
249 11
250 11
252 11
254 11
256 11
257 11
259 11
261 11
263 11
264 11
266 11
268 11
270 11
272 11
273 11
274 11
277 11
278 11
280 11
282 11
284 11
285 11
287 11
289 11
290 11
292 11
294 11
296 11
297 11
299 11
300 11
301 11
304 11
305 11
307 11
308 11
310 11
312 11
314 11
316 11
317 11
319 11
321 11
