50 0
53 0
55 0
56 0
59 0
60 1
62 2
64 2
66 3
67 2
70 4
71 3
73 4
75 6
76 7
78 7
80 8
81 9
84 9
85 9
87 9
88 9
90 9
91 9
94 9
95 10
97 9
98 9
101 10
102 10
104 10
106 11
108 11
109 11
111 11
113 11
115 11
116 11
118 11
119 11
121 11
123 11
125 10
127 10
128 10
130 10
132 11
133 11
135 12
137 11
139 11
140 11
142 11
144 11
146 11
147 11
150 11
151 10
153 10
154 10
157 11
158 11
160 11
161 11
164 11
166 11
168 11
170 11
171 11
173 10
174 10
176 10
178 10
179 10
181 10
183 9
185 9
187 9
189 9
190 9
191 9
193 9
195 9
197 9
198 9
200 9
201 9
203 9
205 9
207 9
208 9
210 9
212 9
214 9
215 9
217 9
219 9
221 9
223 9
225 9
226 9
228 9
230 9
232 9
233 9
235 8
236 8
238 8
240 8
242 8
244 8
246 8
248 8
249 8
251 8
253 8
255 8
257 8
259 7
260 7
263 7
264 8
266 7
267 7
270 7
271 7
273 7
275 7
276 7
278 8
280 7
282 7
284 8
285 8
287 7
289 8
290 8
292 8
294 8
295 8
297 8
298 8
301 8
302 8
304 8
305 8
307 8
309 8
310 8
313 8
314 8
316 8
318 8
319 8
322 8
