50 0
53 0
55 0
56 0
58 0
60 2
62 2
64 3
65 5
67 4
69 6
72 6
73 7
74 7
77 8
79 7
80 9
82 9
84 8
85 9
87 10
88 11
90 11
92 11
93 12
95 11
97 11
99 12
100 11
102 10
103 12
105 12
108 11
109 11
112 11
114 11
114 11
116 11
118 11
120 11
122 11
123 11
125 11
127 11
128 11
130 11
132 11
133 10
135 10
137 10
139 10
141 10
142 10
145 11
146 11
148 11
150 10
151 10
153 11
155 11
157 12
158 11
160 12
162 11
163 11
165 11
166 11
168 11
170 11
172 11
174 11
176 11
177 11
179 11
180 11
182 12
184 12
186 11
187 11
189 11
190 11
193 10
194 9
197 9
199 9
201 9
203 9
205 9
207 9
209 9
211 9
213 9
214 9
215 9
217 9
218 9
220 9
222 9
224 8
225 8
227 8
229 8
230 9
232 9
233 8
236 8
237 8
239 9
240 9
242 8
243 8
246 8
247 9
249 8
251 8
252 8
254 8
256 8
258 8
260 8
261 8
263 8
265 8
267 8
268 8
271 8
272 8
274 8
275 8
277 8
279 8
281 8
282 8
284 8
286 8
288 8
289 8
292 8
293 8
295 8
297 8
298 8
300 8
302 8
303 8
305 8
306 8
308 8
309 8
312 8
313 8
315 8
317 8
319 8
320 8
