50 0
53 0
54 0
56 0
59 0
60 0
62 0
64 1
66 4
68 3
70 4
72 4
74 5
76 6
78 6
80 5
82 8
84 5
86 6
89 8
90 9
92 6
93 8
95 8
97 9
99 9
101 9
103 10
105 9
107 10
109 9
111 9
112 10
115 9
116 9
118 9
120 9
122 9
124 9
126 10
128 9
130 9
132 9
133 9
136 9
138 10
139 11
141 11
142 9
145 11
146 10
149 10
151 11
153 11
154 10
157 10
159 11
161 11
162 11
164 11
166 11
168 11
170 11
172 11
174 11
176 11
178 10
179 10
181 10
183 10
186 10
188 10
189 10
191 10
193 10
195 10
197 10
199 9
201 9
203 9
205 9
207 9
209 9
211 9
213 9
215 10
217 10
218 10
220 10
223 10
225 9
227 9
229 9
232 9
233 8
235 8
237 8
240 8
241 8
242 7
244 8
246 7
248 8
250 8
252 8
253 8
255 8
257 8
259 8
261 7
263 7
265 7
267 7
269 7
271 7
272 7
274 7
276 7
278 7
280 7
282 7
284 7
286 7
289 7
290 7
291 7
294 7
296 7
298 7
299 7
302 8
304 8
306 8
307 8
309 8
311 8
313 8
315 8
316 8
318 8
320 8
