60 0
63 0
65 0
67 0
69 1
70 1
73 2
75 4
76 4
78 4
80 5
82 3
84 3
86 4
88 4
90 4
92 6
94 5
96 6
97 5
101 7
102 7
103 6
106 6
107 6
110 7
112 7
114 7
116 8
117 7
120 7
121 7
123 7
125 7
127 7
129 7
130 7
132 7
134 7
136 9
138 8
140 8
142 8
144 8
146 8
147 8
150 9
151 8
153 8
155 8
157 9
159 10
161 8
163 9
164 8
167 8
169 9
171 8
173 8
176 8
177 8
179 8
181 8
183 8
184 8
187 8
188 8
190 8
192 8
194 8
196 8
198 8
199 8
201 8
203 8
206 8
208 8
209 8
211 8
213 8
215 8
216 8
219 7
221 7
223 7
224 7
226 7
228 7
230 7
232 7
234 7
235 7
237 7
239 7
241 7
243 7
245 7
247 7
248 7
250 7
252 7
254 7
256 7
258 7
260 7
262 7
264 7
266 7
269 7
271 7
272 7
274 7
276 7
278 7
280 7
283 7
285 7
286 7
288 7
290 7
292 8
293 8
295 7
297 8
299 8
301 8
304 8
305 8
307 8
309 8
311 8
312 8
314 8
315 8
318 8
319 8
321 8
