90 0
93 0
94 0
96 0
98 1
100 0
102 4
103 5
105 5
107 7
108 9
111 8
112 10
114 11
116 15
117 12
119 13
121 13
123 13
124 13
126 13
127 13
129 13
131 13
132 13
134 13
136 13
138 12
139 13
141 12
143 13
144 14
146 15
148 15
149 14
151 14
153 14
156 14
157 14
159 14
161 14
162 14
164 14
166 15
168 14
168 14
170 14
172 13
174 13
175 13
177 12
179 12
180 12
182 10
184 10
186 10
187 10
189 10
190 10
192 10
194 11
195 11
197 10
200 10
201 10
203 9
204 9
207 9
208 9
209 9
212 10
213 9
214 8
216 8
218 8
219 8
221 8
223 8
224 8
226 8
227 8
229 8
231 8
232 8
235 8
236 8
238 8
240 8
241 8
243 8
245 8
246 8
248 8
250 8
252 8
254 8
256 8
257 8
259 8
260 8
262 8
265 8
266 8
268 8
270 8
272 8
273 8
275 8
277 8
279 7
279 8
281 8
283 7
284 7
286 7
287 6
289 6
292 6
293 6
295 6
297 6
298 6
300 6
301 6
303 6
304 6
306 6
308 6
309 6
312 6
313 6
314 6
316 6
317 6
319 6
321 6
