80 0
83 0
84 0
86 0
88 2
90 1
91 1
93 2
96 2
97 2
98 3
100 5
102 3
104 5
106 4
109 4
111 4
113 4
115 5
116 7
118 6
120 7
122 7
124 9
126 7
127 9
129 10
130 10
133 10
134 10
136 10
137 11
140 10
142 10
143 10
145 11
147 11
149 9
150 11
152 10
153 11
155 10
156 10
158 11
160 11
161 11
163 12
165 12
166 12
168 12
169 12
171 12
173 12
174 12
176 11
178 11
180 11
182 11
184 11
185 11
187 11
189 11
190 11
192 11
194 11
195 11
197 11
199 11
201 11
202 11
204 11
205 11
207 11
209 11
211 11
212 11
215 11
216 11
218 11
220 11
222 10
223 11
224 10
227 10
228 10
230 11
232 10
234 11
235 10
237 11
239 11
241 10
242 10
244 10
246 10
248 10
249 10
251 10
254 10
255 10
256 10
258 10
260 11
262 11
263 10
266 10
267 11
269 10
270 10
272 10
274 10
276 10
278 10
279 10
281 10
282 10
284 10
286 10
287 10
289 10
291 10
293 10
294 10
296 10
298 10
300 10
301 10
303 10
305 10
307 10
309 10
311 10
312 10
314 10
316 10
318 10
320 10
321 10
