50 0
52 0
54 0
56 0
58 0
59 1
61 0
63 0
65 3
67 3
69 5
70 8
72 8
73 10
76 8
77 8
79 8
81 8
82 10
84 8
86 9
88 8
90 10
92 8
93 8
95 8
97 10
98 10
100 10
102 11
103 11
105 10
107 11
108 11
111 11
112 8
114 10
116 10
117 10
118 10
121 10
122 10
124 9
126 8
127 9
129 9
131 10
133 10
134 9
137 9
139 10
141 11
142 11
144 11
146 11
147 11
149 10
150 11
152 12
154 11
155 11
158 11
160 10
161 11
163 10
165 11
166 10
168 10
171 11
172 10
174 10
175 10
176 10
178 10
180 11
182 11
183 11
185 11
187 10
189 10
191 9
192 9
194 9
196 8
198 8
199 8
202 8
203 8
205 8
207 8
208 8
210 8
212 8
213 8
215 8
217 8
219 8
220 8
222 8
224 8
227 8
227 8
230 8
231 8
233 9
234 8
236 9
238 9
239 8
242 8
244 9
247 9
249 9
250 9
252 9
253 9
254 9
256 9
259 9
260 9
263 9
265 9
265 9
267 9
269 9
271 9
272 9
274 9
275 9
277 9
279 9
281 9
283 9
285 9
286 9
288 9
290 9
291 9
293 9
295 9
297 9
298 9
299 8
302 8
304 6
305 6
306 6
308 6
310 6
312 6
314 6
316 6
317 6
319 6
321 6
323 6
