50 0
53 0
54 0
56 0
58 1
60 2
62 2
63 3
64 4
67 4
69 5
70 6
72 8
74 8
75 8
78 8
79 8
80 9
83 8
84 8
86 8
88 8
89 9
92 7
93 9
95 9
97 10
98 9
100 9
102 9
103 9
105 8
107 8
108 9
110 8
112 9
113 9
115 9
117 8
119 8
121 9
123 9
124 9
126 9
128 9
131 9
131 9
134 9
135 9
137 10
140 11
142 10
142 10
144 10
146 10
148 10
149 10
151 10
152 10
155 10
156 10
157 10
159 10
161 10
163 10
164 10
166 10
167 10
169 10
171 10
172 10
175 10
176 10
178 10
180 10
182 10
184 10
186 10
187 10
189 10
191 10
192 10
195 10
196 10
198 10
200 10
201 10
203 10
205 9
208 9
209 9
210 9
212 9
214 9
216 9
217 9
219 9
221 9
222 9
224 9
226 8
227 8
230 8
232 8
234 8
235 8
237 8
238 8
240 8
242 8
245 8
247 8
249 8
251 8
252 8
254 8
255 8
257 8
259 8
261 8
263 8
265 8
267 8
268 8
270 8
272 8
273 8
276 8
277 8
279 8
280 8
282 8
284 8
286 8
288 8
289 8
291 8
293 8
294 8
296 8
298 8
300 8
301 7
303 7
304 7
306 7
309 7
309 7
311 7
313 7
315 7
317 7
319 7
321 7
322 7
