40 0
43 0
45 0
47 0
48 0
51 0
52 1
54 2
56 2
58 4
60 6
62 5
63 5
65 6
67 6
69 7
71 7
73 7
75 7
77 7
79 7
82 7
83 7
85 7
87 7
88 6
90 7
92 7
95 6
97 7
99 6
101 6
102 7
104 7
105 6
107 7
110 8
112 7
113 7
115 7
117 5
119 5
121 5
123 6
125 6
127 6
129 6
132 6
134 6
135 7
137 6
139 7
142 6
144 7
146 6
148 7
150 6
151 7
153 7
155 7
157 7
159 7
161 7
163 7
165 7
167 7
169 7
171 7
173 7
175 7
177 7
179 7
181 7
182 7
184 7
187 7
189 7
190 7
193 7
194 7
196 7
198 7
200 7
202 7
204 7
206 7
208 7
209 7
212 7
214 7
216 7
218 7
219 7
222 7
223 7
225 6
227 6
230 7
232 7
234 7
235 6
237 6
239 6
241 7
243 6
245 6
247 6
249 6
251 6
253 6
255 7
257 6
258 7
260 7
262 7
264 7
266 7
268 6
270 7
273 6
275 6
277 6
279 5
281 5
283 5
284 5
286 6
288 6
290 6
291 6
293 6
296 5
297 5
299 5
301 5
303 5
305 5
307 5
309 5
311 5
313 5
315 5
317 5
318 5
321 5
322 5
