30 0
33 0
34 0
36 0
38 0
39 0
42 0
44 1
46 1
47 1
49 2
51 1
53 2
54 2
56 2
58 3
60 3
62 3
63 3
65 3
67 3
69 3
71 3
72 4
75 5
76 5
78 5
80 5
82 6
83 6
85 6
87 6
89 6
91 6
93 6
94 6
96 6
98 6
99 6
101 6
103 6
105 6
106 6
108 6
109 6
112 6
113 6
115 6
117 6
119 6
121 6
123 7
124 7
126 7
129 7
130 7
132 7
133 7
136 7
137 7
139 7
141 7
142 7
144 7
146 7
148 7
150 7
152 7
153 7
156 7
158 7
159 7
161 7
163 7
164 7
167 7
167 7
170 7
171 7
173 7
175 7
177 7
179 7
181 7
183 7
185 7
187 7
189 7
192 7
194 7
195 7
198 7
200 7
201 7
203 7
204 7
207 7
208 7
210 7
212 7
214 7
216 7
218 7
219 7
221 7
222 7
224 7
226 7
227 7
229 7
231 7
233 7
234 7
237 7
238 7
240 7
241 7
243 7
245 7
247 7
249 7
250 7
252 7
254 7
256 7
258 7
259 7
261 7
263 8
265 8
266 8
268 8
270 8
272 8
274 8
275 8
277 8
279 8
281 8
283 8
285 8
287 8
288 8
291 8
292 7
293 7
295 7
297 7
298 7
300 7
302 7
303 7
305 7
307 7
308 7
310 7
312 7
314 7
315 7
317 7
319 7
321 7
323 7
