30 0
32 0
33 0
36 0
36 0
39 0
39 1
41 1
42 2
44 2
45 3
48 4
49 5
51 4
52 4
53 5
54 5
57 5
57 4
59 4
62 4
62 4
63 5
65 6
67 6
68 5
70 5
72 6
73 5
74 5
75 6
76 6
78 6
79 6
81 6
83 6
83 6
85 6
87 6
88 6
90 6
91 6
93 6
94 6
96 6
97 6
98 6
100 6
101 6
105 6
105 6
107 6
109 6
109 6
111 6
113 6
114 6
116 6
118 6
119 5
120 6
122 6
123 6
124 6
126 6
127 6
128 6
130 6
131 6
132 6
133 6
135 6
137 6
139 6
140 6
141 6
143 6
144 6
146 5
148 6
150 6
151 6
152 6
154 6
155 6
157 6
159 6
159 6
161 6
162 6
163 6
165 6
167 6
168 6
169 6
170 6
171 6
173 6
174 5
176 6
177 5
178 6
180 6
181 6
182 6
183 6
185 6
186 6
188 6
189 6
191 6
193 6
195 6
196 6
197 6
198 6
199 6
200 6
201 6
203 5
205 5
206 6
208 6
209 6
211 5
212 6
214 5
215 6
216 5
217 5
219 5
221 5
222 5
223 5
225 5
227 6
228 6
230 5
231 6
233 6
235 6
236 6
238 6
239 6
241 6
242 5
244 6
245 5
246 5
248 5
249 5
251 5
252 5
254 5
255 5
256 5
257 5
259 5
260 5
262 5
263 5
264 5
265 5
267 5
268 5
270 5
271 5
272 5
274 5
276 5
277 5
278 5
279 5
282 5
283 5
285 5
287 5
287 5
290 5
291 5
293 5
294 5
295 5
297 5
298 5
299 5
301 5
302 5
303 5
305 5
308 5
309 5
310 5
311 5
312 5
314 5
315 5
317 5
319 5
320 5
321 5
