40 0
43 0
44 0
47 0
49 0
50 0
53 1
54 2
56 2
59 2
61 2
63 4
64 4
66 4
68 4
70 4
72 5
74 5
76 6
78 7
80 7
82 6
83 6
85 7
87 7
90 8
91 8
93 8
95 8
97 8
100 8
101 7
103 7
104 7
107 6
108 6
110 7
112 7
115 7
116 8
118 8
120 6
122 8
125 8
126 8
128 8
130 8
132 8
134 8
136 8
137 8
140 8
141 9
143 9
145 9
147 9
149 10
150 10
153 10
155 10
157 10
159 10
161 10
163 10
164 10
167 10
168 10
170 10
172 10
173 10
176 10
178 10
180 10
182 10
184 10
186 10
188 10
190 9
191 9
193 9
195 9
197 9
199 9
201 9
203 9
205 9
207 9
209 9
211 9
212 9
215 9
216 8
218 8
220 8
222 8
224 8
225 8
227 8
229 8
232 8
233 8
235 8
237 8
239 8
241 8
243 8
245 8
247 8
249 7
251 7
253 7
256 7
258 7
260 7
262 7
265 7
266 7
268 7
270 7
271 7
273 7
275 7
277 7
279 7
280 7
282 7
284 7
286 7
288 7
289 7
292 7
293 7
295 7
298 7
299 7
302 7
303 7
305 7
307 7
309 7
311 8
312 8
315 8
317 8
319 8
321 8
