50 0
52 0
54 0
56 0
57 0
59 4
60 3
62 4
63 5
65 5
66 5
68 5
69 5
71 5
72 6
74 7
75 9
76 8
78 8
79 9
81 8
82 9
84 10
85 9
87 9
88 10
90 10
91 10
92 10
94 10
96 10
97 11
98 10
100 11
102 11
102 11
104 11
106 11
107 11
108 11
110 10
111 10
113 10
114 10
116 10
117 11
120 10
121 11
122 11
123 11
124 11
125 11
128 11
129 10
130 10
131 10
133 9
134 10
136 10
137 10
139 9
141 9
142 9
143 9
145 9
146 9
147 9
149 9
150 9
152 9
153 9
155 9
156 9
157 8
159 9
160 9
162 8
164 8
166 8
167 8
168 8
170 8
171 8
174 8
174 8
175 8
176 8
178 8
180 8
181 8
182 8
184 8
185 8
188 8
189 8
190 8
192 9
193 8
195 8
197 8
198 8
199 8
201 8
202 8
204 8
204 8
207 8
208 9
209 8
210 8
211 8
213 8
215 8
216 8
218 8
219 8
221 8
222 8
223 8
225 8
227 8
229 9
230 8
231 8
233 9
235 9
236 9
237 9
239 9
240 9
242 9
244 9
245 9
247 9
248 9
251 9
252 9
253 9
255 9
257 9
258 9
259 9
260 9
262 9
263 8
265 8
266 8
267 7
269 8
270 8
271 8
273 8
274 7
276 8
277 8
279 8
282 8
283 7
284 7
285 7
286 7
288 7
289 7
290 7
292 7
293 7
295 7
296 7
298 7
299 8
300 7
303 7
305 7
307 7
309 8
310 7
312 7
313 7
314 7
315 7
316 7
318 7
320 7
321 7
323 7
