60 0
62 0
65 0
67 0
68 0
70 0
72 0
73 2
75 2
77 2
78 4
80 5
82 5
84 6
85 7
87 7
89 8
90 9
93 10
95 9
96 9
97 9
99 9
101 9
103 9
105 9
108 9
108 9
110 9
111 9
113 9
115 9
116 9
118 9
120 9
121 8
123 8
125 9
126 8
128 8
129 9
131 9
133 9
135 9
136 9
138 9
139 9
142 9
143 9
145 9
146 9
148 9
150 8
151 8
153 8
155 8
157 8
159 8
161 8
162 8
164 8
165 8
167 9
168 9
171 9
172 9
174 9
176 9
177 9
179 9
181 9
183 8
184 8
186 8
188 8
190 8
191 8
193 8
194 8
197 8
198 8
200 8
201 8
203 8
205 8
207 8
209 8
211 8
212 8
214 8
215 8
217 8
219 8
221 8
222 8
224 8
226 8
228 7
229 7
231 7
233 7
234 7
236 7
238 7
240 7
241 7
243 7
245 7
247 7
248 7
250 7
252 7
253 7
255 7
256 7
258 7
260 7
261 7
263 7
264 7
267 7
268 7
270 7
272 7
273 7
275 7
276 7
279 7
280 7
282 7
284 7
285 7
287 7
288 7
290 7
292 7
294 7
295 7
296 7
299 6
300 6
302 6
303 6
305 6
307 6
308 6
310 6
312 6
315 6
316 6
318 6
320 6
321 6
