30 0
32 0
35 0
37 0
38 0
40 0
42 1
44 3
46 2
49 4
50 4
52 3
54 4
56 4
59 5
60 5
62 6
64 6
66 8
68 8
70 9
71 9
73 9
75 9
77 9
79 9
81 9
83 9
85 8
87 8
89 7
91 7
92 8
94 8
96 7
98 8
100 9
102 8
104 8
106 8
108 9
109 9
111 9
114 9
116 9
118 9
119 9
121 9
123 8
125 8
126 8
128 8
130 8
133 6
134 6
136 6
138 6
139 6
142 6
143 6
145 6
147 6
149 6
151 6
153 6
154 6
158 6
159 6
161 6
163 6
165 6
166 6
169 6
170 6
173 6
175 6
176 6
178 6
180 6
182 6
184 6
186 4
188 4
190 4
191 4
194 4
196 4
198 5
199 4
202 4
204 4
205 4
207 4
209 4
210 4
212 5
214 4
216 4
218 5
220 5
222 5
225 5
226 5
228 4
230 5
232 4
234 5
236 5
238 5
240 5
241 5
244 5
245 5
248 5
249 4
251 4
253 4
255 4
257 4
259 4
261 4
262 4
264 4
267 4
268 4
270 4
272 4
274 4
276 4
278 4
280 4
282 4
284 4
286 4
288 4
289 4
291 4
293 4
296 4
297 4
299 4
301 4
303 4
306 4
306 4
308 4
310 4
312 4
313 4
315 4
318 4
319 4
322 4
