40 0
43 0
45 0
46 0
48 0
51 1
53 1
54 0
56 1
58 3
60 3
62 4
64 6
66 7
68 7
70 8
72 8
75 9
77 8
78 8
80 9
82 9
84 10
86 9
87 9
89 9
91 9
93 9
95 9
97 10
99 9
101 8
102 8
105 9
106 9
108 9
110 9
113 9
114 9
116 9
118 9
120 8
122 9
124 9
126 9
128 9
130 9
131 9
133 9
135 9
138 9
140 9
142 9
144 9
146 9
147 9
149 9
151 9
153 9
154 9
157 9
159 9
160 9
162 9
164 9
166 9
168 9
170 9
172 9
174 9
176 9
178 9
180 9
181 9
184 9
185 9
188 9
190 9
191 9
193 9
195 9
197 9
198 9
200 9
203 8
205 8
207 8
209 8
210 8
213 8
215 8
217 8
218 8
220 8
222 8
224 8
226 8
228 8
230 8
232 8
234 8
235 8
238 8
239 8
242 8
243 8
246 8
248 8
249 8
251 8
253 8
255 8
256 8
259 8
261 8
263 8
265 8
267 8
268 8
271 8
272 8
274 8
276 8
279 8
281 8
283 8
284 8
286 8
288 8
290 8
292 8
294 8
295 8
297 8
299 8
301 8
303 8
305 8
307 8
308 8
311 8
313 8
315 8
316 8
318 8
320 8
322 8
