40 0
43 0
45 0
47 0
49 0
51 0
52 1
54 1
57 1
59 1
61 4
63 4
65 4
66 4
68 4
71 4
73 4
74 4
76 4
79 5
80 4
82 4
84 5
86 6
88 5
89 5
91 6
93 6
95 6
97 6
99 7
101 6
103 5
105 5
106 6
108 6
110 6
112 6
114 6
116 6
117 6
119 6
122 7
124 7
126 7
128 8
130 8
131 8
133 8
135 8
137 8
139 8
141 8
143 8
145 8
146 8
149 8
151 8
152 8
155 8
156 7
158 8
160 7
162 7
164 7
166 7
168 7
169 7
171 7
173 7
175 7
177 7
179 7
181 7
183 7
185 7
187 7
188 7
190 7
192 7
194 7
196 7
199 7
200 7
202 7
204 7
206 7
208 7
210 7
212 7
213 7
215 7
217 7
219 7
221 7
223 7
225 7
227 7
229 7
232 7
233 8
235 8
237 8
238 8
241 8
243 8
245 8
247 8
249 8
251 8
252 7
254 7
256 7
258 7
260 7
262 7
264 7
266 7
267 7
270 7
272 7
274 7
277 7
278 7
280 7
282 7
284 7
286 7
287 7
289 7
291 7
293 7
295 7
297 7
298 7
300 7
302 7
304 7
306 7
308 7
310 7
312 6
315 6
317 6
318 6
321 6
322 6
