40 0
43 0
44 0
46 1
47 1
49 3
50 6
52 6
53 5
54 6
57 7
58 7
60 8
62 8
63 10
65 10
66 10
67 10
68 10
70 10
72 10
74 10
75 11
77 10
78 10
79 10
81 10
82 10
84 9
85 9
88 10
88 8
89 8
91 9
92 9
93 9
94 9
96 9
97 9
99 9
101 9
101 9
103 9
105 9
106 9
107 9
109 9
110 9
112 8
113 8
115 8
116 8
118 8
120 8
120 8
122 8
123 8
125 8
127 7
128 7
130 7
131 7
133 7
134 7
136 7
136 7
138 7
139 6
140 6
142 6
143 6
145 6
146 6
148 6
149 6
150 6
152 6
154 6
155 6
157 6
158 6
159 5
161 5
162 5
164 5
166 5
167 5
169 5
170 5
171 5
172 5
174 5
175 5
176 5
178 5
181 5
181 5
182 5
183 5
185 5
186 5
188 5
190 5
192 5
193 5
194 5
197 5
197 5
198 5
200 5
202 5
204 5
205 5
208 5
208 5
210 5
211 5
212 5
214 5
215 5
217 5
219 5
220 5
223 5
225 6
226 5
227 6
228 6
230 6
231 5
232 5
234 5
235 5
237 5
238 5
239 5
241 5
242 5
244 5
244 5
247 5
248 5
249 5
251 5
252 5
254 5
254 5
256 5
258 5
259 5
260 5
262 5
263 5
265 5
266 5
268 5
269 5
270 5
273 5
275 5
277 5
278 5
280 5
282 5
283 5
283 5
285 5
286 5
288 5
288 5
290 5
292 5
293 5
294 5
296 5
298 5
299 5
301 5
302 5
303 5
304 5
306 5
308 5
309 5
311 5
312 5
313 5
315 5
316 5
318 5
319 5
321 5
321 5
