70 0
73 0
74 0
76 0
77 1
78 2
81 7
82 8
84 8
85 8
86 9
88 9
91 10
91 9
94 11
94 10
96 11
97 12
98 11
99 13
101 11
103 12
104 13
106 13
107 13
109 12
110 12
112 12
112 12
114 12
116 12
117 12
118 12
120 11
121 12
122 13
123 12
125 13
127 12
128 12
130 11
131 12
133 11
134 11
136 10
137 10
138 10
139 10
141 10
142 10
144 10
145 10
147 9
148 10
151 9
152 9
153 9
154 9
155 9
157 9
159 9
160 9
161 8
163 8
164 8
166 8
167 8
169 8
170 8
172 8
172 8
175 8
176 8
177 8
178 8
180 8
182 8
183 8
186 8
187 8
188 8
189 8
191 8
192 8
193 8
195 8
197 8
199 8
201 8
202 8
204 8
206 8
207 8
208 8
209 8
211 8
212 8
213 8
214 8
217 8
218 8
219 8
221 8
222 8
225 8
225 8
226 8
228 8
229 8
230 8
232 8
234 8
234 8
236 8
237 8
239 8
240 8
241 8
243 8
244 8
246 8
248 8
249 8
250 8
252 8
253 8
255 8
256 8
258 8
260 8
261 8
262 8
264 8
265 8
266 8
268 8
269 8
271 8
273 8
275 8
276 8
278 8
280 8
281 8
282 8
283 8
284 8
286 8
287 8
288 8
289 8
291 8
292 8
294 8
295 8
297 8
299 8
300 8
301 8
303 8
304 8
306 8
307 8
308 8
310 8
311 8
312 8
314 8
315 8
318 8
319 8
320 8
321 8
