80 0
83 0
84 0
86 0
89 2
90 2
92 4
94 5
95 7
97 10
99 10
100 10
101 12
103 12
104 11
106 10
107 10
108 10
110 9
111 9
113 11
114 11
116 10
117 10
119 10
121 10
122 10
123 10
124 9
126 9
127 9
129 9
130 9
131 9
132 9
133 9
135 9
137 9
139 9
139 9
141 8
143 7
144 7
145 7
147 7
148 8
149 8
151 8
152 8
154 8
155 7
157 7
158 7
160 7
161 8
163 8
165 7
166 7
169 7
171 7
171 7
173 7
174 7
175 7
177 6
178 6
179 6
180 6
181 6
183 6
185 6
186 6
187 5
190 5
192 5
193 5
194 5
195 5
197 5
199 5
200 5
202 5
203 5
204 5
206 5
207 5
208 5
210 5
211 5
213 5
215 5
216 5
217 5
219 5
220 5
222 5
223 5
224 5
226 5
227 5
228 5
230 5
232 5
233 5
235 5
237 5
239 5
240 5
241 5
243 6
245 5
246 5
247 6
249 6
250 6
252 6
254 6
255 6
256 6
258 6
259 6
260 6
261 6
263 6
265 6
265 6
268 6
268 6
269 6
271 6
272 6
274 6
277 6
277 6
278 6
280 6
281 6
284 6
284 6
286 6
287 6
288 6
290 6
291 6
292 6
294 6
295 6
296 6
298 6
300 6
301 6
302 6
304 6
306 6
306 6
308 6
309 6
310 6
312 6
312 6
315 6
315 6
317 6
318 6
319 6
321 6
323 6
