50 0
53 0
54 0
56 0
58 1
59 1
61 1
62 1
64 3
65 4
67 4
68 4
70 5
71 6
73 6
75 6
77 6
77 7
79 7
81 7
81 9
83 10
84 8
85 7
87 9
89 7
90 8
91 8
93 8
94 8
96 7
97 7
99 7
100 8
101 8
103 9
104 8
106 9
108 10
109 10
111 8
112 8
113 9
115 7
116 7
118 8
119 8
121 7
122 7
125 7
126 7
128 7
130 7
131 7
132 7
134 6
135 7
137 6
137 7
139 7
141 7
142 6
144 6
145 6
146 6
148 6
149 6
151 6
152 6
154 6
155 5
156 5
158 5
159 5
160 5
162 5
163 5
164 5
166 5
168 5
170 5
171 5
172 5
173 5
175 5
177 5
179 5
180 5
181 5
182 5
184 5
187 5
188 5
189 5
191 5
192 5
193 5
195 6
196 6
197 6
199 6
201 5
202 6
203 5
205 5
206 6
207 6
209 6
210 6
212 6
213 6
216 6
216 6
218 6
219 6
221 6
222 6
224 6
225 6
226 6
228 6
229 6
231 6
232 6
233 6
235 6
238 6
239 6
240 6
241 6
242 6
244 6
245 6
247 6
249 6
250 5
251 6
253 5
254 5
256 5
257 5
258 5
259 5
260 5
262 5
263 5
265 5
266 5
268 5
270 5
271 5
272 5
274 5
275 5
278 5
279 5
281 5
283 5
284 5
286 5
288 5
290 5
291 5
292 5
293 5
295 5
296 5
298 5
300 5
302 5
304 5
305 5
307 5
308 5
310 5
311 5
313 5
315 5
317 5
318 5
319 5
321 5
322 5
