30 0
33 0
35 0
36 0
38 0
39 0
42 0
44 0
45 1
47 1
49 2
51 1
52 2
54 3
56 3
58 3
60 4
62 2
64 3
66 4
68 4
70 4
72 4
74 5
75 4
77 5
79 4
81 4
82 4
84 6
86 6
89 7
90 8
91 7
93 8
96 8
97 7
99 8
101 8
103 8
104 8
106 8
108 8
110 8
111 8
113 8
115 8
116 8
118 8
120 8
121 8
123 7
125 8
127 7
128 7
130 8
133 8
134 8
136 8
138 8
140 8
141 8
143 8
145 8
147 8
149 8
150 8
152 8
154 8
155 8
157 8
159 8
161 8
162 8
164 8
166 8
168 8
170 8
172 8
173 8
175 8
176 8
178 8
180 8
182 8
184 8
186 8
188 8
190 8
192 8
193 8
195 8
197 8
199 8
201 8
202 8
204 8
206 8
208 8
210 8
212 8
214 8
216 8
218 8
219 8
221 8
223 8
225 8
227 8
228 8
231 8
233 8
235 8
237 8
238 8
240 8
242 8
243 8
245 8
246 8
248 8
250 8
252 8
253 8
256 8
257 8
260 8
261 8
263 8
265 8
266 8
268 8
270 8
272 8
275 8
275 8
276 8
279 8
280 8
282 8
284 8
286 8
288 8
289 8
291 8
292 8
294 8
296 8
298 8
300 8
302 8
303 8
306 8
307 8
311 8
311 8
313 8
315 8
317 8
318 8
320 8
321 8
