50 0
53 0
55 0
57 0
59 0
60 2
62 3
65 3
66 3
67 4
69 4
71 4
73 4
75 4
77 3
78 4
80 4
81 4
83 3
85 4
87 5
89 4
90 5
92 5
95 6
97 5
98 5
100 5
102 6
103 7
105 7
106 7
108 7
110 7
112 7
113 9
115 8
117 8
118 9
120 9
122 8
123 9
125 8
127 9
129 9
131 9
133 10
134 9
136 8
138 8
140 8
141 9
143 9
145 9
146 9
149 9
150 10
152 8
154 10
156 9
157 10
159 10
160 10
162 10
164 10
166 9
168 11
169 10
170 11
173 11
174 11
176 11
178 11
179 10
182 11
183 9
185 10
187 9
189 9
190 10
192 10
194 10
196 10
197 10
199 11
201 10
203 11
204 10
206 10
208 10
209 10
212 9
214 9
216 8
217 8
219 9
220 9
222 8
224 9
226 9
227 8
229 8
231 8
232 8
234 8
236 8
237 7
240 7
241 7
242 7
245 7
247 7
249 7
251 7
253 7
255 8
256 7
258 7
259 8
261 7
263 8
264 8
266 9
269 8
269 8
271 9
273 8
274 9
276 9
277 9
280 9
281 9
282 9
285 9
286 9
288 9
289 9
291 9
293 9
296 9
297 8
298 9
301 9
302 9
304 9
306 9
308 9
310 9
311 9
313 9
314 9
316 9
318 9
319 9
321 9
