60 0
63 0
65 0
66 0
68 0
69 1
71 4
73 4
75 5
76 5
78 7
79 7
81 8
82 7
85 7
86 6
89 6
90 6
91 6
93 6
95 7
97 7
99 6
100 7
102 7
104 7
106 7
107 8
108 8
110 9
112 9
114 10
115 9
117 9
119 10
120 10
123 10
124 8
126 9
128 9
130 10
131 9
133 8
134 9
135 10
137 9
140 9
141 9
143 9
144 9
146 8
147 9
149 8
151 8
152 8
155 8
157 8
159 8
160 8
162 7
164 9
165 7
167 8
169 8
170 8
172 9
173 8
174 7
177 7
178 7
179 7
181 8
183 7
184 7
186 8
188 8
189 8
191 7
193 7
195 6
196 6
198 6
200 7
202 6
203 6
204 7
206 6
207 6
210 6
211 6
213 6
214 6
216 6
218 6
219 6
222 6
223 6
225 6
227 6
228 6
230 6
231 6
233 6
235 6
237 6
238 6
240 6
241 6
243 6
245 6
247 6
249 6
250 6
252 6
253 6
255 6
257 6
259 6
260 6
262 6
264 6
265 7
267 6
269 6
270 6
272 6
274 6
277 6
277 6
279 6
280 6
283 6
285 6
286 6
287 6
289 6
291 6
293 6
294 6
296 6
298 6
299 6
301 6
302 6
304 6
306 6
308 6
310 6
312 6
313 6
315 6
316 6
318 6
320 6
322 6
