40 0
43 0
45 0
46 0
48 0
50 0
52 0
55 0
56 0
60 1
61 2
62 3
64 4
66 5
68 4
70 4
71 5
73 5
75 5
76 5
78 5
80 5
82 5
83 5
85 5
87 6
89 6
91 4
93 5
95 5
96 6
98 6
100 6
101 6
103 5
105 6
106 5
108 6
110 6
112 6
113 7
115 7
117 7
118 7
120 7
122 7
123 7
126 7
127 7
129 7
131 7
133 7
136 7
137 7
139 7
141 7
142 7
144 7
145 7
148 7
149 7
152 7
153 7
154 7
157 7
159 7
160 7
162 7
163 7
165 7
167 7
168 7
170 7
172 7
174 7
176 7
177 7
179 7
181 7
183 7
185 7
187 7
189 7
190 7
192 7
194 7
195 7
197 7
199 7
201 7
203 7
205 7
207 7
208 7
210 8
212 8
214 7
216 7
218 7
219 7
221 8
223 8
224 7
226 8
228 7
230 7
232 7
233 7
236 7
237 7
239 7
241 7
243 7
244 7
246 7
248 7
249 7
251 7
253 7
256 7
257 7
259 7
260 7
263 7
264 7
266 7
268 7
270 7
271 7
272 7
274 7
276 7
278 7
280 7
282 7
283 7
285 7
287 7
289 7
291 7
293 7
294 7
296 7
297 7
299 7
301 7
303 7
305 7
307 7
308 7
311 7
313 7
314 7
316 7
317 7
319 7
321 7
