90 0
93 0
94 0
96 0
98 0
100 0
102 0
103 4
105 6
107 7
108 10
110 10
112 10
114 12
115 12
117 12
118 13
120 12
122 13
124 14
125 13
127 12
129 12
130 12
132 11
134 12
135 11
137 11
139 11
141 11
142 11
144 11
146 11
148 10
149 11
152 11
153 11
154 11
156 11
158 12
160 11
162 11
164 11
165 11
167 11
169 11
170 10
172 11
174 11
175 11
177 10
179 10
181 11
183 11
184 12
186 11
188 11
190 10
191 12
193 11
195 12
197 11
198 11
200 11
202 11
203 11
205 11
206 11
208 11
210 11
212 11
213 11
215 11
216 11
218 11
220 11
222 11
223 11
224 12
226 10
227 10
230 10
231 10
233 10
234 10
237 10
238 11
240 11
241 11
243 11
244 11
246 11
248 11
249 11
251 11
253 11
254 10
256 10
258 10
260 10
262 10
264 10
265 10
268 10
269 10
270 10
272 10
274 10
275 10
277 10
279 10
281 9
283 9
284 9
286 9
287 9
289 9
291 9
292 9
294 9
296 9
298 9
299 9
301 9
303 9
305 9
307 9
309 9
310 9
312 9
314 9
315 9
317 9
318 9
321 9
322 9
