70 0
72 0
74 0
76 2
77 2
79 4
81 4
82 4
83 8
85 8
86 9
87 8
89 8
90 7
92 7
93 8
95 9
96 10
98 9
100 10
101 11
102 10
104 11
106 11
108 12
108 12
110 12
111 13
112 12
114 14
116 13
117 13
119 13
120 12
121 12
123 12
124 11
126 12
128 11
129 11
130 11
132 11
133 11
134 11
136 11
138 11
139 11
140 11
142 11
143 11
145 10
146 10
147 9
148 10
149 10
151 10
152 9
154 9
156 9
157 9
159 9
161 9
161 9
163 9
164 9
166 9
168 9
169 9
171 9
173 9
175 9
176 9
177 9
178 7
180 7
181 7
182 7
183 7
185 7
186 7
188 7
189 7
191 7
191 7
193 7
195 7
196 7
199 7
200 7
201 7
203 7
204 7
206 7
207 7
209 7
210 7
211 7
212 7
215 7
216 7
218 7
219 7
220 7
221 7
223 7
224 7
226 7
228 7
229 7
230 7
231 7
232 7
234 7
235 7
238 7
239 7
240 7
242 7
244 7
244 7
246 7
247 7
249 7
250 7
251 6
254 6
254 7
256 6
258 6
258 6
260 6
262 6
263 6
264 6
265 6
267 6
268 6
270 6
271 6
273 6
275 6
275 6
277 6
278 6
280 6
282 6
283 6
285 6
286 6
287 6
289 6
290 6
292 6
293 6
294 6
296 6
298 6
299 6
300 6
302 6
303 6
304 6
306 6
308 6
309 6
311 6
313 6
313 6
315 6
316 6
317 6
319 6
320 6
322 6
