30 0
33 0
34 0
36 0
39 0
40 0
42 0
44 0
46 0
48 1
51 1
52 1
54 1
56 2
59 2
60 2
62 2
63 2
66 2
67 2
69 2
71 2
73 2
75 2
77 2
79 2
80 2
82 2
84 2
86 2
88 2
90 2
92 2
93 2
95 2
98 2
100 2
101 3
104 2
105 3
107 4
109 4
111 4
114 4
115 4
117 4
118 4
121 4
123 4
125 4
126 4
128 4
131 4
132 4
134 4
137 4
138 4
141 4
142 4
144 4
146 4
148 4
150 4
152 4
154 4
155 4
158 4
159 4
162 4
164 4
166 4
167 4
169 4
171 4
173 4
175 4
177 4
179 4
180 4
182 4
185 4
187 4
188 4
190 4
192 4
194 4
196 4
198 4
200 4
202 4
204 4
205 4
207 4
210 4
211 4
213 5
215 4
217 4
219 4
221 4
223 4
225 4
226 4
229 4
231 4
233 4
236 4
237 4
239 4
241 4
242 4
245 4
247 4
249 4
251 4
253 4
254 4
256 4
258 4
260 4
262 4
264 4
266 4
268 4
270 4
272 4
273 4
276 4
278 4
280 4
282 4
285 4
286 4
288 4
289 4
292 4
294 4
296 4
298 4
299 4
301 4
303 4
304 4
306 4
308 4
310 4
312 4
314 4
316 4
318 4
320 4
