90 0
93 0
95 0
96 0
99 0
100 2
101 4
103 5
105 5
107 6
109 9
111 9
113 10
114 11
116 13
117 12
119 13
121 13
123 13
124 12
125 12
127 12
129 13
131 14
133 14
134 14
136 14
138 13
140 13
141 13
143 13
145 13
146 13
148 13
149 13
151 13
153 13
154 13
156 13
157 13
159 13
161 13
163 12
164 13
166 13
168 12
170 12
172 12
174 12
175 13
177 14
179 13
180 13
182 13
183 12
185 12
188 12
189 11
191 11
192 11
194 10
196 10
197 10
199 10
201 10
202 9
204 9
205 10
207 10
209 10
211 10
212 9
214 10
215 10
217 10
219 10
221 10
222 9
224 9
226 10
227 10
229 10
230 10
232 10
234 10
236 11
238 11
239 11
241 11
243 11
244 11
246 11
248 11
249 10
251 11
253 10
254 10
256 10
258 10
259 10
261 10
263 10
264 10
266 10
268 10
271 9
272 9
273 9
275 9
277 9
279 9
280 9
282 9
284 8
285 8
287 8
288 7
290 7
291 7
294 7
295 7
297 7
299 7
301 7
303 7
304 7
306 7
308 7
309 7
311 7
313 7
314 7
315 7
318 7
319 7
320 7
