70 0
73 0
74 0
77 0
78 0
80 1
82 1
84 2
87 2
87 2
89 5
92 5
93 5
95 6
97 7
98 7
100 7
102 8
104 10
106 11
108 11
109 10
111 11
113 11
115 11
117 11
118 10
120 10
122 10
124 10
126 11
128 11
131 11
132 11
134 11
136 11
138 12
139 12
141 12
143 12
144 11
146 11
147 12
149 12
151 12
153 12
155 12
158 12
159 12
161 12
162 12
164 12
166 12
167 12
170 12
170 12
172 12
175 12
176 12
178 12
180 12
182 12
184 12
186 11
187 11
189 11
191 11
193 11
194 11
196 11
198 11
200 11
201 11
203 11
205 11
207 11
208 11
211 11
212 11
214 11
215 11
217 11
219 11
221 11
222 11
224 11
226 11
227 11
229 11
231 11
233 12
235 12
236 10
238 10
240 10
242 11
244 9
245 9
247 9
250 9
251 9
253 10
255 10
256 10
258 10
260 10
261 11
263 10
266 10
267 10
268 10
270 10
272 10
274 10
276 10
277 10
279 10
281 10
282 10
284 10
286 10
288 10
290 10
291 9
293 8
295 8
296 9
299 8
301 8
303 8
304 8
305 8
308 8
309 8
311 8
314 8
315 8
317 8
319 8
320 8
