40 0
42 0
44 0
45 0
47 1
49 2
50 3
52 4
53 4
55 5
56 6
57 5
59 5
60 6
61 6
63 5
65 6
65 6
67 6
69 6
70 7
71 7
73 6
74 7
76 7
78 7
78 7
80 7
82 7
83 7
85 7
87 7
88 7
89 7
91 7
92 7
94 7
95 7
97 7
98 7
100 7
101 7
102 7
104 7
106 7
107 7
108 7
109 7
111 7
112 8
114 8
115 8
116 7
117 6
119 6
120 6
122 6
123 6
124 6
126 6
127 6
129 6
130 6
132 6
133 6
134 6
136 6
137 6
139 6
141 6
142 6
143 6
145 6
146 6
147 6
150 6
150 6
152 6
153 6
154 6
156 6
158 6
159 6
160 6
162 6
163 6
165 6
167 6
168 6
170 5
171 5
173 5
175 5
176 5
178 5
179 5
181 5
182 5
183 5
185 5
187 5
188 5
189 5
191 5
192 5
193 5
195 5
197 5
199 5
199 5
201 5
202 5
204 5
204 5
206 5
207 5
208 5
210 5
212 5
213 5
214 5
216 5
218 5
219 5
221 5
224 5
225 5
226 5
227 5
229 5
230 5
232 5
233 5
234 5
236 5
237 5
239 5
240 5
242 5
243 5
244 5
246 5
248 5
248 5
250 5
251 5
252 5
254 5
256 5
257 5
258 5
260 5
261 5
263 5
264 5
267 5
267 5
269 5
270 5
271 5
273 5
274 5
276 6
278 5
280 6
281 5
282 6
283 5
285 5
286 5
288 5
288 5
290 4
291 4
293 5
294 5
295 5
297 5
298 5
300 5
301 6
303 6
306 6
307 5
308 5
309 5
311 5
312 5
313 4
314 3
316 3
317 4
319 4
320 3
322 4
