60 0
63 0
65 0
66 0
68 1
70 1
72 1
74 3
76 2
78 3
80 5
81 5
83 4
85 5
87 5
88 5
90 6
92 5
94 6
96 6
98 6
100 6
101 6
104 7
106 7
107 7
109 7
111 8
112 9
115 10
116 9
119 8
120 9
123 9
124 9
126 9
128 9
130 9
132 9
133 9
135 9
137 9
139 9
140 9
142 9
144 9
145 9
147 8
149 9
151 9
152 9
154 9
156 9
158 9
160 9
161 9
163 8
165 9
167 9
169 9
171 9
173 9
175 9
177 9
178 9
180 9
182 9
183 9
185 9
187 9
189 9
191 9
193 9
195 9
197 9
199 9
201 9
202 9
204 9
206 9
207 9
209 9
211 9
213 9
215 9
217 9
218 9
220 9
222 9
223 9
225 9
227 9
229 9
231 9
233 9
235 9
237 9
238 9
240 9
242 9
244 9
246 9
248 9
250 9
252 9
253 9
254 9
257 9
258 9
260 9
262 9
264 9
266 9
267 9
269 9
271 9
272 9
274 9
276 9
278 9
279 9
281 9
283 9
284 9
285 9
287 9
290 9
291 9
293 9
295 9
296 9
298 9
300 9
302 8
304 8
306 8
308 8
309 8
311 8
312 8
315 8
317 8
318 8
320 8
322 8
