40 0
43 0
44 0
47 0
48 1
49 1
51 1
53 1
55 2
56 3
58 4
60 4
62 5
63 6
65 7
67 7
68 6
70 5
72 5
73 5
76 5
77 6
79 5
80 5
82 6
84 6
85 6
87 6
88 6
91 5
92 5
93 5
96 5
97 5
99 5
101 5
102 5
104 5
106 5
107 6
109 6
111 5
112 5
114 6
116 6
117 6
119 6
121 7
122 7
124 7
125 7
127 7
129 7
131 7
133 7
135 7
136 7
138 7
139 7
141 7
143 7
144 7
146 7
147 7
149 7
151 7
153 7
154 7
157 7
158 7
160 7
162 7
164 7
165 7
167 7
168 7
170 7
172 7
173 7
175 7
176 7
178 7
179 7
181 7
183 7
185 7
186 7
188 7
190 7
191 7
193 7
195 7
196 7
198 7
199 7
201 7
203 7
205 7
206 7
208 7
209 7
211 7
213 7
215 7
217 7
219 7
221 7
222 7
223 7
225 7
226 7
228 7
230 7
232 7
234 7
236 7
237 7
238 7
240 7
242 7
244 7
246 7
247 6
248 6
250 6
252 6
254 6
255 6
257 6
258 6
260 6
262 6
264 6
266 6
268 6
270 6
272 6
273 6
275 6
276 6
278 6
280 6
281 6
284 6
285 7
287 7
289 6
290 7
291 7
293 7
294 7
296 7
298 6
300 6
301 6
303 6
304 6
306 6
308 6
310 6
311 6
313 6
316 6
317 6
319 6
320 6
322 6
