60 0
63 0
65 0
66 0
68 0
69 0
71 0
73 0
75 0
77 0
78 1
80 2
82 1
83 3
85 4
87 6
89 7
91 8
92 8
94 9
96 11
98 11
99 11
101 12
103 11
105 11
107 10
109 11
111 9
112 9
114 9
116 9
118 10
120 9
121 10
122 10
124 10
126 10
128 10
129 10
131 10
133 10
135 10
136 10
138 9
140 9
141 9
143 9
146 9
147 9
149 9
151 9
153 9
154 9
156 9
158 10
159 9
161 9
163 10
165 10
166 10
167 11
170 11
172 11
174 11
176 11
177 11
179 11
180 11
182 11
184 11
186 10
187 10
190 10
191 10
193 10
195 10
196 10
198 10
199 10
201 10
203 10
205 10
207 10
208 10
210 10
212 10
214 10
215 10
217 10
218 10
220 10
222 10
224 10
226 10
227 10
229 10
230 10
232 10
234 10
236 10
238 10
239 10
241 10
243 10
244 10
246 10
248 10
249 10
251 9
253 9
255 9
256 9
258 9
260 9
262 9
264 9
266 9
268 9
270 9
271 9
273 9
274 9
276 9
278 9
279 9
281 9
283 9
284 9
286 9
288 9
289 9
291 9
293 9
295 9
296 9
298 9
301 9
302 9
304 9
305 9
308 9
309 9
311 9
313 9
315 9
316 9
319 9
320 9
322 9
