80 0
82 0
85 0
87 0
88 0
90 1
92 2
94 2
95 6
97 5
99 7
100 7
102 8
104 9
106 8
108 11
109 10
111 11
113 14
115 11
117 10
118 12
120 12
122 12
124 12
126 13
128 12
129 13
131 13
133 13
135 13
136 13
138 13
140 13
142 13
143 14
145 14
148 14
149 13
152 15
153 13
155 13
156 14
158 14
160 13
162 14
163 14
165 14
167 13
168 14
170 15
172 15
174 15
176 14
177 13
179 14
181 14
183 15
185 14
186 15
188 15
190 15
191 15
193 14
195 15
197 15
200 14
201 14
202 14
205 13
206 13
208 13
210 13
213 13
213 13
216 13
217 13
218 13
221 13
223 13
224 13
226 13
227 13
229 13
232 13
233 13
235 13
237 13
239 13
241 13
243 13
244 13
246 13
248 13
249 13
251 13
253 13
255 13
256 13
258 13
260 13
262 13
263 13
265 13
267 13
269 13
270 13
272 13
274 13
276 13
277 13
279 13
281 13
283 13
285 13
287 13
288 13
290 13
291 13
294 12
295 12
297 12
299 12
301 12
303 12
305 12
306 12
309 12
311 12
313 12
314 12
316 12
317 12
319 12
321 12
323 12
