30 0
33 0
34 0
36 0
38 0
39 0
42 0
43 2
44 1
47 3
48 5
50 7
52 5
54 5
56 4
57 4
59 6
61 6
63 6
65 6
67 7
68 7
70 7
72 6
73 7
75 6
76 6
78 6
79 6
81 6
83 7
85 7
87 6
88 8
90 8
91 7
93 8
95 8
96 7
98 7
100 6
102 6
103 6
106 7
107 6
109 6
111 7
113 6
115 6
116 6
118 6
120 6
123 6
124 6
125 6
127 6
129 6
131 7
132 6
134 7
136 6
138 6
139 6
141 6
142 6
145 6
146 6
148 6
149 6
151 6
153 6
155 7
157 6
159 6
160 6
162 6
163 6
165 6
167 6
168 6
170 6
172 6
173 6
175 6
177 6
179 6
180 6
182 6
184 6
186 6
188 6
189 6
191 6
193 6
195 6
196 6
198 6
200 6
202 6
203 6
205 6
207 6
209 6
210 6
212 6
214 7
215 6
217 6
219 6
220 6
223 6
225 6
226 6
228 6
230 6
231 6
233 6
235 6
236 6
238 6
240 6
241 6
243 6
245 6
246 6
248 6
250 6
252 6
253 6
255 6
257 6
258 6
260 6
262 6
265 6
266 6
267 6
270 6
271 6
273 6
275 6
276 6
278 6
280 6
281 6
283 6
285 6
287 6
288 6
290 6
292 6
294 6
295 6
297 6
299 6
300 6
302 6
304 6
306 6
308 6
309 6
311 6
312 6
315 6
317 6
319 6
321 6
322 6
