60 0
63 0
65 0
66 0
68 0
71 0
72 0
74 1
77 2
78 3
80 3
82 6
84 6
86 7
88 7
90 9
92 11
94 12
96 13
98 11
99 12
101 11
103 12
105 12
107 11
109 11
111 11
113 12
115 12
117 12
119 12
121 13
122 13
124 13
126 13
128 11
130 13
132 15
134 15
136 14
139 13
140 15
142 14
143 14
146 15
147 14
149 15
151 16
153 14
154 13
157 14
159 15
161 14
163 13
165 13
166 14
168 14
170 14
172 14
174 15
176 14
178 14
180 14
182 13
183 13
185 13
187 13
189 12
190 13
193 14
194 12
198 13
198 12
200 11
202 11
204 11
206 11
208 11
210 11
211 12
214 12
215 12
217 12
219 12
221 11
223 11
225 11
227 11
229 11
231 11
233 11
235 11
237 11
239 11
241 11
242 11
244 11
246 10
248 11
250 10
252 10
254 10
256 10
258 10
260 10
262 10
264 10
265 10
268 10
269 10
271 10
273 10
276 10
278 10
279 10
281 10
283 10
284 10
286 10
288 10
290 10
292 10
294 10
296 10
298 10
301 10
303 10
305 10
306 10
308 10
310 10
312 10
313 10
315 10
318 10
319 10
321 10
