70 0
73 0
75 0
77 0
79 2
80 2
81 4
83 5
85 5
85 7
88 7
89 7
90 8
91 9
92 10
93 10
95 10
96 11
98 10
100 10
101 10
103 10
104 10
106 10
107 9
109 8
111 8
112 8
113 8
115 8
117 8
118 8
120 8
121 8
122 8
123 8
124 8
126 8
128 7
129 7
131 7
133 7
134 7
136 7
136 7
138 7
140 7
141 7
143 7
144 7
146 7
147 7
148 7
150 7
152 7
154 7
155 7
156 7
157 7
159 7
160 7
162 7
163 7
164 7
166 7
168 7
169 7
170 7
171 7
173 7
175 7
176 7
177 7
179 7
180 7
182 7
184 7
185 7
186 7
187 7
188 7
190 7
191 6
193 6
194 6
196 6
198 6
199 6
201 7
202 7
203 6
205 7
206 7
208 7
209 7
210 7
211 7
213 7
215 7
216 7
218 7
220 6
220 6
222 6
224 6
225 6
227 6
228 6
230 6
231 6
233 6
234 6
235 6
237 6
238 6
239 6
241 6
242 6
243 6
246 6
247 6
248 6
250 6
251 6
253 6
254 6
256 6
258 6
260 6
261 6
262 6
264 6
265 6
266 6
268 6
270 6
271 6
272 6
273 6
274 6
276 6
278 6
279 6
280 6
281 6
283 6
285 6
287 6
288 6
289 6
290 6
292 6
294 6
295 6
297 6
298 6
300 6
302 6
303 6
305 6
307 6
307 6
308 6
309 6
311 6
312 6
313 6
315 6
316 6
318 6
319 6
321 6
