70 0
73 0
74 0
77 0
78 0
80 0
82 0
84 1
86 3
87 4
89 6
91 5
93 5
95 7
97 7
98 7
101 7
102 7
104 7
105 6
107 7
108 7
110 8
112 8
114 7
116 8
118 8
119 8
121 8
123 9
125 8
126 9
129 10
131 9
133 10
135 10
136 10
139 10
140 11
143 10
144 10
146 11
147 12
149 13
151 11
153 14
154 13
156 14
159 14
161 13
162 13
164 13
166 13
167 12
169 12
171 12
173 13
175 12
177 13
179 13
181 12
182 13
183 13
185 12
187 13
189 13
191 12
193 12
195 12
196 12
198 12
200 12
202 12
203 12
206 12
207 12
209 12
211 12
212 12
214 12
216 12
217 12
220 12
221 12
223 12
225 12
227 12
228 12
230 12
232 11
233 12
235 11
237 11
238 11
241 12
242 11
244 11
246 11
248 11
249 11
251 12
252 11
254 12
256 12
258 12
259 12
261 12
263 11
265 12
267 11
269 10
270 10
272 10
275 10
277 10
279 10
281 10
283 10
284 10
286 10
288 10
290 10
292 10
293 10
294 10
296 10
298 10
300 10
302 9
304 10
305 9
307 10
309 10
311 10
312 10
314 10
316 10
318 10
319 10
320 10
