30 0
32 0
35 0
37 0
39 0
40 0
42 1
44 1
45 2
47 3
49 3
50 4
52 5
54 6
56 6
58 6
60 6
62 6
63 6
65 6
68 6
69 6
71 5
73 5
75 6
77 6
78 6
80 6
82 6
84 6
86 6
88 6
90 6
91 6
93 6
94 6
96 7
97 7
99 7
101 7
103 6
104 6
106 8
108 8
110 7
112 7
114 7
115 7
117 7
119 7
121 7
123 7
124 7
126 7
128 7
130 7
132 7
134 7
135 7
138 7
140 7
141 7
143 7
145 8
146 8
148 8
150 8
153 8
154 8
156 8
158 8
159 8
161 8
163 8
164 8
166 8
168 8
170 8
172 8
173 8
175 8
177 8
179 8
181 8
183 8
184 7
186 7
188 8
190 8
192 8
194 7
195 7
197 7
199 7
200 7
202 7
205 7
206 7
208 8
210 8
212 8
213 8
214 7
216 7
218 7
220 8
222 8
224 8
225 8
227 8
228 8
231 7
232 8
234 7
235 7
237 7
239 7
241 7
243 7
245 7
246 7
248 7
249 7
252 7
253 7
255 7
257 7
259 7
261 7
262 7
264 7
266 6
268 7
269 6
271 6
274 6
275 7
277 7
279 6
281 6
283 6
284 6
286 6
288 6
289 6
291 6
293 6
294 6
296 6
297 6
299 7
301 6
303 6
304 6
307 6
308 7
310 6
312 6
314 6
315 6
317 6
320 7
321 6
