90 0
93 0
94 0
95 0
97 0
99 2
100 3
101 3
103 4
105 4
106 4
108 6
109 7
111 8
113 7
115 8
116 7
118 8
119 8
121 9
122 11
123 10
125 10
126 9
128 9
129 10
131 11
133 11
134 10
135 11
137 12
138 12
139 12
141 12
143 13
144 12
145 12
147 13
148 12
149 12
151 12
152 12
154 12
155 11
157 11
158 11
159 13
161 11
162 11
164 11
166 11
167 11
168 11
170 11
172 11
172 11
174 11
175 11
177 11
179 11
180 11
182 11
183 11
184 11
186 11
187 11
188 11
190 11
191 11
193 11
195 11
196 11
198 11
199 11
200 11
201 11
203 11
204 12
205 11
207 10
207 10
210 8
211 9
213 9
214 8
216 9
218 9
219 8
220 8
221 8
223 9
224 9
226 8
229 8
230 8
231 8
232 8
234 8
236 8
237 8
238 7
241 7
242 7
242 7
244 7
245 7
247 7
249 7
251 7
252 7
254 7
256 7
257 7
258 7
259 7
261 7
262 7
263 7
265 7
266 7
268 7
269 7
271 7
273 7
274 7
276 7
277 7
279 7
281 7
282 6
283 6
284 7
286 6
287 7
289 7
291 7
293 7
294 7
295 6
297 7
298 7
300 6
301 6
303 6
304 6
306 6
307 6
309 6
311 6
312 6
313 6
314 6
316 6
317 6
319 6
321 6
