50 0
53 0
56 0
57 0
58 1
60 1
62 5
64 7
66 4
67 5
69 6
71 7
72 9
75 9
77 8
79 9
80 10
82 10
84 9
86 10
88 10
89 10
91 9
92 10
94 10
96 10
98 10
100 10
102 10
104 10
105 10
107 10
109 10
110 10
112 10
113 10
115 10
118 10
120 10
121 11
124 10
125 10
127 11
129 11
131 11
132 11
135 11
136 11
138 11
139 11
141 10
143 10
144 10
147 10
148 10
150 10
151 10
153 10
155 10
157 10
159 10
161 10
162 10
165 10
166 10
168 10
170 10
171 11
173 10
174 9
176 9
178 9
181 8
183 9
184 9
186 9
188 9
190 9
192 9
194 9
196 9
197 9
198 9
200 9
202 9
204 9
206 9
208 9
210 9
212 9
214 9
215 9
217 9
219 9
220 9
222 9
224 9
226 9
228 9
229 9
232 9
233 10
235 10
237 9
238 9
240 9
242 9
243 9
245 9
248 9
249 9
251 9
252 9
254 9
256 9
258 9
259 9
261 9
263 9
264 9
266 9
269 9
271 9
272 9
274 9
276 9
277 9
280 9
282 9
283 9
285 9
287 9
289 9
291 9
292 9
294 9
296 9
297 9
300 9
302 9
303 9
305 9
307 9
309 9
310 9
312 9
314 9
316 9
317 9
319 9
320 9
322 9
