90 0
93 0
94 0
97 0
98 1
100 5
101 3
102 6
104 8
104 8
106 8
107 11
109 12
111 13
112 10
113 11
115 13
116 11
118 10
119 11
120 12
122 12
124 12
125 12
127 12
128 11
130 11
131 13
133 11
134 12
136 11
136 12
137 11
139 12
141 12
143 12
144 11
146 12
147 12
148 12
149 12
152 12
152 11
154 12
156 12
157 12
158 12
160 12
162 12
163 12
164 11
165 11
167 11
169 12
170 12
172 11
173 10
174 10
176 10
178 10
179 10
180 10
183 10
185 9
186 9
187 10
189 10
190 9
191 9
193 9
194 9
196 9
198 8
199 10
201 8
202 9
203 9
205 10
206 9
207 10
208 10
209 10
212 10
213 10
215 10
216 9
217 9
219 9
220 9
222 9
224 9
225 9
227 9
227 9
229 9
230 9
232 9
233 9
235 9
236 9
237 9
239 9
240 10
242 10
243 10
245 10
246 10
248 10
249 10
250 10
252 10
254 10
255 10
256 10
259 10
260 10
261 10
263 10
264 10
266 10
267 10
268 10
270 10
271 10
272 10
273 9
275 10
276 10
277 10
279 10
281 10
282 9
284 9
285 9
286 9
288 9
290 9
291 9
292 9
294 10
296 9
297 9
298 9
299 9
301 9
302 9
304 9
305 10
306 9
307 9
309 9
311 9
312 9
314 9
316 8
318 8
318 8
320 9
322 8
