80 0
83 0
85 0
87 0
88 0
91 2
92 1
94 4
97 5
98 7
100 8
101 10
103 9
105 11
107 10
109 10
110 9
112 9
113 9
116 8
117 8
119 8
120 9
122 9
124 9
126 10
128 10
130 11
132 11
133 11
136 10
137 11
139 10
140 10
142 11
144 11
146 11
148 10
150 11
151 10
154 11
155 11
157 11
159 12
161 11
162 12
164 11
166 11
169 12
170 11
172 12
174 12
175 11
177 11
179 11
181 11
183 10
185 10
186 11
188 11
189 11
192 10
193 10
195 11
197 11
199 10
200 11
202 11
204 11
206 10
208 12
210 10
211 10
213 10
215 9
217 9
218 10
220 10
222 11
224 10
228 11
228 11
230 10
231 10
233 10
236 10
237 10
239 10
241 10
243 10
244 10
246 10
247 10
249 10
251 10
253 10
254 10
256 10
258 11
260 11
262 11
264 11
266 11
268 11
269 11
271 11
273 11
275 11
276 11
278 11
280 11
281 11
284 10
286 10
288 10
290 10
292 10
293 10
295 10
296 10
298 10
300 10
302 10
304 10
305 10
307 10
309 10
310 10
312 10
314 10
315 10
317 10
319 10
321 10
