50 0
53 0
55 0
56 0
59 0
60 0
62 0
64 1
65 1
67 1
69 1
71 1
72 3
75 4
76 5
77 6
80 4
81 8
83 11
84 9
86 10
88 9
90 9
91 9
94 10
95 10
97 10
99 10
100 10
102 10
103 10
105 10
107 10
109 10
111 10
113 10
114 10
116 10
117 10
120 9
121 9
124 9
125 9
127 10
128 10
130 10
132 9
134 9
135 9
137 10
138 10
141 9
143 9
145 9
146 8
148 9
149 8
151 9
153 9
154 9
157 9
159 8
160 8
162 9
163 9
164 8
166 8
168 8
169 8
171 8
174 8
176 8
178 8
179 8
181 8
183 8
185 8
186 8
188 8
190 8
191 8
193 8
195 8
197 8
198 8
200 8
202 8
204 8
205 8
206 7
208 8
209 8
211 8
213 7
216 7
217 7
218 8
220 8
222 8
224 8
225 8
227 8
229 8
231 9
233 8
234 8
236 8
238 8
240 8
242 8
243 8
245 8
247 8
249 8
251 8
253 8
254 8
256 8
257 8
259 8
260 8
262 8
263 8
265 8
267 8
269 8
270 8
272 8
274 8
276 8
277 8
279 8
281 8
282 8
284 8
286 8
288 8
289 8
291 8
294 8
295 7
297 8
298 8
300 8
301 8
303 8
306 8
307 8
309 8
311 8
312 7
314 7
315 7
317 7
319 7
321 7
