70 0
72 0
74 0
77 1
79 2
81 2
82 3
84 4
87 4
88 6
90 10
93 10
94 10
96 10
98 11
100 12
102 11
104 9
105 11
107 9
109 9
111 9
113 9
116 9
117 9
120 9
121 9
123 9
125 9
127 10
129 10
131 9
133 9
135 9
136 9
139 9
141 9
143 8
145 8
147 8
149 7
152 6
153 6
155 6
156 6
158 6
160 7
162 7
164 7
166 7
168 7
170 7
172 7
174 7
176 7
178 8
180 8
182 8
184 8
186 8
188 8
189 8
191 8
193 8
195 8
197 8
199 8
200 8
202 8
204 8
206 8
208 8
210 8
212 8
213 8
216 8
218 8
220 8
222 8
224 8
226 8
227 8
229 8
231 8
233 8
235 8
237 8
239 8
241 8
243 8
244 8
247 8
248 8
250 8
252 8
254 8
256 9
258 8
260 9
262 9
263 8
266 8
268 8
270 8
272 8
274 8
275 8
277 8
279 8
281 7
283 7
285 7
287 7
288 7
290 7
293 7
294 7
296 7
298 7
299 7
301 7
304 7
306 6
307 6
309 6
311 6
313 6
315 6
317 6
319 6
320 6
