60 0
63 0
64 0
66 0
68 2
69 0
72 0
74 2
75 2
77 4
79 6
80 6
82 6
84 6
86 6
87 8
89 8
91 8
93 9
95 11
97 10
99 9
100 10
102 9
105 9
107 9
109 9
110 9
112 9
113 10
116 9
118 8
120 9
122 9
123 10
125 11
126 10
129 9
131 9
132 10
134 9
136 9
137 9
139 9
140 9
142 9
144 9
146 9
147 9
149 9
152 9
154 8
156 8
157 7
159 7
160 7
162 7
163 7
165 7
167 7
169 7
171 7
172 7
174 7
177 7
178 7
179 7
181 7
183 7
185 7
187 7
188 7
190 7
191 7
193 7
195 7
196 7
198 7
199 7
201 7
204 7
205 7
207 7
208 7
210 7
212 7
214 7
216 7
217 7
219 7
222 7
223 7
225 7
227 7
228 7
230 7
232 7
234 7
235 7
237 7
239 7
240 7
242 7
244 7
246 7
248 7
249 7
250 7
252 7
254 7
256 7
258 7
259 7
261 7
263 7
265 7
267 7
269 7
270 7
272 7
274 7
275 7
277 7
279 7
281 7
282 7
284 7
286 7
288 7
289 7
291 7
293 7
295 7
297 7
298 7
301 7
302 7
304 7
306 7
307 7
309 7
312 7
313 7
315 7
317 7
318 7
319 7
321 7
