80 0
83 0
85 0
87 0
90 0
92 2
94 3
96 3
98 4
100 6
102 7
103 7
105 8
107 8
109 10
111 11
113 11
115 13
117 13
119 13
120 13
123 13
124 13
126 12
128 12
130 11
132 10
134 10
136 10
137 10
139 9
141 9
143 9
145 8
147 9
150 9
151 8
153 10
155 10
157 9
160 9
162 10
164 10
166 10
168 11
170 10
171 10
173 10
175 10
177 10
179 10
181 10
183 10
186 10
187 10
189 11
191 11
193 10
194 10
196 10
200 10
201 11
203 10
205 11
207 11
209 12
211 12
213 11
215 12
216 11
218 11
220 11
221 11
224 11
226 12
227 10
230 10
232 10
234 11
236 10
237 10
239 10
241 10
243 10
245 10
246 10
248 10
250 10
252 10
254 10
256 10
259 10
260 10
262 10
263 10
265 10
267 10
269 10
271 10
273 10
275 9
276 9
278 9
280 9
283 9
284 9
285 9
288 9
290 9
292 9
294 9
296 9
297 9
299 9
302 9
304 9
305 9
307 9
309 9
312 9
315 9
316 9
318 9
320 9
321 9
