70 0
73 0
74 0
77 0
78 0
80 2
82 4
83 6
85 6
87 7
88 7
91 7
93 11
94 12
96 11
97 13
99 13
101 13
103 13
104 13
106 12
107 13
109 11
110 10
112 11
114 10
115 11
117 11
119 12
120 12
123 12
124 12
126 12
127 14
129 14
131 15
132 15
134 15
136 15
137 14
139 14
141 14
144 13
144 12
146 12
147 12
149 12
151 12
153 12
154 12
155 12
157 11
159 12
161 12
163 12
164 12
166 12
168 12
170 12
171 12
173 12
174 12
177 12
178 12
180 12
182 12
183 12
186 12
187 11
189 12
190 12
192 11
194 11
196 11
198 12
199 11
201 11
202 11
204 12
205 12
207 12
209 11
211 11
213 12
214 12
216 12
217 12
219 12
221 12
222 12
224 12
225 12
227 12
228 11
231 11
232 11
234 12
237 11
239 12
240 11
242 11
243 11
244 11
246 12
248 11
250 10
252 12
253 11
255 11
257 11
258 11
260 11
262 11
263 11
266 11
267 11
268 10
270 10
272 10
273 10
275 10
278 10
280 10
281 10
283 10
285 10
286 10
288 10
290 10
291 10
293 10
294 10
296 10
297 10
299 10
301 10
303 10
304 10
306 10
308 10
309 10
310 10
313 10
314 10
317 10
318 10
320 10
321 10
323 10
