70 0
73 0
74 0
76 0
78 0
79 2
81 3
83 4
85 4
87 5
89 6
90 7
92 9
94 7
96 10
97 9
98 8
100 8
102 11
104 12
105 12
107 12
109 10
110 10
112 11
114 11
115 10
117 10
118 11
120 11
121 11
123 10
125 12
126 12
128 13
130 10
132 12
133 12
135 13
137 11
139 13
141 13
142 13
144 13
146 13
148 13
149 13
152 12
153 12
155 12
156 12
158 11
159 11
161 11
163 11
164 11
166 11
168 11
170 11
171 10
173 10
174 10
176 10
178 10
180 11
181 11
183 11
185 11
186 11
188 11
190 10
192 10
193 10
195 10
197 10
198 10
200 10
202 10
203 11
205 11
207 11
208 11
210 10
212 9
214 10
215 9
217 9
218 9
220 9
223 9
224 9
225 9
227 9
229 9
231 9
232 9
234 9
237 9
238 9
239 9
241 9
243 9
244 9
246 9
247 9
249 9
251 9
254 9
255 9
256 9
258 9
261 9
262 9
264 9
266 9
267 9
269 9
270 9
272 9
273 9
276 9
277 9
279 9
281 9
282 9
284 9
286 9
287 9
289 9
291 9
292 9
294 9
296 9
297 9
300 9
301 9
303 9
305 9
306 9
308 9
310 9
311 9
313 9
315 9
316 9
318 9
319 9
321 9
