60 0
63 0
64 0
66 0
68 1
70 2
71 2
73 2
75 5
76 5
78 5
80 5
81 4
83 4
85 4
87 7
88 7
89 8
91 6
92 8
95 6
97 7
99 9
100 8
102 6
104 7
105 9
107 8
109 8
110 8
112 7
114 8
116 7
117 10
119 9
121 8
123 11
125 10
126 11
128 9
130 8
131 9
133 8
135 10
136 9
138 11
140 11
141 10
143 10
145 10
146 11
148 10
150 11
151 10
153 10
154 10
156 10
158 10
160 9
162 9
163 9
165 9
167 9
169 9
170 9
172 9
174 9
175 9
176 9
179 9
181 9
183 9
185 9
186 9
188 9
189 9
191 9
192 9
193 9
196 9
197 9
200 9
201 9
202 9
204 9
206 9
209 9
210 9
212 9
214 9
215 9
216 9
218 9
220 9
221 9
223 9
225 9
226 9
228 9
230 9
232 9
233 9
235 9
236 9
238 9
240 9
242 9
243 9
245 9
247 9
249 9
250 9
251 9
253 9
255 9
256 9
258 9
260 9
262 9
264 9
266 9
268 9
269 9
270 9
272 9
274 9
276 9
278 9
279 8
281 8
282 8
285 8
286 8
288 8
290 8
291 8
293 8
295 8
296 8
299 8
300 9
302 9
303 8
305 8
307 8
308 8
310 8
311 8
313 8
315 8
317 8
319 8
320 8
322 8
