80 0
83 0
84 0
85 0
87 0
88 4
90 5
91 5
92 5
95 5
96 8
98 9
99 9
100 6
102 8
103 7
105 11
106 10
107 11
109 12
110 10
111 10
113 11
115 12
116 11
117 12
119 11
121 12
122 12
124 10
125 12
127 11
128 11
130 12
131 12
132 11
134 11
135 11
137 11
138 10
139 10
141 10
142 9
144 9
145 9
147 9
148 9
150 8
152 8
153 8
155 7
157 7
158 7
159 7
160 8
162 8
163 8
164 8
165 8
166 8
168 8
170 8
172 8
173 8
174 8
175 8
176 8
178 8
180 8
182 8
183 8
184 8
186 8
188 8
188 8
190 8
191 8
193 8
194 8
196 8
197 8
199 8
201 8
202 8
204 8
206 8
207 8
209 8
209 8
211 8
213 8
214 8
216 8
217 8
219 8
220 8
222 8
223 8
224 8
226 8
228 8
230 8
232 8
233 8
234 8
235 8
236 7
238 7
239 7
242 7
243 7
244 7
246 7
248 7
248 7
250 7
251 7
252 7
253 7
255 7
256 7
257 7
259 7
261 6
262 6
264 6
265 6
266 6
268 6
269 6
271 6
272 6
274 6
275 6
276 6
278 6
280 6
281 6
282 6
284 6
285 6
287 6
288 6
289 6
291 6
292 6
293 6
295 6
297 6
298 6
300 6
302 6
302 6
304 6
306 6
308 6
309 6
310 6
312 6
313 6
314 6
316 6
317 6
319 6
321 7
322 6
