80 0
83 0
85 0
86 0
88 1
90 0
92 2
93 2
95 3
97 5
99 6
100 7
102 7
104 8
106 8
107 7
109 10
111 12
112 12
114 10
116 12
118 9
120 10
122 11
124 13
125 15
127 14
128 12
130 14
132 13
133 12
136 12
137 12
139 12
141 12
142 12
144 12
146 12
147 12
149 13
151 13
153 13
154 13
156 13
158 13
160 13
161 13
163 13
165 13
167 14
170 14
172 12
173 13
175 13
177 13
178 13
180 13
181 12
183 12
185 11
186 12
188 11
190 10
192 11
194 10
195 9
197 10
199 9
200 10
202 10
204 9
205 9
208 8
210 8
211 8
214 8
215 8
217 8
219 8
220 8
222 8
223 8
225 8
228 8
229 8
231 8
232 8
234 8
236 8
238 8
240 8
241 8
242 8
244 8
246 8
247 8
250 8
252 8
252 8
254 8
257 8
258 8
260 8
262 8
264 8
266 8
267 8
269 8
271 8
272 8
274 8
276 8
277 8
279 8
281 8
283 8
284 8
286 8
289 8
291 8
292 8
293 8
295 8
297 8
300 8
301 8
302 8
304 8
306 8
307 8
309 8
311 8
313 8
315 8
316 8
317 7
319 8
321 8
