60 0
63 0
65 0
67 0
69 0
70 1
72 2
75 2
76 4
78 4
80 5
82 5
84 8
86 8
88 9
90 8
92 8
93 10
96 11
98 12
100 12
102 12
104 12
106 13
108 11
109 12
111 11
114 12
115 12
117 11
119 11
121 11
123 12
125 12
127 12
128 13
130 14
132 14
134 13
136 14
138 14
140 14
142 14
143 14
145 14
147 14
149 14
151 14
153 14
155 14
157 14
159 14
160 13
163 12
165 12
167 13
169 13
170 12
173 12
174 12
176 12
178 12
180 12
182 12
183 12
185 11
187 11
189 11
192 11
193 11
195 11
198 11
199 11
201 11
203 11
205 10
207 10
209 10
211 10
213 10
215 10
216 10
219 10
220 10
222 10
224 10
226 10
228 10
230 10
232 10
234 10
236 10
238 10
240 10
242 10
243 10
245 10
247 10
249 10
251 10
253 10
255 10
257 10
259 10
261 10
264 10
265 10
267 10
269 10
271 10
273 10
275 10
276 10
279 10
280 10
283 10
284 10
286 10
288 10
290 10
292 10
294 10
295 10
297 10
300 10
302 10
303 10
305 10
307 10
309 10
311 10
313 10
315 10
317 10
318 10
321 10
323 10
