30 0
33 0
34 0
36 0
38 1
40 1
42 1
43 3
45 3
47 3
49 3
50 3
52 4
54 4
55 4
57 3
59 4
60 4
63 4
64 4
66 4
67 4
69 4
71 4
72 4
75 4
77 4
78 4
80 4
81 5
83 5
85 5
86 6
89 7
90 7
92 7
94 7
96 7
98 7
99 6
101 6
102 6
104 6
106 7
107 6
109 6
111 6
113 7
114 7
117 6
118 6
119 6
121 6
123 6
125 6
127 6
128 6
130 6
132 6
134 6
135 6
138 6
139 6
140 6
142 6
144 6
146 6
147 6
149 6
151 7
153 7
154 7
156 7
158 7
160 7
162 7
163 7
165 7
167 7
169 7
171 7
172 7
173 7
176 7
177 7
179 7
181 7
183 7
184 7
186 7
187 7
189 7
191 7
193 7
194 7
196 7
198 7
200 7
202 7
203 7
205 7
207 7
208 7
210 7
212 7
213 7
215 7
217 7
219 7
221 7
222 7
225 7
226 7
228 7
230 7
232 7
234 7
235 7
237 7
239 7
241 7
242 7
243 7
245 7
247 7
250 7
251 7
253 7
255 7
256 7
258 7
260 7
263 7
264 7
265 7
267 7
269 7
271 7
273 7
274 7
276 7
278 7
279 7
281 7
282 7
285 7
286 7
288 7
289 7
291 7
293 7
294 7
296 7
298 7
300 7
301 7
303 7
305 7
306 7
308 7
310 7
312 7
314 7
315 7
317 7
319 7
321 6
322 7
