50 0
53 0
55 0
56 0
58 0
60 1
62 2
64 2
65 5
67 7
69 10
71 9
73 9
74 9
76 9
78 8
79 9
81 9
82 10
85 9
88 9
89 9
90 9
93 9
94 9
96 9
98 9
99 10
100 11
103 11
105 11
107 11
109 10
111 10
112 11
113 11
115 10
117 10
120 10
122 10
123 10
125 10
126 10
129 10
130 10
132 10
134 10
136 9
138 10
139 10
141 10
143 10
144 10
146 10
148 10
150 10
152 10
153 10
155 10
157 10
159 10
160 10
162 10
164 10
166 10
167 10
170 10
171 10
173 10
175 10
177 10
179 10
180 10
182 10
184 10
186 10
188 11
190 10
191 10
193 10
195 9
197 9
199 9
201 9
203 9
205 9
207 9
208 9
210 10
212 9
214 9
217 9
219 9
221 9
222 9
224 9
226 9
227 9
229 9
231 10
233 10
236 9
237 9
239 9
241 9
242 9
244 9
246 9
248 8
250 8
252 8
254 8
256 8
258 8
259 8
262 8
264 8
266 8
267 8
269 8
271 8
273 8
274 8
276 8
278 8
280 8
282 8
284 8
286 8
288 8
289 8
291 8
292 8
294 8
296 8
298 8
300 8
301 8
303 8
305 8
307 8
309 8
311 8
314 8
315 8
317 8
319 8
320 8
322 8
