80 0
83 0
85 0
86 0
88 0
90 1
91 1
93 2
95 1
97 2
99 2
101 4
103 5
104 7
106 8
108 8
110 7
112 9
113 9
115 12
117 13
119 13
122 13
123 13
125 15
126 16
128 14
131 16
132 17
134 16
135 17
137 17
139 17
141 16
143 16
144 16
146 14
147 14
149 14
152 14
154 13
155 14
158 12
159 12
161 12
163 11
166 11
168 10
169 10
171 8
172 10
174 8
176 9
177 9
179 9
181 9
183 9
184 9
186 9
188 9
189 10
191 10
192 11
195 12
196 11
199 11
200 11
202 11
204 12
206 11
207 12
209 12
211 12
213 12
215 12
217 11
218 10
220 10
222 11
224 10
225 11
227 11
229 11
231 11
233 10
234 10
236 10
237 10
240 10
242 10
243 10
245 10
247 11
248 11
250 11
252 11
254 11
255 10
257 10
258 11
261 11
262 10
264 10
266 10
268 10
270 10
272 10
274 10
276 10
278 10
280 10
282 10
284 10
285 10
287 10
289 10
290 10
293 10
294 10
295 10
298 10
299 10
300 10
302 10
304 10
306 10
308 10
310 10
311 10
314 10
315 10
317 10
319 10
321 10
