70 0
73 0
75 0
76 0
78 0
80 0
82 1
83 2
84 2
86 4
88 7
90 6
92 8
93 8
95 8
97 6
98 8
100 9
101 9
103 10
105 10
107 9
108 9
111 9
112 10
114 11
116 11
118 11
119 12
121 12
122 12
125 11
126 12
128 12
129 12
132 11
133 11
134 12
135 11
138 11
140 11
142 11
143 12
144 10
146 10
148 11
150 11
151 12
153 12
155 11
157 12
158 12
160 11
161 11
163 10
164 11
166 11
168 10
170 10
172 10
174 11
175 11
177 11
179 11
181 11
183 11
184 11
186 11
187 11
189 11
191 10
193 11
195 11
197 11
198 11
200 10
202 11
203 11
205 11
206 11
209 10
210 10
212 10
214 10
216 11
217 11
219 10
220 11
222 11
224 10
226 10
228 10
229 10
231 10
232 11
234 11
235 11
237 11
239 11
242 11
243 11
245 11
246 11
247 11
250 11
251 11
253 11
255 11
256 11
258 11
260 11
262 11
264 11
265 11
267 11
268 11
270 11
272 11
274 11
275 11
277 11
278 11
280 11
281 11
283 10
285 10
287 10
289 10
290 10
292 10
293 10
295 10
297 10
299 10
301 10
302 10
304 10
306 10
308 10
310 10
311 10
312 10
314 10
316 10
317 10
319 10
321 10
