80 0
83 0
84 0
87 0
88 1
90 1
92 2
93 2
94 2
97 4
99 4
100 3
102 6
103 7
106 9
107 8
109 9
110 13
112 12
114 12
116 11
117 12
118 12
121 12
123 12
124 11
126 11
128 11
129 12
131 13
132 13
134 13
135 13
137 13
139 13
140 13
142 13
145 13
146 12
148 13
150 13
151 12
153 12
155 12
157 12
158 13
160 12
161 13
163 13
165 13
166 12
168 12
170 12
171 13
173 13
176 13
177 13
179 13
181 13
182 13
184 13
186 13
187 13
189 13
190 13
192 13
194 13
196 13
197 13
199 13
200 13
202 13
204 13
206 13
207 13
209 13
211 13
213 13
214 13
216 12
217 11
219 11
221 11
223 11
224 10
227 10
228 10
230 10
232 10
233 10
235 10
236 10
238 10
240 10
242 9
243 9
244 9
246 9
248 9
250 9
251 9
254 9
255 9
256 9
258 9
260 9
262 9
263 9
266 9
266 9
268 10
271 9
272 9
274 9
275 9
277 9
278 9
280 9
282 9
283 9
285 9
286 9
288 9
290 9
291 9
293 9
295 9
297 9
298 9
300 9
302 9
304 9
305 9
307 9
309 9
310 9
313 9
316 9
318 9
319 9
321 9
323 9
