40 0
43 0
43 0
45 0
47 0
49 2
50 1
51 6
53 7
54 5
56 7
57 6
59 6
61 7
62 8
63 7
65 7
66 7
68 8
69 8
71 9
72 10
74 10
76 10
78 10
78 9
80 9
81 9
82 9
84 9
86 9
87 9
88 9
90 8
92 8
93 8
94 8
95 8
97 8
98 8
100 8
101 7
103 8
104 8
106 7
107 6
108 7
110 7
112 6
113 6
114 6
116 7
117 7
119 7
120 7
122 7
123 7
124 7
125 7
127 6
128 6
129 6
131 6
132 6
134 6
135 6
137 6
139 6
140 6
142 6
143 6
145 6
146 6
148 6
149 6
150 6
153 6
154 6
156 6
157 6
158 6
159 6
161 6
162 6
163 6
165 6
166 6
169 6
170 6
171 6
173 6
175 6
176 5
177 5
178 5
181 6
182 6
183 6
184 6
186 6
187 6
188 6
189 6
192 5
192 5
194 6
196 6
197 6
199 6
200 6
201 6
202 6
204 6
206 6
207 6
209 6
210 6
211 6
212 6
214 6
215 6
216 6
219 5
220 5
221 5
223 5
225 6
226 6
227 5
230 5
230 5
232 5
233 5
235 6
236 5
238 5
238 5
241 5
241 5
243 6
244 5
245 6
247 5
249 6
250 5
252 5
253 6
254 6
255 6
258 5
259 6
260 6
262 6
263 6
264 6
265 6
267 6
269 6
270 6
272 6
272 6
275 6
276 6
277 6
279 6
280 6
281 6
283 6
284 6
286 6
287 6
288 6
291 6
292 6
293 6
295 6
296 6
297 6
299 6
301 6
302 6
303 6
305 6
306 6
308 6
310 6
312 6
312 6
314 6
316 6
317 6
319 6
320 6
321 6
323 6
