50 0
53 0
55 0
56 0
58 0
60 0
61 2
63 1
65 2
66 4
69 6
70 6
72 8
74 9
76 8
77 9
80 9
82 8
83 8
85 8
87 9
88 9
90 9
92 9
93 9
96 9
98 9
99 8
101 8
103 8
105 8
107 8
108 8
110 8
111 9
114 8
115 8
117 7
119 7
121 7
123 7
124 7
126 7
128 8
130 8
132 8
133 9
136 9
138 8
140 9
141 9
142 9
144 10
146 9
148 10
150 10
152 10
153 10
155 10
156 10
158 10
160 10
162 10
163 11
165 9
167 10
169 9
171 10
173 9
174 9
176 9
178 9
180 9
182 9
184 9
186 10
187 10
190 9
192 9
194 9
195 9
197 9
199 9
201 9
202 9
204 9
205 10
207 9
209 9
211 9
213 9
214 9
217 9
219 9
220 9
222 10
224 9
225 9
227 9
228 9
230 9
233 9
235 9
236 9
239 8
241 9
242 8
243 8
245 8
247 8
249 8
250 8
252 8
254 8
256 8
257 8
259 9
260 9
262 8
264 9
265 8
267 8
269 8
271 8
273 8
274 8
276 8
278 9
280 9
283 9
285 9
286 9
288 9
289 9
291 9
292 9
295 9
296 9
297 9
299 9
301 9
303 9
304 9
306 9
308 9
309 9
311 9
313 9
315 9
317 9
319 9
320 9
322 9
