30 0
33 0
35 0
36 0
39 0
41 0
43 0
45 0
47 1
49 1
51 1
53 1
56 1
57 2
59 5
61 3
63 4
65 4
66 4
68 4
70 6
72 5
74 4
76 7
78 7
79 8
82 8
84 8
86 8
88 7
89 7
91 9
93 8
95 8
97 8
99 8
101 8
103 8
104 8
107 8
109 7
111 7
112 7
114 7
116 7
119 7
120 7
122 9
125 10
126 8
128 9
130 9
132 9
134 9
136 9
138 10
139 9
141 9
143 10
145 11
147 10
149 11
151 11
154 11
155 10
157 10
159 10
160 11
162 11
164 10
166 11
168 10
170 11
173 11
174 11
176 11
178 10
180 10
181 10
183 10
185 10
187 9
189 9
190 9
193 9
194 9
196 9
198 10
200 10
202 10
204 10
205 10
207 10
209 9
211 9
213 9
215 10
217 10
219 10
221 10
223 10
225 10
226 10
228 10
231 10
232 10
234 10
236 10
239 10
240 10
242 10
244 10
245 10
248 10
249 9
252 10
254 9
256 9
259 9
260 9
263 9
264 9
266 9
268 9
270 8
272 9
274 8
275 8
277 8
280 8
282 8
284 8
286 8
288 8
289 8
291 8
293 9
295 9
296 8
298 8
300 9
302 8
304 8
306 8
308 8
310 8
312 8
314 8
316 8
318 7
320 8
322 8
