90 0
92 0
95 0
96 0
98 2
100 2
102 2
103 2
105 2
108 5
108 5
110 6
112 4
114 7
115 6
117 7
119 7
120 8
122 8
124 9
126 10
128 10
129 10
131 9
133 9
134 9
136 9
138 9
140 9
141 9
143 9
145 9
146 9
148 10
150 9
151 9
153 9
155 10
156 9
158 9
160 9
162 11
164 11
166 9
167 10
169 10
171 10
173 10
175 10
176 9
179 8
180 9
182 8
184 9
185 8
187 8
189 8
190 8
192 8
194 8
196 8
197 8
199 8
201 8
203 9
205 9
206 9
208 9
209 9
211 9
213 9
214 9
216 9
218 9
219 9
221 9
223 9
224 9
226 9
228 9
229 9
232 9
233 9
235 9
237 9
239 9
240 9
242 9
244 9
246 9
248 9
249 9
251 8
253 8
255 8
256 7
258 8
260 8
261 7
263 8
265 8
267 8
268 8
270 8
272 8
274 8
276 8
278 8
279 8
281 8
282 8
284 8
286 8
287 8
289 8
291 8
293 8
295 8
296 8
298 8
300 8
302 8
304 8
306 8
307 8
309 8
311 8
313 8
315 8
317 8
319 8
320 8
322 8
