40 0
42 0
44 0
45 0
48 1
49 4
50 2
52 2
53 3
55 4
56 6
57 8
59 9
60 10
62 9
63 9
65 9
67 10
68 9
70 9
72 9
73 9
75 10
76 10
78 9
78 9
80 10
81 9
83 8
85 9
86 9
88 9
89 9
90 9
92 9
93 9
94 9
96 9
97 9
98 9
99 9
101 9
102 9
104 9
106 9
107 9
108 9
110 9
111 9
113 9
114 9
115 8
117 8
118 8
120 8
121 8
122 8
124 8
125 8
126 8
128 8
130 8
131 8
133 8
134 8
136 8
137 8
138 8
140 8
142 8
143 8
145 8
146 8
148 8
149 8
150 8
152 8
154 8
155 8
157 8
159 8
160 8
161 8
162 8
164 8
165 7
167 7
169 7
170 7
172 7
173 7
174 8
175 7
177 8
178 8
180 8
181 7
183 8
184 8
186 8
187 8
189 8
191 8
193 8
195 8
196 8
197 8
199 8
199 8
201 8
203 8
204 8
205 8
207 8
208 8
209 8
211 8
212 8
213 8
215 8
216 8
218 8
219 8
220 8
222 8
224 8
226 8
227 8
229 8
230 8
232 8
233 8
235 8
237 8
238 8
240 8
241 8
243 8
245 8
247 8
247 8
248 8
250 8
251 8
252 8
254 8
256 8
257 8
258 8
259 8
261 8
262 8
263 8
264 8
267 8
267 8
269 8
270 8
271 8
273 8
274 8
275 8
277 8
279 8
281 8
283 8
286 8
287 8
289 8
290 8
291 8
292 8
294 8
295 8
297 8
299 8
301 8
303 8
303 8
305 8
306 8
307 8
309 8
310 8
312 8
313 8
315 8
316 8
318 8
319 8
320 8
321 8
