40 0
42 0
45 0
46 0
48 0
50 0
51 1
54 2
55 2
57 4
58 6
60 6
62 5
63 6
65 5
68 6
70 7
71 6
74 6
75 6
77 6
79 7
81 6
83 7
85 7
86 7
88 7
89 6
91 6
92 5
94 8
96 8
98 9
99 9
101 8
103 8
105 8
106 8
108 8
110 8
113 8
113 8
115 8
117 8
119 8
120 8
122 8
124 8
126 8
128 8
129 8
132 8
133 8
135 8
136 8
138 8
140 8
141 8
144 7
145 7
147 7
148 7
150 8
152 8
153 8
154 8
156 8
158 8
160 8
161 7
163 7
165 7
166 7
168 7
169 7
171 7
173 7
175 7
177 7
179 7
180 7
182 7
184 7
185 7
187 7
189 7
191 7
192 7
194 7
196 7
197 7
199 7
202 7
203 7
204 7
206 7
208 7
209 7
211 6
213 7
214 7
217 7
219 7
220 7
223 7
224 7
225 7
227 7
229 7
231 7
232 7
234 7
236 7
237 7
239 7
241 7
242 7
245 7
247 7
248 7
250 7
251 7
253 7
255 7
256 7
258 7
259 7
261 7
264 7
266 7
267 7
269 7
270 7
272 7
274 7
276 7
278 7
280 7
281 7
283 7
285 6
287 6
288 6
290 6
292 6
293 6
296 6
297 6
300 6
301 6
304 6
306 6
308 6
309 6
311 6
312 6
313 6
315 6
317 6
318 6
320 6
