70 0
73 0
74 0
76 0
78 0
80 1
83 1
85 3
86 2
88 3
89 4
91 6
93 8
95 7
97 10
98 9
100 8
102 9
104 8
106 11
107 11
109 11
111 11
112 11
114 10
116 11
117 11
119 12
121 11
123 10
125 11
127 11
129 11
131 12
133 12
134 11
136 12
138 11
139 12
141 13
143 13
144 12
147 11
148 10
151 11
152 11
154 11
156 12
158 11
159 10
162 11
163 11
166 10
167 10
169 11
170 11
173 11
175 11
176 11
178 11
180 11
182 11
184 10
186 10
188 10
190 10
191 10
193 10
195 10
197 11
199 10
200 12
202 12
203 12
205 12
208 11
209 11
212 12
213 12
215 12
217 12
218 12
220 12
222 12
224 12
225 12
227 12
229 12
231 12
232 11
234 12
236 12
237 12
239 12
240 12
242 12
244 11
245 11
248 11
249 11
251 11
252 11
254 11
256 11
258 11
260 11
262 11
263 11
265 11
267 11
269 11
271 11
273 11
274 11
276 11
278 11
280 11
282 11
283 11
286 11
287 11
289 11
290 11
292 11
294 11
296 11
297 11
299 11
301 11
302 11
304 11
306 11
308 11
310 11
311 11
314 11
315 11
317 11
318 11
320 11
322 11
