60 0
63 0
65 0
67 1
68 3
69 4
70 5
72 5
73 5
75 5
77 7
78 7
79 7
80 7
82 9
83 10
85 11
86 11
88 9
90 10
91 9
93 11
94 10
96 10
97 9
99 9
100 7
102 9
103 8
104 8
105 8
107 8
109 8
109 8
111 8
113 8
114 8
115 8
117 8
119 9
120 8
122 7
123 7
125 7
126 7
128 7
129 7
131 7
133 7
134 7
135 7
136 7
138 7
139 7
141 7
143 7
144 7
145 7
146 6
148 6
150 6
152 6
153 6
154 6
156 6
158 5
159 6
160 6
162 6
163 5
165 6
166 6
167 5
169 6
170 6
171 6
173 5
174 5
176 5
177 5
179 5
180 5
182 5
183 5
185 6
186 6
187 6
189 6
190 6
192 6
193 6
195 6
197 6
198 6
200 6
201 6
203 6
205 6
207 6
208 6
209 5
211 5
213 5
214 5
215 5
216 5
218 5
220 5
221 5
223 5
224 5
225 5
227 5
228 5
229 5
230 5
232 6
233 6
234 6
237 6
238 6
240 6
241 6
243 6
245 6
246 6
248 6
250 6
252 5
254 5
255 5
257 5
257 5
259 5
260 5
262 5
264 5
265 5
266 4
268 4
269 5
270 5
272 5
273 5
274 4
276 4
277 4
278 4
280 4
282 4
284 4
285 4
287 4
289 4
290 4
292 4
293 4
294 4
295 4
296 4
298 4
299 4
301 4
302 4
303 4
306 4
307 4
309 4
310 4
311 4
313 4
314 4
316 4
317 4
319 4
320 4
321 4
