90 0
93 0
94 0
96 1
98 1
100 1
102 2
104 3
106 2
107 3
109 4
111 5
112 6
113 8
116 9
118 9
120 9
121 10
123 9
125 10
126 10
128 10
130 10
132 10
134 10
136 10
137 10
139 11
140 12
143 12
145 12
146 12
148 12
150 11
151 12
153 12
155 12
157 12
159 10
161 11
162 10
164 10
166 12
167 11
169 10
170 10
172 9
174 10
176 10
177 10
180 10
181 9
183 9
185 9
187 9
188 9
190 10
192 10
194 9
195 9
198 9
199 10
201 11
202 9
205 9
207 9
209 9
210 10
212 9
214 10
216 10
219 11
220 11
222 11
223 11
225 11
226 10
228 10
229 11
231 9
233 11
235 10
236 10
238 10
239 9
241 10
243 10
245 10
246 9
248 10
250 9
252 9
253 11
255 10
257 10
258 9
260 10
262 10
264 9
265 10
267 10
269 10
270 10
271 10
274 10
275 10
277 10
279 10
281 10
282 10
284 10
286 10
287 10
289 10
291 10
292 10
294 10
296 10
298 10
300 10
302 10
303 10
305 10
307 10
308 10
310 10
311 10
313 10
315 10
317 10
318 10
320 10
322 10
