50 0
53 0
55 0
56 0
59 0
61 1
62 1
65 2
67 1
69 2
71 2
73 2
74 1
76 5
78 5
80 5
82 7
84 8
86 7
88 6
91 6
92 5
94 7
96 8
98 8
100 8
102 8
103 8
106 8
107 8
110 8
112 7
113 9
116 9
118 8
119 7
122 8
124 9
126 10
128 10
130 11
131 11
133 11
135 11
137 11
139 10
142 10
143 11
145 12
147 11
148 11
150 11
153 10
155 11
156 11
158 11
159 11
162 11
163 11
165 11
167 11
169 10
171 9
173 8
175 9
177 9
178 9
180 10
183 10
184 10
186 10
189 10
190 10
192 10
194 10
195 10
197 9
199 10
201 11
203 10
205 9
207 10
209 10
211 10
212 10
215 10
217 10
219 10
220 10
223 10
224 10
227 10
228 10
230 10
232 10
234 10
236 10
237 10
239 10
241 10
243 10
245 11
247 11
249 11
251 11
252 11
254 11
256 11
258 11
260 11
262 11
265 11
267 11
268 11
270 11
273 11
275 11
277 11
279 11
280 11
283 11
285 11
287 11
288 11
291 11
293 11
295 11
297 11
299 11
300 11
302 11
305 11
306 11
308 11
310 11
312 11
313 11
316 11
317 11
319 11
321 11
