30 0
32 0
34 0
36 0
38 0
40 0
42 0
44 0
46 0
47 2
49 2
52 2
54 1
56 3
58 2
59 3
61 4
63 5
65 7
67 6
69 7
71 7
72 7
75 6
77 6
78 8
81 7
83 7
85 8
86 9
88 8
90 8
92 9
94 9
96 9
97 9
99 9
101 9
103 10
104 10
106 10
108 10
111 10
113 9
115 8
117 9
118 9
120 8
122 8
124 9
126 9
128 9
129 9
131 8
134 9
135 8
137 8
140 8
141 8
144 8
146 7
148 7
149 7
151 7
153 7
155 7
157 7
159 7
161 7
162 7
164 7
166 7
168 7
171 7
172 7
176 7
177 7
179 7
181 7
183 7
184 6
186 6
188 7
190 8
192 7
193 8
196 8
198 8
199 7
201 7
203 7
205 7
207 7
209 7
211 7
213 7
215 7
217 7
219 6
220 6
223 7
225 7
227 6
229 6
230 7
232 6
234 7
236 6
238 6
239 6
241 6
244 7
245 6
247 6
249 6
251 6
254 7
255 7
257 6
260 6
262 6
263 6
265 6
267 7
269 7
270 7
272 7
274 6
276 6
278 7
281 7
282 7
284 7
287 6
289 7
291 6
293 7
295 7
297 7
298 6
301 6
303 6
305 7
306 7
308 7
310 7
312 7
315 7
316 7
318 7
320 7
