50 0
53 0
55 0
57 0
58 2
60 2
62 4
63 5
65 5
67 5
69 7
71 7
72 7
74 7
76 7
77 8
79 7
81 7
83 8
85 8
87 8
88 7
90 9
92 8
93 8
95 8
98 8
99 9
100 8
102 8
104 8
106 8
107 8
109 8
111 8
112 8
114 9
115 8
117 8
120 8
121 8
123 8
125 8
126 9
128 9
130 9
131 9
133 9
135 9
136 9
138 8
140 9
142 9
143 8
145 8
147 8
148 8
151 8
152 8
154 8
156 8
158 8
160 8
162 8
163 8
165 8
167 8
168 8
170 8
171 8
173 8
175 8
177 8
179 8
180 8
182 8
185 8
186 8
188 8
190 8
191 8
193 8
195 8
197 8
198 8
200 8
202 8
203 8
205 8
207 8
209 8
211 7
213 8
215 8
217 8
219 7
221 7
222 8
224 7
226 7
228 7
229 7
231 8
233 7
235 8
237 8
239 8
240 8
242 8
243 8
246 7
247 7
248 7
250 7
252 7
253 7
256 7
258 7
259 7
262 7
263 7
265 7
267 7
268 7
270 7
271 7
273 7
275 7
276 7
278 7
280 7
281 7
283 7
285 7
286 7
288 7
290 7
292 7
294 7
295 7
297 7
298 7
300 7
302 7
303 7
305 7
307 7
308 7
310 7
312 7
313 7
315 7
317 7
319 7
320 7
322 7
