60 0
63 0
65 0
68 0
70 0
71 0
73 0
75 1
77 2
79 3
81 4
83 5
85 6
87 7
88 8
91 10
93 11
94 12
97 13
99 13
101 11
103 13
104 13
106 13
108 13
110 13
112 13
114 13
116 13
117 12
119 12
121 11
123 11
125 11
127 10
129 10
131 10
132 10
134 10
137 10
139 10
141 10
143 10
145 10
147 10
148 10
150 10
152 10
154 9
156 9
157 10
160 10
162 10
164 11
167 11
169 11
171 11
173 11
175 11
177 11
179 11
181 11
183 11
185 11
187 11
188 11
190 11
192 11
194 11
196 11
199 11
200 11
202 11
204 11
206 11
207 11
209 11
211 11
213 11
215 11
217 11
218 11
221 11
222 11
224 11
226 11
228 11
230 11
232 11
233 11
235 11
237 11
239 11
241 11
243 12
244 11
246 11
249 11
250 12
253 12
254 11
256 11
259 11
261 11
263 11
265 11
267 11
269 11
271 11
273 11
275 11
276 11
278 11
280 11
282 10
284 10
285 10
287 10
289 10
291 10
293 10
295 10
296 10
298 10
300 10
303 10
305 10
306 10
308 10
311 10
312 10
314 10
316 10
318 10
320 10
