40 0
43 0
45 0
48 1
49 0
51 0
52 1
54 1
56 2
57 4
59 4
60 5
62 5
64 5
66 5
67 6
69 5
70 5
73 6
74 6
76 7
78 6
79 6
81 7
83 6
85 6
86 7
88 6
90 6
93 6
94 6
96 6
97 6
99 8
101 8
103 9
104 10
106 9
108 9
109 9
111 9
113 9
115 9
116 9
118 9
120 8
122 7
123 7
125 7
127 7
129 7
131 6
133 6
134 7
136 8
138 7
139 7
141 7
143 7
145 7
147 6
149 6
151 6
152 6
154 5
155 5
157 5
158 6
160 6
162 6
164 6
166 6
167 6
169 6
171 6
172 5
174 6
176 5
178 5
179 6
181 5
183 5
185 5
186 5
188 5
189 5
191 5
194 6
195 6
196 5
198 5
200 5
202 5
203 5
205 5
208 6
209 5
210 5
212 5
214 5
215 5
217 5
219 5
221 5
223 5
224 5
226 5
228 5
230 5
231 5
233 5
235 5
237 5
239 5
240 5
242 5
244 5
245 5
247 5
249 5
250 5
252 5
254 5
256 5
258 5
260 5
261 5
263 5
265 5
267 5
269 5
270 5
272 5
274 5
276 5
278 5
279 5
282 5
283 5
284 5
286 5
288 5
290 5
291 5
293 5
295 5
296 5
298 5
300 5
302 5
304 5
305 5
307 5
309 5
311 5
312 5
314 5
316 5
319 5
319 5
321 5
