60 0
63 0
64 0
66 0
68 1
70 3
72 2
74 3
76 4
78 6
80 6
82 7
83 5
85 7
88 7
89 8
91 10
92 9
94 10
96 10
98 9
99 9
101 9
103 9
104 9
107 9
109 9
110 9
111 9
114 9
115 9
117 9
119 9
120 9
122 9
124 9
126 9
128 9
130 9
132 9
133 9
135 9
138 9
139 10
141 9
143 10
145 10
147 10
148 10
150 10
152 10
153 10
155 10
156 10
158 10
160 10
162 11
164 10
166 10
167 11
170 10
171 10
173 10
175 10
177 10
179 10
180 10
182 10
184 10
185 10
188 10
189 10
191 10
193 10
195 10
197 10
198 10
200 10
202 10
204 10
205 11
207 11
209 10
211 10
213 10
214 10
216 10
218 10
220 10
221 10
223 10
225 10
227 10
229 10
230 10
232 9
234 9
236 9
238 9
240 9
241 9
243 9
246 9
247 9
249 9
251 9
253 9
254 9
256 8
258 8
261 8
262 8
264 9
266 8
268 8
269 8
271 8
273 8
275 8
279 8
280 8
282 8
283 8
285 8
288 8
291 8
292 8
293 8
296 8
297 8
299 8
300 8
302 8
303 8
305 8
307 8
308 8
310 8
312 8
314 8
316 8
317 8
319 8
321 8
