40 0
42 0
44 0
46 0
48 1
49 1
52 3
53 1
55 2
56 2
58 3
60 4
61 5
63 6
64 7
66 7
68 8
70 8
72 8
73 8
75 8
76 8
78 8
80 8
81 9
83 8
84 8
86 8
88 9
89 7
91 7
93 8
94 7
97 7
99 7
100 7
102 8
103 9
105 9
107 9
109 9
111 9
112 9
114 9
116 9
118 9
119 9
121 9
123 9
124 9
126 9
127 9
130 9
131 9
133 9
135 9
136 9
137 8
139 8
141 8
143 8
145 8
148 8
149 8
151 8
153 8
155 8
156 8
157 8
159 8
161 8
162 8
163 8
165 8
167 8
169 8
170 8
172 8
173 8
175 8
176 8
178 8
180 8
182 8
183 8
185 8
187 8
189 8
190 8
192 8
193 8
195 8
197 8
198 8
200 8
202 8
204 8
205 8
207 7
208 7
211 7
212 8
214 7
215 7
217 8
218 8
221 8
222 8
224 8
226 8
228 8
230 8
232 8
233 8
235 8
236 8
238 8
240 8
241 8
242 8
244 8
246 8
249 8
250 8
252 8
253 8
254 8
256 8
257 8
260 8
262 8
264 8
265 8
267 8
269 8
271 8
272 8
274 8
276 8
277 8
279 8
281 8
283 8
286 8
286 8
288 8
289 8
291 8
293 8
294 8
296 8
297 8
299 8
301 8
303 8
304 8
306 8
308 8
309 8
311 8
312 8
314 8
316 8
317 8
319 8
321 8
322 8
