80 0
83 0
85 0
86 0
88 0
90 2
92 4
93 5
95 6
96 7
99 9
100 10
102 12
104 13
106 12
107 13
109 14
111 14
113 15
114 16
116 15
118 13
119 13
121 14
123 14
125 14
127 14
128 14
131 14
132 14
134 14
135 14
137 14
139 15
141 15
143 14
145 14
146 14
148 14
150 14
152 14
153 14
155 14
157 14
158 14
159 14
161 14
163 14
165 14
167 14
169 14
171 14
172 13
173 13
175 14
178 14
180 14
182 14
184 14
187 13
189 13
190 13
192 13
194 13
196 13
197 13
200 13
201 13
203 13
204 13
206 13
208 13
210 13
212 13
213 13
215 13
217 13
218 13
219 13
221 13
224 12
225 12
227 12
228 12
230 12
233 12
234 12
236 12
237 12
239 13
241 13
242 13
245 13
247 14
248 13
251 13
252 13
253 14
255 14
258 13
259 14
261 13
263 13
264 13
265 12
267 13
269 13
271 13
272 13
274 13
276 13
277 13
279 13
282 13
283 13
284 13
286 13
288 13
290 13
292 13
293 13
295 13
297 13
299 13
301 13
302 13
304 13
306 13
308 13
309 12
311 13
314 13
315 13
317 13
319 12
320 13
