50 0
53 0
54 0
56 0
58 0
59 1
61 1
63 1
65 1
67 1
68 1
70 1
72 3
73 3
75 5
77 4
79 4
80 7
82 8
83 8
85 7
86 6
88 9
90 8
91 7
93 8
95 8
96 10
99 10
100 10
101 9
103 8
105 8
106 8
108 8
110 9
111 9
114 9
115 9
116 9
118 9
120 10
122 10
124 10
125 10
127 10
129 10
130 10
133 10
134 11
136 11
138 10
139 10
141 10
143 10
145 10
147 10
148 10
150 10
151 10
153 10
155 10
157 9
158 9
160 9
162 9
163 9
166 9
167 9
168 9
170 9
171 9
173 9
175 9
177 9
179 9
180 9
181 9
184 9
185 9
187 9
188 9
190 9
192 9
193 9
195 9
196 9
198 9
199 9
201 9
202 9
205 9
207 9
209 9
210 9
212 9
213 9
215 9
217 9
218 9
220 9
222 9
224 9
226 9
227 9
229 9
231 9
232 9
234 9
237 9
238 9
240 9
241 9
243 9
244 9
246 9
248 9
250 9
252 9
253 9
255 9
257 9
258 9
260 8
262 8
263 8
265 8
266 8
268 8
270 8
271 8
273 8
275 8
277 8
279 8
281 8
282 8
284 8
285 8
287 8
290 8
291 8
293 8
294 8
296 8
298 8
300 8
302 8
304 8
305 8
307 7
309 7
310 7
312 7
314 7
316 7
317 7
319 7
321 7
322 7
