80 0
83 0
85 0
87 0
88 0
90 2
92 4
94 2
95 3
97 5
98 5
100 7
102 9
104 7
107 6
108 7
109 8
112 8
113 9
115 9
116 9
118 8
120 9
122 9
124 9
125 10
127 10
128 10
130 10
132 9
134 10
135 9
137 10
139 9
140 8
142 8
144 7
146 9
148 9
149 9
151 7
153 7
154 9
156 9
158 9
159 8
162 8
163 8
165 8
167 8
168 7
170 8
172 8
173 8
175 8
176 9
178 9
180 9
181 9
184 8
185 9
187 8
189 8
190 9
192 9
194 8
196 8
198 8
199 10
201 9
203 9
205 9
207 10
208 9
210 9
212 9
214 9
215 9
217 9
219 10
220 9
222 10
224 9
226 10
227 10
229 10
231 10
232 10
234 10
236 9
238 9
240 10
242 10
243 9
244 11
246 10
248 9
249 10
251 11
253 11
255 11
257 11
259 10
260 10
262 10
264 11
265 11
267 11
269 11
270 11
272 11
274 11
275 11
277 11
279 11
280 11
282 11
284 11
286 11
288 11
290 11
291 10
293 10
296 10
297 10
298 9
300 9
302 9
303 9
305 9
307 10
309 9
311 9
312 9
314 9
316 9
318 9
320 9
322 9
