70 0
73 0
75 0
77 0
79 1
81 0
82 3
83 5
86 6
87 7
89 6
91 5
92 6
94 8
96 9
97 7
99 7
101 7
102 8
104 9
106 8
107 8
109 9
111 9
113 9
114 10
116 9
118 10
120 10
122 10
123 10
125 11
127 10
128 12
130 12
132 12
134 12
136 11
137 12
139 12
141 13
143 13
144 13
145 12
148 11
149 11
151 10
153 10
155 10
156 10
158 10
160 10
161 10
163 10
165 10
167 9
169 10
170 9
172 9
174 10
176 9
177 9
179 9
180 9
182 9
184 9
186 9
187 9
189 9
191 9
193 9
195 9
197 9
198 9
200 9
201 9
203 9
205 9
206 8
208 8
210 8
212 8
214 8
215 8
217 8
218 8
220 8
223 8
224 8
226 8
227 8
230 8
231 8
233 8
234 8
237 8
238 8
240 8
242 8
244 8
245 8
247 9
249 8
251 9
253 8
254 8
256 9
258 8
260 9
262 9
263 9
265 9
267 9
270 9
272 9
273 9
275 9
276 9
278 9
280 9
282 9
284 9
285 9
287 9
289 9
290 9
292 9
294 8
296 8
297 8
298 8
300 8
302 8
304 8
306 8
307 8
309 8
310 8
312 8
314 8
315 8
317 8
319 8
320 8
