90 0
93 0
94 0
96 0
98 1
100 0
101 3
104 2
105 3
107 6
108 8
110 8
112 9
114 10
117 10
118 9
120 9
121 9
123 10
125 10
127 10
128 13
130 12
132 12
134 12
135 12
137 14
138 13
140 13
142 12
143 12
146 12
147 13
148 13
150 13
152 13
154 13
155 14
157 14
159 14
161 14
163 14
165 14
166 13
168 13
171 14
173 15
174 14
176 13
178 13
180 13
181 13
183 13
185 14
187 12
189 14
190 13
192 14
193 14
195 13
197 14
199 14
201 14
203 14
204 13
206 14
207 14
210 14
211 13
213 13
215 12
217 13
217 13
220 12
221 12
223 12
225 12
226 12
227 12
230 12
231 12
232 12
234 12
236 12
238 11
240 11
241 11
243 11
245 11
247 11
248 11
250 11
253 11
254 11
255 11
257 11
259 11
261 11
262 11
264 11
266 11
267 11
270 11
271 11
272 11
274 11
275 11
277 11
279 11
281 11
283 10
284 11
285 11
287 11
289 11
290 11
292 11
294 11
296 11
297 11
299 11
301 11
302 11
304 11
306 11
308 11
309 11
311 10
313 10
314 10
316 10
319 10
320 10
323 10
