70 0
73 0
74 0
76 0
77 1
78 2
80 9
82 9
84 6
84 8
86 9
87 10
89 11
90 12
92 11
93 13
94 12
96 10
98 12
99 12
101 12
102 12
105 12
106 10
107 12
108 12
110 10
112 11
112 11
114 11
116 12
118 11
119 11
121 12
122 11
123 11
125 13
126 12
127 12
129 12
130 12
131 13
133 13
134 12
135 12
137 13
138 12
140 12
142 12
144 12
147 12
148 13
149 13
151 13
152 12
154 14
156 13
157 12
158 14
159 12
162 12
163 12
165 13
167 12
167 13
169 12
171 11
172 11
175 11
177 11
178 11
179 10
180 10
182 10
183 9
184 9
185 8
186 8
187 9
189 9
191 8
192 8
195 8
194 8
196 8
199 8
201 8
203 8
204 8
205 8
207 8
208 9
209 9
211 9
212 8
213 8
214 7
215 8
216 8
218 8
219 8
221 7
222 7
224 7
225 7
226 7
227 7
229 7
230 7
232 8
233 7
234 8
236 7
238 8
239 7
241 7
242 8
243 7
245 8
247 8
248 8
249 8
251 8
253 8
254 8
255 7
259 7
259 7
260 7
262 7
263 7
266 6
267 8
269 6
270 7
272 7
273 6
273 7
275 6
277 6
278 6
279 7
280 6
282 7
283 7
284 7
286 7
287 8
289 7
290 7
292 8
293 8
294 8
296 8
297 8
298 8
300 8
301 7
304 8
305 7
306 7
308 7
310 7
311 8
312 7
314 8
315 7
317 8
319 7
320 7
321 7
322 7
