90 0
93 0
95 0
96 1
98 2
100 2
102 3
103 3
105 6
106 9
109 10
110 11
112 10
114 12
116 13
116 15
118 13
120 13
122 12
124 13
125 13
126 13
129 13
130 11
132 12
134 12
136 12
137 12
139 12
140 11
142 11
144 11
146 12
147 11
149 11
151 11
153 11
155 11
156 11
158 11
159 12
162 11
164 11
166 10
167 11
169 9
170 9
172 9
173 9
175 9
177 9
178 10
180 10
182 9
184 10
185 9
187 9
189 10
191 9
192 9
193 9
195 9
197 9
199 9
200 9
202 9
203 10
204 9
206 9
208 9
210 10
211 10
213 10
214 10
216 9
218 10
220 10
221 9
223 9
225 9
226 10
228 10
230 10
231 10
233 9
235 10
237 9
239 9
240 9
242 9
244 9
245 9
247 9
249 9
251 9
252 9
254 9
257 9
259 9
260 9
262 9
264 9
265 9
267 9
268 9
270 9
273 9
274 9
276 9
278 9
279 9
281 9
282 9
284 9
285 9
287 9
289 9
291 9
292 9
294 9
296 9
298 9
299 9
301 9
303 9
305 9
307 9
308 9
310 9
312 9
313 9
315 9
316 9
318 9
320 9
321 9
