30 0
32 0
34 0
37 0
39 0
41 0
42 1
43 1
45 2
47 3
49 4
50 4
52 4
54 3
55 4
58 4
58 6
60 6
62 5
63 6
65 5
67 5
69 5
71 5
72 5
74 5
75 5
77 5
79 6
80 5
82 5
84 7
85 6
87 6
89 6
91 5
92 5
94 6
95 6
97 6
99 6
100 6
102 5
104 7
106 7
108 7
109 7
111 7
112 7
114 7
115 8
117 8
119 7
122 7
123 7
125 8
127 7
129 6
131 6
132 6
134 7
136 7
137 7
139 7
140 7
143 6
144 6
145 6
147 6
148 6
150 6
154 6
155 6
157 6
159 6
160 6
162 6
163 7
165 7
167 7
169 7
170 7
172 8
174 7
175 7
177 7
179 7
181 7
182 7
184 6
185 6
187 7
189 7
191 7
192 7
194 7
196 7
197 7
199 7
201 7
203 7
205 6
207 6
209 6
210 7
212 7
213 7
215 7
216 7
219 7
220 7
222 7
223 7
225 7
227 7
229 7
230 7
232 7
233 7
235 7
237 7
238 6
240 7
242 7
243 7
245 7
247 7
248 7
250 7
252 7
253 6
255 6
256 6
258 7
259 6
261 6
263 6
264 6
266 6
268 6
271 6
272 7
273 7
275 7
277 7
279 7
280 7
282 7
285 7
286 7
288 7
290 7
291 7
293 7
295 7
297 7
298 7
300 7
301 7
303 7
305 7
306 7
309 7
310 7
312 7
314 7
316 7
317 7
319 7
320 7
321 7
