30 0
33 0
34 0
36 0
38 0
40 0
42 0
43 0
45 1
47 1
48 3
50 4
52 4
54 4
55 4
57 5
59 4
61 5
62 5
64 4
65 4
67 3
69 2
71 2
73 2
74 2
76 3
77 3
79 3
81 4
82 4
84 4
87 4
88 3
89 3
91 3
93 4
95 4
96 4
98 4
100 4
102 4
104 4
106 4
108 4
109 4
111 4
112 4
115 4
117 4
117 4
119 4
121 4
122 4
124 4
125 4
127 4
129 4
130 4
132 4
134 4
135 4
137 4
138 5
140 4
141 4
143 4
145 5
146 5
148 5
149 5
151 5
153 4
155 5
157 5
158 5
160 5
162 5
163 4
165 4
167 4
168 4
170 4
172 4
173 4
176 4
177 4
178 4
180 4
182 4
184 4
185 4
187 4
188 4
190 4
192 4
193 4
195 4
197 4
199 4
201 4
203 4
204 4
206 4
208 4
209 4
211 4
213 4
215 4
216 4
218 3
219 3
221 3
223 3
224 3
226 3
228 3
229 3
231 3
233 3
235 3
237 3
238 3
240 3
241 3
243 3
244 3
246 3
248 3
250 3
252 3
254 3
255 3
258 3
259 3
261 3
262 3
264 3
266 3
268 3
269 3
270 3
272 3
274 3
277 3
278 3
280 3
282 3
284 3
285 3
288 3
289 3
290 3
291 3
293 3
295 3
296 3
298 3
300 3
301 3
303 3
305 3
307 3
309 3
311 3
312 3
314 3
315 3
317 3
319 3
321 3
