50 0
53 0
55 0
56 0
58 1
60 2
61 2
63 2
65 2
67 3
68 3
70 3
71 3
73 4
76 4
77 4
79 6
80 6
82 6
84 6
85 6
87 6
89 6
91 7
93 6
95 6
97 7
98 6
99 6
102 7
103 7
106 7
107 8
108 8
110 8
111 9
113 8
115 9
116 9
118 9
120 9
122 9
124 9
126 9
128 8
130 8
132 8
133 8
135 8
136 8
138 8
139 8
141 8
143 8
145 8
146 8
148 8
149 8
151 8
153 8
154 8
156 8
158 8
159 8
161 8
163 8
164 8
166 8
168 8
170 8
172 8
174 8
175 8
177 8
178 8
180 8
182 8
184 7
186 7
188 7
189 7
191 7
192 7
194 7
195 7
197 7
198 7
200 7
202 7
203 7
206 7
208 7
210 7
211 7
213 7
215 7
216 7
218 7
219 7
221 7
222 7
224 7
227 7
228 7
230 7
232 7
233 7
235 7
236 7
238 7
240 7
241 7
244 7
245 7
247 7
248 7
250 7
251 7
253 7
255 7
257 7
259 7
260 7
262 7
263 7
265 7
267 7
270 7
271 7
273 7
275 7
277 7
278 7
280 7
281 7
284 7
286 7
287 7
288 7
290 7
292 7
293 7
295 7
297 7
299 7
300 7
302 7
303 7
305 7
307 7
308 7
310 7
311 7
313 7
315 7
316 7
319 7
320 7
