60 0
62 0
65 0
66 1
69 2
71 3
72 3
74 3
76 4
78 6
79 7
81 8
83 8
84 9
86 9
88 9
89 10
91 9
93 9
94 10
96 10
98 10
100 10
102 11
104 11
105 12
108 11
109 11
112 10
113 11
114 10
116 10
118 10
119 8
121 9
122 9
125 10
126 10
128 9
130 10
131 10
133 10
135 10
136 9
138 9
140 9
143 9
144 9
146 10
147 9
149 9
151 10
152 10
154 9
156 10
159 10
160 9
162 10
164 9
165 9
167 9
169 9
170 9
172 9
173 9
175 9
177 9
179 9
181 9
183 9
184 9
186 9
187 9
189 9
191 9
193 9
195 9
197 9
198 10
200 10
201 9
204 9
205 9
206 9
208 9
210 9
212 9
214 9
215 9
217 9
219 9
220 9
222 9
224 8
226 8
227 8
229 8
231 8
232 8
234 8
236 8
238 8
239 8
241 8
243 8
245 8
246 8
248 8
250 8
251 8
253 8
254 8
256 8
258 8
259 8
261 8
262 8
265 8
266 8
268 8
270 8
272 8
274 8
275 8
277 8
279 8
280 8
282 8
284 9
285 8
287 9
289 8
291 8
292 8
294 8
296 8
297 8
299 8
301 8
304 8
305 8
308 8
309 8
311 8
313 8
315 8
316 8
318 8
321 8
322 8
