40 0
42 0
44 0
45 1
46 1
48 3
50 2
51 3
53 4
54 3
55 5
58 4
59 4
60 5
61 5
63 6
64 7
66 7
68 7
69 7
70 7
72 8
75 10
76 9
78 9
78 9
80 9
81 9
83 9
84 9
85 9
87 9
88 9
90 9
92 9
93 9
95 9
96 9
99 9
100 9
101 10
103 10
104 10
105 10
107 10
109 10
110 10
112 10
114 10
115 10
117 10
119 10
119 10
121 10
122 10
124 10
125 10
127 9
128 9
130 9
132 9
133 9
135 9
136 9
137 9
138 9
140 9
140 9
142 9
144 10
145 9
147 9
148 9
150 9
152 9
154 9
155 9
156 10
157 9
159 9
161 9
162 9
163 9
165 9
166 10
168 9
169 9
171 9
172 9
174 9
175 9
177 9
179 9
180 9
181 8
183 8
184 8
186 8
187 8
188 8
190 8
191 8
193 8
194 8
196 8
197 8
198 8
200 8
201 8
203 8
204 8
206 8
208 8
209 8
211 8
213 8
214 8
215 8
217 8
218 8
221 8
222 8
223 8
225 8
226 8
227 8
229 8
230 8
231 8
233 8
234 8
236 8
237 8
238 8
240 8
241 8
243 8
244 8
245 8
246 8
248 8
249 8
251 8
252 8
254 8
255 8
257 8
258 8
261 8
261 8
263 8
264 8
266 8
268 8
269 8
271 8
272 8
273 8
275 8
277 8
278 8
280 8
281 8
282 8
285 8
286 8
286 8
288 8
289 8
290 8
292 8
294 8
295 8
296 8
298 8
299 8
301 8
302 8
304 8
306 8
307 8
309 8
310 8
311 8
312 8
314 8
316 8
317 8
318 8
320 8
321 8
