90 0
93 0
94 0
96 0
98 0
100 3
102 3
104 3
106 3
107 7
109 6
111 9
113 9
114 10
117 10
119 10
121 9
122 11
124 10
126 12
127 11
130 12
132 11
133 11
135 12
137 11
138 15
140 13
142 14
143 14
145 13
147 13
150 12
151 14
153 14
154 14
156 13
158 11
159 13
161 11
163 11
165 12
166 11
168 11
169 11
171 11
174 12
175 11
177 13
179 13
181 12
182 13
184 13
186 13
188 13
189 13
191 13
193 12
194 12
196 12
198 12
199 12
201 12
203 11
204 12
206 12
207 12
210 11
211 11
213 12
214 11
216 12
218 12
219 12
221 12
223 12
225 12
226 12
228 12
230 12
232 12
234 13
235 13
237 13
239 13
241 12
242 13
244 12
246 12
248 12
249 12
252 12
253 12
255 12
256 12
258 12
261 12
262 12
263 13
265 12
266 12
268 12
270 12
272 12
274 12
276 12
277 12
279 12
281 12
283 12
284 12
285 12
287 12
290 12
291 12
293 12
295 12
296 12
298 12
300 12
302 12
304 12
306 12
307 12
309 12
311 12
312 12
314 12
316 12
318 12
320 12
321 12
