40 0
42 0
44 0
46 0
48 0
50 0
52 0
54 0
56 1
58 2
59 3
61 2
63 4
65 3
66 3
68 4
69 3
71 6
73 7
75 7
77 7
78 9
81 9
83 9
85 8
86 10
88 10
90 11
92 11
93 11
95 10
97 11
99 11
101 11
102 11
104 11
105 11
107 11
109 10
111 10
113 10
114 10
116 10
118 10
119 10
121 10
123 10
125 10
126 9
128 9
130 9
132 9
134 9
135 9
137 9
139 9
140 9
143 9
144 9
146 9
148 9
150 9
151 9
153 9
154 9
157 9
158 9
160 9
163 9
164 9
166 9
168 9
169 9
171 9
173 9
175 9
177 9
179 9
181 9
183 9
185 9
186 9
188 9
190 9
192 9
194 9
196 9
198 9
200 9
201 9
203 9
204 9
206 9
208 9
210 9
212 9
213 9
216 9
217 9
220 9
221 9
223 9
225 9
227 9
228 9
230 9
232 9
234 9
235 9
237 9
239 9
241 9
242 9
244 9
246 9
248 9
250 9
252 9
253 9
255 9
257 9
259 9
260 9
263 9
264 9
266 9
267 9
269 9
271 9
273 9
274 9
277 9
278 9
280 9
281 9
283 9
285 9
287 9
288 9
291 9
292 9
294 9
296 9
298 9
300 9
302 9
303 9
305 9
307 9
308 9
310 9
312 9
314 9
315 9
317 9
319 9
320 9
