60 0
63 0
65 0
66 0
68 1
69 1
71 2
73 2
75 2
77 2
78 3
80 3
82 4
84 5
85 4
87 4
88 5
90 6
91 6
93 6
95 7
96 6
98 7
100 7
101 7
103 7
105 8
106 9
109 9
110 9
112 9
114 9
116 10
117 11
119 10
121 10
122 10
123 11
125 11
127 11
129 10
130 11
132 10
133 11
135 11
137 10
139 10
141 9
143 10
144 10
145 10
147 10
149 10
152 10
153 10
154 10
156 10
158 10
159 10
160 10
163 10
164 10
166 10
168 10
170 10
171 10
173 9
174 9
176 9
178 9
180 9
181 9
183 8
185 9
186 9
188 8
190 8
191 8
193 8
194 8
196 8
198 8
200 7
201 7
203 8
205 8
207 7
208 8
210 8
213 6
213 6
215 7
217 7
218 7
221 6
222 7
224 6
226 6
227 7
229 7
231 7
232 7
235 7
237 7
238 7
240 7
241 7
242 7
244 6
245 6
247 6
249 6
250 6
252 6
254 6
256 6
257 6
259 6
261 6
263 6
264 6
265 6
267 6
269 6
271 6
272 6
274 6
276 6
278 6
279 7
281 6
283 7
286 7
286 7
288 7
290 7
291 7
294 6
295 7
297 7
298 7
299 7
301 7
303 7
305 6
307 7
308 7
310 7
311 7
313 7
315 7
316 7
318 7
320 7
321 7
