40 0
43 0
45 0
47 0
49 0
50 1
51 1
53 2
55 3
57 3
59 4
61 4
63 6
64 5
66 7
67 7
70 6
71 5
73 8
75 8
76 8
78 7
81 9
82 5
84 6
86 7
87 7
89 6
91 7
93 8
94 8
97 8
98 8
100 8
101 8
104 9
105 9
107 9
109 8
111 9
113 9
114 9
116 9
118 9
119 9
121 9
123 9
125 9
126 9
128 9
130 9
132 9
135 9
136 9
139 9
140 9
142 9
143 9
145 9
147 9
148 8
150 8
152 8
154 8
155 8
157 8
159 8
161 8
163 8
165 8
167 8
169 8
171 8
172 8
174 8
175 8
177 8
179 8
180 8
183 8
184 8
186 8
187 8
189 8
191 8
193 8
195 8
197 8
198 8
200 8
203 8
205 8
206 8
208 8
209 8
211 8
213 8
214 8
216 8
218 8
219 8
221 8
223 8
225 8
227 8
229 8
231 8
233 8
234 8
236 8
238 8
240 8
242 8
243 8
245 8
247 8
248 8
250 8
252 8
253 8
255 8
257 8
259 8
261 8
262 8
264 8
266 8
267 8
269 8
271 8
273 8
275 8
276 8
278 8
280 8
281 8
283 8
285 8
287 8
289 8
291 8
293 8
294 8
296 8
298 8
300 8
301 8
303 8
304 8
307 8
309 8
310 8
312 8
314 8
316 8
317 8
319 8
321 8
