70 0
73 0
74 0
75 1
77 1
79 2
80 2
82 5
83 6
85 5
86 6
88 9
89 7
90 8
92 10
93 9
95 9
98 10
99 11
101 10
102 11
104 11
105 11
107 11
108 10
109 11
111 11
113 11
116 11
116 11
118 12
119 11
120 10
122 11
123 11
123 9
125 9
126 11
127 9
129 9
130 9
131 9
133 9
134 9
136 9
137 9
138 8
140 8
142 8
143 8
145 8
146 8
148 8
149 8
152 8
152 8
154 8
156 8
157 8
159 8
161 8
162 8
163 8
165 8
167 7
168 8
169 8
171 7
172 7
173 7
175 7
177 7
179 7
180 7
182 7
182 7
184 7
186 7
187 7
189 7
190 7
191 7
193 7
194 7
195 7
196 7
198 7
201 7
201 7
203 7
203 7
205 7
207 7
209 7
210 7
212 7
213 7
214 7
216 7
218 7
219 7
220 7
222 7
224 7
225 7
227 7
227 7
229 7
230 7
232 7
233 7
235 7
236 7
238 7
239 7
240 7
242 7
244 7
245 7
246 7
247 7
250 7
252 7
253 7
254 7
256 7
257 7
258 7
259 7
261 7
262 7
263 7
265 7
266 7
267 7
270 7
272 7
273 7
274 7
276 7
278 7
278 7
279 7
281 7
283 7
285 7
286 7
288 7
289 7
290 7
292 7
293 7
294 7
296 7
297 7
299 7
301 7
302 7
304 7
305 7
306 7
308 7
310 7
311 7
313 7
314 7
316 7
317 7
318 7
320 7
322 7
324 7
