60 0
63 0
65 0
67 0
69 0
70 2
73 1
74 3
76 4
79 3
80 3
82 6
84 5
86 6
88 6
90 6
92 6
94 7
95 7
98 8
99 9
102 9
103 8
105 10
107 9
109 9
111 10
113 10
115 10
117 10
119 11
121 12
123 11
125 12
126 12
129 12
130 12
132 12
134 12
136 10
138 11
140 11
142 11
145 11
147 11
148 11
150 12
152 13
154 13
155 13
158 12
160 11
161 11
163 11
165 11
167 11
169 10
171 10
173 10
174 10
177 10
178 10
181 11
182 11
185 11
186 11
188 11
190 11
192 11
194 11
195 11
197 11
199 11
201 11
203 11
205 11
206 11
209 11
211 11
213 11
215 11
216 11
218 11
221 11
222 11
224 11
226 11
228 11
230 11
232 11
233 11
235 10
238 10
239 11
242 11
244 10
246 10
247 10
250 10
251 10
253 10
255 10
257 11
259 11
261 10
262 10
265 10
267 10
268 10
270 11
271 10
273 10
275 10
277 10
279 10
281 10
284 10
285 10
287 10
289 10
291 10
293 10
295 10
296 10
298 10
300 10
302 10
304 10
306 10
308 10
311 10
312 10
314 10
316 10
318 10
321 10
