70 0
72 0
74 0
76 0
78 0
80 2
82 4
83 5
85 5
87 5
89 6
91 7
93 7
95 7
96 9
98 10
99 10
101 9
103 9
105 8
106 8
108 8
109 8
111 8
113 8
115 8
116 9
118 9
120 9
121 10
124 9
125 9
126 9
128 9
130 9
131 10
133 10
135 9
136 10
138 11
140 10
142 10
144 10
146 10
147 10
149 11
151 11
153 11
154 11
156 11
159 11
161 11
161 11
162 12
164 11
166 11
168 11
170 11
172 11
174 11
175 10
177 11
179 11
180 11
181 11
184 9
185 10
187 10
189 10
190 10
193 11
194 11
195 11
198 11
199 11
200 11
203 11
204 11
206 11
208 11
209 11
210 11
212 11
213 11
215 11
216 11
218 11
220 11
222 11
223 11
225 11
226 11
228 11
230 11
231 11
233 11
235 11
236 11
238 10
240 10
241 11
243 11
244 11
246 10
248 10
249 10
251 10
253 10
255 10
256 10
258 10
260 10
261 10
263 10
264 10
266 10
268 10
269 10
271 10
273 10
275 10
277 10
278 10
280 10
282 10
283 10
285 10
287 10
288 10
290 10
293 10
294 10
296 10
297 9
299 9
301 9
303 9
304 9
307 10
308 10
309 9
311 9
312 9
314 9
315 9
319 9
319 9
321 9
