40 0
43 0
45 0
47 0
49 0
51 1
53 2
55 3
56 3
58 3
61 4
63 7
64 6
66 7
68 8
71 8
72 8
74 7
76 7
78 8
80 8
82 9
84 9
86 9
88 9
89 10
91 11
93 11
96 12
98 12
100 12
102 11
104 11
106 11
107 11
110 10
112 11
113 11
115 10
117 10
119 9
121 9
123 9
124 9
126 9
128 9
129 9
132 9
134 9
136 9
137 8
140 8
141 8
144 8
145 8
147 8
148 8
151 8
152 9
154 9
156 9
158 9
160 8
162 9
164 8
166 9
168 9
170 9
172 8
175 8
176 9
178 9
180 9
182 9
184 9
185 9
188 9
190 8
192 8
194 8
196 8
197 9
199 8
201 9
203 8
205 8
207 8
209 8
211 8
212 8
214 8
216 8
218 8
220 8
221 8
223 7
225 7
227 7
229 7
231 7
233 7
235 7
237 8
239 8
241 8
242 8
245 8
247 8
248 8
251 8
253 8
254 8
256 8
258 8
260 8
262 8
264 8
266 8
268 8
270 8
271 8
273 8
275 8
277 9
279 8
281 8
283 8
284 8
286 9
288 9
290 8
293 9
294 9
296 9
298 9
300 9
302 9
304 9
305 9
308 8
310 8
311 8
314 8
315 8
317 8
319 8
321 8
