40 0
43 0
45 0
47 0
49 0
51 2
53 2
54 5
57 3
58 5
61 5
62 6
65 7
66 7
69 7
70 7
74 6
75 7
77 7
79 7
81 8
83 7
85 7
87 8
89 8
91 7
92 8
94 8
96 8
98 8
100 8
102 8
103 7
105 7
108 7
109 7
111 7
113 7
115 9
117 9
119 9
121 9
123 9
125 9
127 9
129 9
131 9
133 9
135 9
137 9
139 9
140 9
142 9
144 9
146 9
148 9
150 9
152 9
153 9
156 9
158 11
159 11
161 10
163 10
165 10
167 10
169 10
171 10
173 10
175 10
177 10
179 8
181 9
183 8
185 9
186 9
188 9
191 9
192 9
194 8
196 8
198 8
200 8
202 7
204 8
205 8
207 8
209 8
212 8
213 8
215 8
217 8
220 8
221 8
223 8
225 8
227 8
229 8
231 8
234 7
236 7
238 7
239 7
241 7
244 7
247 7
248 7
249 7
251 7
254 7
256 7
258 7
260 7
262 7
263 7
266 7
267 7
269 7
271 7
272 7
275 7
276 7
278 7
280 7
282 7
284 7
286 7
287 7
289 7
291 7
293 8
295 8
297 8
298 7
300 7
302 7
305 7
306 7
309 8
310 7
312 7
314 7
316 7
318 7
320 7
