50 0
53 0
55 0
56 0
57 2
59 2
60 2
62 3
64 4
65 5
66 5
68 6
69 8
71 7
72 9
74 10
75 9
76 9
77 9
80 10
81 10
83 9
84 9
85 9
86 8
88 9
91 10
91 9
93 10
95 11
96 10
98 11
99 10
100 11
102 11
103 9
104 9
106 10
108 11
109 11
111 12
112 11
113 11
115 11
116 11
117 10
119 11
120 10
121 11
123 11
125 11
126 11
128 11
129 12
132 11
133 11
134 11
135 12
137 11
138 12
139 11
140 11
142 11
144 12
145 12
148 12
148 12
150 11
151 12
153 11
155 11
156 11
158 11
159 11
160 11
161 10
163 10
164 10
166 10
167 10
168 10
169 10
172 10
173 10
174 10
176 10
177 10
178 10
179 10
181 10
182 10
184 10
185 10
187 10
189 10
190 10
191 10
193 10
194 10
195 9
198 9
199 9
200 9
202 9
203 8
204 8
205 8
208 8
209 8
211 8
212 8
213 8
215 8
216 8
217 8
219 8
221 8
222 8
224 8
226 8
227 8
229 8
230 8
231 8
233 8
235 8
236 8
237 8
238 8
240 8
241 8
243 8
244 8
246 8
247 8
248 8
250 8
251 7
252 8
253 7
256 7
257 7
258 7
260 7
262 7
263 7
265 7
267 7
268 7
269 7
271 7
272 7
273 7
274 7
277 7
278 7
281 7
281 7
282 7
283 6
285 6
286 6
288 6
289 6
291 6
292 6
294 6
295 6
296 6
298 6
300 6
302 6
303 6
305 6
306 6
308 6
309 6
311 6
313 6
314 6
314 6
316 6
318 6
320 6
321 6
322 6
