50 0
53 0
55 0
57 0
58 0
60 2
62 2
65 3
66 4
69 3
70 5
72 5
74 6
76 7
78 7
80 7
82 7
84 8
86 9
88 9
90 9
92 10
94 10
96 10
99 10
100 10
102 10
104 10
106 10
108 10
110 10
112 11
114 11
115 10
117 12
120 11
121 11
123 10
126 11
128 11
129 10
131 11
133 11
135 11
137 11
139 11
140 11
142 11
144 11
147 11
149 11
151 11
152 11
154 11
156 11
158 12
160 12
162 11
164 12
166 11
168 11
170 11
171 11
174 11
176 11
178 11
179 11
181 11
184 10
186 10
188 10
191 10
193 10
194 9
196 9
198 9
200 9
202 9
204 9
206 9
207 9
210 9
212 9
214 9
216 9
218 9
220 9
221 10
224 10
225 8
228 9
229 9
231 9
234 8
235 8
237 8
239 8
241 8
243 8
245 8
247 8
249 8
251 8
253 8
255 8
257 8
259 8
261 9
263 8
264 8
266 8
269 8
270 9
272 9
274 9
275 9
277 9
279 9
281 9
283 9
285 9
287 9
289 9
291 9
293 10
294 10
296 10
299 9
300 9
302 9
304 9
306 9
308 9
309 8
311 8
313 8
315 8
317 8
319 8
321 8
323 8
