50 0
53 0
55 0
57 0
59 0
60 0
62 1
64 0
66 1
68 2
70 5
72 2
74 2
76 5
78 4
80 3
81 3
83 6
86 6
87 6
89 7
92 7
93 7
96 8
98 5
99 6
101 6
103 8
105 7
108 8
109 8
111 8
112 8
116 8
117 8
119 8
122 8
123 8
124 8
127 8
129 8
130 7
132 8
134 8
136 7
139 7
140 8
142 8
143 8
145 8
147 7
150 6
151 7
153 7
156 6
157 7
159 7
162 7
163 7
165 7
167 7
169 7
171 7
173 7
175 7
176 7
179 7
180 7
182 7
184 8
187 8
188 8
190 8
192 8
195 8
196 8
198 8
200 8
202 8
204 8
205 8
207 8
209 8
211 8
213 8
215 8
217 8
219 8
221 8
223 8
224 8
226 8
229 8
230 8
232 8
234 8
236 8
238 8
240 8
242 8
244 8
245 8
248 8
250 8
251 8
254 8
255 8
257 8
259 8
261 8
263 8
265 8
267 8
269 8
271 8
273 8
275 8
276 8
278 8
281 8
282 8
284 8
286 8
288 8
290 8
292 8
294 8
296 8
298 8
300 8
303 8
304 8
306 8
308 8
310 8
311 8
313 8
315 8
317 8
319 8
321 8
