60 0
63 0
65 0
67 0
69 0
71 1
73 0
75 3
77 4
79 4
81 4
83 7
85 8
88 7
89 8
91 10
93 10
97 10
98 10
100 11
101 11
104 10
106 10
108 9
110 9
111 9
114 8
116 10
117 8
119 9
121 10
123 7
125 8
127 8
129 8
131 8
133 8
134 8
136 7
138 8
140 10
142 9
143 10
146 8
148 10
149 10
152 11
154 10
156 10
158 10
160 11
162 10
164 10
166 9
168 10
169 10
171 10
174 10
176 11
178 10
180 11
181 10
183 11
185 11
187 10
188 11
191 11
193 11
195 11
196 9
198 11
200 10
202 11
204 11
206 11
207 11
210 11
212 11
213 11
216 11
218 11
221 12
222 11
224 11
226 11
228 10
229 11
231 11
233 11
235 11
237 11
239 11
240 10
242 10
244 9
246 9
249 10
250 9
252 9
254 9
256 9
257 9
259 9
261 9
263 9
265 9
267 9
269 8
271 9
273 8
274 8
276 8
278 8
280 8
282 8
284 8
286 8
288 8
290 8
292 8
294 8
296 8
298 8
300 8
302 8
304 8
305 8
307 8
310 8
313 8
315 8
316 9
318 9
320 9
322 8
