60 0
63 0
65 0
67 0
68 0
70 0
73 0
74 0
77 0
79 3
80 3
83 5
85 5
87 6
89 6
90 6
92 6
94 5
96 7
98 8
100 7
102 8
104 8
105 8
107 8
109 8
111 8
113 8
115 7
117 8
119 8
121 8
123 8
124 8
126 8
128 8
131 8
132 8
134 9
136 10
139 10
141 9
142 10
144 10
146 10
148 8
150 9
151 8
153 9
155 8
157 9
159 9
161 8
163 9
165 9
167 8
169 9
171 7
173 8
174 8
176 8
178 7
180 7
182 8
184 8
186 7
188 8
190 7
192 7
193 8
196 8
198 8
200 8
201 8
203 8
205 7
208 7
209 8
211 7
213 8
215 7
216 7
218 7
221 8
222 8
225 7
226 8
228 8
230 8
232 9
234 8
236 10
238 10
240 10
242 10
244 10
246 10
248 10
250 10
252 10
254 10
256 10
258 10
260 10
263 10
264 10
266 10
268 10
269 10
271 10
273 10
275 10
277 10
279 10
281 10
283 10
285 10
287 10
289 10
291 10
293 10
295 10
297 11
298 11
301 10
302 10
303 10
306 10
307 10
309 10
311 10
313 10
316 10
318 10
320 10
321 10
