80 0
82 0
84 0
86 0
87 3
88 4
90 5
92 5
93 6
95 5
96 7
98 8
100 10
101 9
103 8
104 8
105 10
107 11
108 10
110 12
111 12
112 11
114 13
115 11
117 11
118 11
119 11
121 11
122 11
123 11
125 11
126 11
127 11
129 12
131 11
132 11
134 12
136 11
137 11
139 11
141 11
143 11
144 12
145 12
147 12
149 12
150 11
151 12
153 12
155 12
156 12
157 12
158 12
159 12
161 12
162 11
164 11
165 11
166 11
167 11
169 11
170 11
172 11
173 11
174 11
175 11
177 11
179 11
180 11
182 11
183 11
185 11
186 11
188 11
188 11
191 11
192 11
193 10
195 10
196 10
197 10
199 10
200 10
201 10
204 10
204 10
206 10
208 10
209 10
210 10
212 10
213 10
215 10
216 10
218 10
219 10
221 10
222 10
225 10
225 10
227 10
228 9
230 9
231 9
232 9
234 9
236 9
237 9
238 9
239 9
241 9
242 9
243 9
245 9
247 9
248 9
250 9
252 9
253 9
254 9
256 9
257 9
258 9
259 9
261 9
262 9
263 9
265 9
266 9
268 9
270 9
271 9
272 9
274 9
276 9
277 9
278 9
279 9
281 9
282 9
284 9
284 9
286 9
288 9
289 9
291 9
292 9
294 9
296 9
297 9
298 9
300 9
302 9
303 9
305 9
306 9
307 9
309 9
310 9
312 9
313 9
315 9
316 9
317 9
320 9
321 9
