30 0
33 1
34 0
35 1
37 1
38 2
40 3
42 4
43 3
44 3
46 3
48 3
49 3
50 4
52 4
54 4
55 5
56 5
58 5
59 5
61 5
62 5
65 4
66 4
67 5
69 5
71 5
72 4
73 5
75 4
76 5
78 4
80 4
82 4
82 4
84 4
86 4
87 4
89 5
89 5
91 5
93 5
94 5
95 5
97 5
99 5
100 5
102 5
104 5
105 5
107 5
108 5
110 5
112 5
113 5
114 5
115 5
117 5
119 5
120 5
121 5
123 5
124 5
126 5
127 5
129 5
130 5
131 5
133 5
134 5
135 5
137 5
138 5
139 5
140 5
142 5
143 5
145 5
147 5
148 5
150 5
151 5
152 5
154 5
155 5
156 5
158 5
159 5
160 5
162 5
163 5
165 5
167 5
168 5
169 5
170 5
172 5
173 5
175 5
176 5
178 5
179 5
181 5
182 5
184 5
185 5
187 5
188 5
190 5
191 5
193 5
194 5
196 5
198 5
199 5
201 5
202 5
203 5
205 5
206 5
208 5
209 5
211 5
213 5
214 5
216 5
217 5
218 5
219 5
220 5
222 5
223 5
224 5
226 5
228 5
229 5
230 5
232 5
234 5
235 5
236 5
238 5
239 5
240 5
242 5
244 5
245 5
246 5
247 5
248 5
250 5
251 5
253 5
255 5
256 5
257 5
259 5
261 5
263 5
265 5
266 5
267 5
269 5
270 5
273 5
273 5
274 5
276 5
277 5
279 4
280 4
282 4
283 4
284 4
286 4
287 4
288 4
290 4
292 4
293 4
295 4
296 4
299 4
301 4
303 4
303 4
304 4
305 4
307 4
308 4
309 4
310 4
312 4
314 4
315 4
316 4
318 4
319 4
320 4
322 4
