90 0
93 0
95 0
97 0
98 0
100 2
102 2
104 3
105 6
107 4
109 5
110 7
112 8
114 11
115 11
118 11
119 11
120 12
122 13
124 15
126 15
127 14
129 13
131 13
132 13
134 13
136 13
138 12
139 13
141 13
143 14
145 12
147 10
148 10
150 10
151 11
153 11
155 11
158 11
159 11
161 12
163 11
164 11
166 11
167 11
170 11
171 11
172 11
174 11
177 11
178 11
180 11
181 11
184 11
185 11
187 11
189 11
192 11
193 11
195 11
197 11
199 11
200 11
202 11
203 11
205 11
206 11
209 11
210 11
212 11
213 11
215 11
217 11
218 11
220 11
222 11
224 11
225 11
229 11
230 11
231 11
233 11
234 11
237 11
239 11
240 11
242 11
243 11
245 11
247 11
248 11
250 11
252 11
254 11
256 11
257 11
259 11
261 11
263 12
265 12
267 12
268 12
271 12
272 12
274 12
275 11
277 11
279 10
280 10
282 10
283 10
286 10
287 10
289 10
291 10
292 10
294 10
296 10
297 10
299 10
301 10
302 10
304 10
306 10
308 10
310 10
311 10
313 10
315 10
317 10
319 10
320 10
