30 0
33 0
35 0
37 0
38 0
40 1
42 0
44 1
47 3
48 3
50 4
52 4
53 5
56 5
58 5
60 5
62 6
63 6
65 7
67 6
69 6
71 7
73 7
75 7
77 8
79 7
81 9
83 7
85 8
87 9
89 9
91 9
92 9
94 10
96 9
98 8
101 9
102 8
104 8
107 8
109 8
110 8
112 8
114 8
116 8
117 8
119 8
121 8
123 8
125 9
127 9
129 8
130 9
132 9
134 9
137 8
138 8
140 8
142 8
144 8
146 8
147 8
150 8
152 8
154 8
155 8
157 8
159 8
161 8
163 8
165 8
167 8
169 8
171 8
173 8
174 8
177 8
179 8
180 8
183 8
184 8
186 8
188 9
190 9
192 9
194 9
196 9
198 9
200 9
201 9
204 9
206 9
207 9
209 9
211 9
213 9
215 9
217 9
219 9
221 9
223 9
224 9
226 9
228 9
230 9
232 9
234 9
236 9
238 9
240 9
242 9
244 9
245 9
247 9
249 9
252 9
253 9
255 9
257 9
259 9
261 9
263 9
265 9
267 9
268 9
270 9
272 9
274 9
276 9
277 9
280 9
281 9
283 9
285 9
287 9
289 9
291 9
293 9
295 9
297 9
299 9
301 9
303 10
305 10
307 10
308 10
311 9
312 9
314 9
316 9
318 9
320 9
322 9
