30 0
33 0
34 0
36 0
38 0
40 0
42 1
43 1
45 1
47 2
49 2
51 3
52 3
55 3
56 3
58 4
60 4
62 5
63 6
65 5
67 5
68 4
70 5
72 7
73 6
76 7
78 7
80 7
81 7
83 7
84 7
86 7
88 6
90 6
92 6
93 6
95 6
97 6
99 6
100 6
103 6
104 6
106 6
108 6
109 6
111 6
113 6
115 6
117 5
119 6
120 6
122 6
124 6
125 6
127 6
129 6
131 6
133 6
134 6
137 6
138 6
140 5
141 5
143 5
145 5
147 5
148 5
151 5
152 5
154 5
156 5
157 5
159 5
161 5
163 5
164 5
166 5
168 5
169 5
172 5
173 6
175 6
177 6
178 6
180 6
182 6
184 6
186 6
187 6
189 6
191 6
193 6
195 6
196 6
199 6
200 6
202 6
204 6
206 6
207 6
209 6
211 6
212 6
214 6
216 6
218 6
220 6
221 6
223 6
225 6
227 6
229 6
231 6
232 6
234 6
236 6
238 6
239 6
241 6
244 6
246 6
248 6
249 6
251 6
253 6
255 6
257 6
259 6
260 6
263 6
264 6
265 6
268 6
270 6
272 6
273 6
275 6
277 6
279 6
281 6
282 6
284 6
286 6
288 6
289 6
292 6
294 6
296 6
297 6
299 6
301 6
303 6
305 6
306 6
308 6
310 6
312 6
314 6
315 6
316 6
319 6
320 6
