60 0
63 0
65 0
66 2
68 2
70 2
72 1
73 3
75 3
77 5
79 6
80 8
82 7
84 8
85 8
87 8
89 8
91 8
92 8
94 8
96 8
98 7
99 7
101 7
103 8
105 8
106 9
107 9
110 9
111 9
113 9
114 10
117 9
118 9
120 10
122 9
123 9
125 10
128 10
129 11
130 11
132 10
133 10
135 11
137 11
139 10
140 10
142 10
144 10
145 10
147 10
149 10
150 10
152 9
154 9
155 9
156 9
158 9
160 9
162 9
164 10
166 10
168 10
170 11
171 10
172 10
175 10
176 10
177 10
179 10
181 10
182 10
184 10
186 10
188 10
189 10
191 10
192 10
195 10
197 10
198 10
199 10
201 10
203 10
204 10
205 11
207 10
209 10
211 10
213 10
214 10
215 10
217 10
219 10
221 10
223 10
224 10
226 10
227 10
229 10
231 10
233 10
235 10
237 10
239 10
240 10
241 9
243 9
244 9
246 9
248 9
249 9
252 9
253 9
254 9
256 9
258 9
260 9
262 9
263 9
265 9
267 9
268 9
270 9
272 9
273 9
275 9
277 9
278 9
279 9
282 9
284 9
285 9
287 9
289 9
291 9
292 9
294 9
296 9
297 9
299 9
301 9
303 9
304 9
306 9
308 9
310 9
311 9
313 9
315 9
316 9
317 9
319 9
321 9
