30 0
32 0
34 0
36 0
38 0
40 0
42 0
43 1
45 1
46 1
49 2
50 2
53 3
54 4
56 4
58 4
59 5
61 5
62 5
64 5
66 5
68 5
70 5
72 5
73 5
75 6
77 5
78 5
80 7
82 7
83 7
85 6
87 7
89 7
91 6
92 7
95 7
96 7
98 7
100 7
101 7
103 7
105 7
107 7
109 7
111 7
113 7
114 7
116 7
118 7
121 7
123 7
125 7
127 7
128 7
130 7
132 7
133 7
135 7
138 7
140 7
141 7
143 7
145 7
147 7
148 7
150 7
151 7
153 6
154 6
156 6
158 6
160 6
162 6
163 6
165 6
167 6
169 6
170 6
172 6
174 6
175 6
177 6
178 6
180 6
183 6
184 6
186 6
187 6
189 6
191 6
193 6
195 6
197 6
199 6
201 6
202 6
204 6
206 6
208 6
210 6
211 6
213 6
215 6
217 6
219 6
221 6
224 6
225 6
227 6
228 6
230 6
231 6
233 6
235 6
237 6
239 6
241 6
243 6
244 6
246 6
247 6
249 6
251 6
253 6
255 6
257 6
258 6
260 6
262 6
263 6
264 6
266 6
268 5
270 5
272 5
273 5
275 5
277 5
279 5
280 5
282 5
284 5
286 5
287 5
290 5
292 5
293 5
295 5
297 5
298 5
300 5
302 5
305 5
306 5
308 5
310 5
312 5
313 5
314 5
316 5
318 5
320 4
