30 0
32 0
34 0
37 0
38 0
40 0
42 0
44 1
46 2
48 2
50 3
52 5
54 4
56 6
58 6
60 7
62 7
64 6
67 7
68 8
70 7
72 7
74 9
75 8
77 8
79 9
81 9
83 10
85 10
87 10
89 10
91 10
93 10
95 11
97 10
99 10
101 10
103 10
104 10
106 10
108 11
110 10
112 10
114 10
116 10
118 9
120 9
122 9
124 9
125 9
127 10
129 9
131 10
133 10
135 10
137 10
139 10
141 10
143 10
145 10
147 10
148 10
150 10
153 10
154 10
156 10
158 10
160 10
162 10
164 10
166 10
168 10
169 10
171 10
173 10
176 10
178 10
179 10
181 10
183 10
185 10
187 10
189 10
190 10
192 10
194 10
196 10
198 10
200 10
202 10
204 10
206 10
209 10
210 10
212 10
214 10
216 10
218 10
220 10
222 10
223 10
225 10
227 10
229 10
231 10
233 10
235 10
236 10
238 10
240 10
242 10
244 10
246 10
248 10
250 10
252 10
254 9
256 9
257 9
259 9
261 9
263 9
265 9
267 10
269 9
271 8
273 8
274 8
277 8
278 8
280 9
283 9
285 10
286 9
288 9
290 9
292 9
294 9
296 9
298 10
300 10
302 10
304 10
305 9
308 10
309 10
311 10
313 9
315 10
317 9
319 10
320 10
