40 0
43 0
44 0
46 0
47 1
49 1
50 2
52 2
53 3
55 5
56 7
57 6
59 7
61 8
63 9
63 8
65 8
67 8
68 8
70 8
71 7
73 7
74 7
75 8
77 7
78 8
79 8
81 7
82 9
84 7
86 7
86 9
88 7
90 7
91 7
93 6
94 7
96 7
97 7
99 7
100 7
102 7
103 7
104 7
106 7
107 7
108 7
110 7
112 7
113 7
114 7
115 7
117 7
118 7
120 7
122 7
123 7
125 7
126 6
128 6
128 6
130 6
132 6
133 6
135 6
136 6
138 6
138 6
140 6
142 6
143 6
145 6
146 6
147 6
149 5
150 5
152 5
153 6
155 6
156 6
157 5
159 6
160 5
162 5
163 6
164 5
165 5
167 6
169 6
170 6
171 6
173 6
174 6
175 6
177 6
178 6
180 6
181 5
183 6
184 6
186 6
187 6
189 6
192 6
193 6
194 6
196 6
197 6
199 6
199 6
201 6
202 6
205 6
206 6
208 6
208 6
210 6
211 6
213 6
215 6
216 6
218 6
219 6
220 6
221 5
223 5
224 6
226 6
227 5
229 5
230 5
231 5
233 5
233 5
235 5
236 6
238 6
240 6
241 6
243 6
244 6
245 6
247 6
248 6
250 5
251 5
253 5
254 5
255 5
256 5
258 5
260 5
261 5
263 5
264 5
266 5
267 5
269 5
271 5
272 5
273 5
275 5
276 5
277 5
279 5
280 5
282 5
284 5
286 5
286 5
288 5
289 5
291 5
292 5
294 5
296 5
297 5
299 5
300 5
301 5
303 5
304 5
306 5
307 5
309 5
310 5
311 5
313 5
314 5
316 5
317 5
319 5
320 5
321 5
