90 0
93 0
95 0
97 0
99 0
100 1
103 5
105 6
106 5
107 6
109 5
111 6
112 7
114 7
116 10
118 8
120 9
121 9
123 9
124 8
126 8
128 8
130 8
131 10
132 10
134 10
136 10
139 10
140 11
142 11
143 11
145 11
147 11
149 12
150 10
152 11
154 11
155 10
157 9
159 9
160 10
162 9
164 10
165 10
166 9
168 10
171 10
172 10
174 11
175 11
177 11
179 11
180 11
183 11
184 11
185 12
187 12
189 12
191 12
192 12
194 11
196 11
198 11
199 11
201 11
202 11
205 11
206 11
208 11
210 11
211 11
213 11
214 11
216 11
218 11
220 11
221 11
223 11
225 11
227 11
228 11
230 11
231 11
233 11
235 11
236 11
238 11
240 11
241 11
243 11
244 11
246 11
248 11
250 11
252 11
253 10
256 10
257 10
259 10
261 10
263 10
264 10
266 10
267 10
269 10
271 10
272 10
274 10
276 10
278 10
279 10
281 10
283 10
285 10
286 10
287 10
290 10
291 10
293 10
296 10
297 10
298 10
299 9
302 9
303 9
304 8
306 8
307 8
310 8
310 8
312 8
314 8
316 8
317 8
320 8
321 8
323 8
