60 0
63 0
65 0
66 0
68 0
70 1
72 0
74 2
76 1
78 2
80 3
82 2
84 1
87 3
88 4
90 5
92 6
94 8
95 8
98 9
99 8
101 9
103 10
105 10
107 10
109 10
111 10
113 10
115 10
117 11
119 11
121 11
122 10
125 10
128 10
129 9
131 9
134 9
135 9
137 10
139 10
140 10
143 10
145 10
146 10
148 10
150 10
152 9
153 10
155 10
158 10
159 10
161 10
163 10
165 10
168 10
170 10
172 9
174 10
177 10
178 10
180 10
182 10
185 10
187 10
188 10
190 10
192 10
194 10
195 10
197 10
199 10
201 10
203 10
205 10
207 9
209 9
210 9
212 9
215 9
216 9
218 9
220 9
222 9
224 9
226 9
228 9
230 9
232 9
234 9
236 9
238 9
240 9
242 9
243 9
245 9
248 9
250 9
251 9
253 9
255 9
257 8
259 8
260 8
263 8
264 8
266 8
268 8
270 9
272 8
274 8
276 8
277 8
280 8
282 9
283 9
285 8
287 8
289 8
291 8
293 8
295 7
297 7
299 8
301 7
303 7
305 7
307 7
308 8
310 8
312 7
314 8
317 7
318 7
320 7
