40 0
43 0
45 0
47 0
48 1
50 2
52 3
54 3
56 4
58 5
60 5
62 5
64 8
67 7
68 8
70 8
72 7
74 7
75 8
77 8
79 7
81 8
83 8
85 8
87 9
88 9
91 10
92 9
94 10
97 10
99 10
101 9
103 9
105 9
106 9
108 10
111 10
112 10
114 10
116 10
118 11
120 11
122 11
124 11
126 11
128 11
129 11
132 11
133 11
136 11
137 11
139 10
141 10
143 10
145 10
147 10
148 10
150 10
153 9
154 9
157 9
159 9
160 9
162 9
164 9
166 9
168 9
171 9
173 9
175 9
176 9
178 9
180 9
182 9
183 9
186 9
187 9
189 9
191 9
194 9
195 9
197 9
200 9
201 9
203 9
205 9
207 9
209 8
211 8
213 8
215 8
216 8
218 8
220 8
222 8
224 8
226 8
227 8
229 8
232 8
234 8
235 8
237 8
239 8
241 8
243 8
245 8
247 8
249 8
250 8
252 8
255 8
257 8
259 8
261 8
263 8
265 8
267 8
269 8
270 8
273 8
275 8
276 8
278 8
280 8
282 8
283 8
285 8
287 8
289 8
291 8
293 8
294 8
296 8
298 8
300 8
302 8
304 8
306 8
308 8
310 8
312 8
314 8
316 8
317 8
320 8
322 8
