60 0
63 0
65 0
66 0
67 0
68 0
70 4
72 5
73 5
75 6
76 6
78 7
79 7
81 7
82 6
84 7
85 6
87 7
89 8
90 7
91 7
92 7
94 7
95 8
96 7
98 8
99 7
101 8
102 6
104 7
105 9
106 9
108 8
110 7
111 8
113 8
114 8
115 8
117 8
118 8
119 8
121 8
122 8
124 8
126 9
128 8
128 8
130 8
131 9
132 8
134 8
135 8
137 8
138 8
139 8
141 8
142 9
144 9
146 9
148 10
150 10
151 10
153 10
155 10
156 9
159 9
160 9
161 10
162 10
164 9
166 10
167 10
168 10
170 10
171 10
173 10
174 10
176 10
178 10
179 9
180 9
182 9
183 9
184 8
186 8
187 8
188 8
190 8
191 8
193 9
196 8
197 8
200 8
201 8
203 8
204 8
205 8
207 8
209 8
210 8
212 8
213 8
215 7
216 8
218 8
218 8
220 8
221 8
223 8
224 8
226 8
227 8
228 8
229 8
231 7
232 7
234 7
236 7
238 7
239 7
240 7
241 7
243 7
244 7
246 7
248 7
248 7
250 7
251 7
253 7
255 7
257 7
258 7
259 7
261 7
262 7
263 7
265 7
266 7
267 7
269 7
270 7
271 7
273 7
275 7
277 7
278 7
280 7
281 7
283 7
284 7
286 7
287 7
288 7
290 7
291 7
292 7
293 7
294 7
296 7
297 7
298 7
300 7
302 7
303 7
304 7
306 7
308 7
309 7
310 7
312 7
313 7
314 7
316 7
317 7
318 7
320 7
322 7
323 7
