50 0
53 0
54 0
56 0
58 1
60 0
62 3
63 2
66 4
68 6
69 9
71 7
73 8
76 10
76 10
78 9
80 12
82 12
83 13
86 13
87 13
89 13
90 13
92 12
94 12
95 12
97 12
99 12
101 11
103 11
105 11
107 11
109 10
111 10
112 10
115 10
116 11
118 11
119 11
121 11
123 11
125 11
127 11
129 11
131 11
132 11
134 11
136 11
137 11
139 11
141 11
142 11
144 11
146 11
148 11
149 11
151 11
153 11
155 11
157 11
158 11
160 11
162 11
164 11
165 11
167 11
169 11
171 11
172 11
174 11
176 11
178 11
179 11
182 11
183 11
185 11
187 11
189 11
191 11
193 11
195 11
196 11
198 11
200 11
201 11
203 11
205 11
206 11
209 11
210 11
212 11
215 11
216 11
217 11
219 11
221 11
223 11
224 10
226 10
228 10
230 10
232 10
234 10
235 10
237 10
239 10
240 10
242 10
244 10
246 10
248 10
249 10
251 10
252 10
255 10
256 10
258 10
260 10
262 10
263 10
265 10
267 10
268 10
270 10
272 10
274 10
276 10
278 10
280 10
281 10
283 10
285 10
286 10
289 10
290 10
293 10
294 9
295 9
297 9
299 9
300 9
303 9
304 9
306 9
308 9
310 9
312 9
313 9
315 9
317 9
319 9
321 9
