80 0
83 0
84 0
86 0
88 0
90 1
91 2
93 1
95 3
97 4
98 4
101 5
102 5
104 6
106 7
107 7
110 6
112 8
113 10
114 10
116 11
118 13
120 13
122 14
124 11
126 12
127 11
129 12
130 12
132 14
133 15
135 14
136 14
139 13
140 14
143 12
144 12
146 12
148 12
149 12
151 12
153 12
155 12
156 12
158 12
160 12
161 12
163 12
165 13
167 13
169 12
171 13
173 13
175 12
176 13
178 12
180 13
182 13
183 13
185 12
186 11
188 11
190 10
192 11
194 11
195 11
198 11
199 11
201 11
203 11
205 11
206 10
208 10
210 11
212 11
213 11
215 10
217 11
219 11
220 11
222 11
224 11
225 11
227 11
229 11
231 10
233 10
235 10
237 10
238 10
240 10
241 10
244 10
245 10
247 10
248 10
250 10
252 9
253 9
255 9
257 10
258 9
260 9
262 9
264 9
265 9
267 9
269 9
271 9
273 9
275 9
276 9
278 9
280 9
282 9
283 9
285 9
287 9
288 9
290 9
292 9
293 9
295 9
296 9
298 9
300 9
302 9
304 9
305 9
307 9
308 9
310 9
312 9
314 9
316 9
317 9
319 9
321 9
