90 0
93 0
95 0
96 0
99 1
100 2
102 2
104 5
107 6
108 5
109 7
111 7
113 9
115 9
117 10
120 12
122 12
125 13
126 13
127 11
130 11
131 11
133 11
135 11
137 9
139 10
140 10
142 10
144 11
145 11
147 11
149 11
152 10
153 10
155 10
157 10
158 10
160 10
162 10
164 10
166 10
167 10
169 10
172 10
174 10
175 10
177 10
179 10
181 10
182 10
184 10
186 10
188 10
189 10
191 10
193 10
195 10
196 9
198 9
200 9
202 9
203 9
205 9
207 9
209 9
210 9
212 9
214 9
216 9
218 9
219 9
221 9
223 10
225 9
227 10
229 10
230 10
232 10
233 10
235 10
237 10
238 10
240 11
242 11
243 11
245 11
247 11
249 11
250 11
252 11
254 11
256 11
257 11
259 11
261 11
262 11
264 11
266 11
268 11
270 11
271 11
273 10
275 10
276 10
278 10
280 10
282 10
284 10
285 10
287 10
289 10
291 10
293 10
294 10
296 10
297 10
300 10
302 10
304 10
305 10
307 10
309 10
311 10
313 10
315 10
317 10
318 10
321 10
323 10
