70 0
73 0
74 0
76 0
78 0
80 2
82 3
83 3
85 3
87 4
89 5
91 7
92 7
94 7
95 10
97 10
99 10
101 11
103 10
104 9
107 10
108 11
110 12
112 13
114 13
115 13
118 14
119 13
121 14
123 14
125 14
127 14
128 14
130 14
132 13
134 12
136 15
138 14
140 13
141 15
143 14
145 15
147 15
148 15
150 15
152 14
153 15
155 15
157 13
159 13
161 12
162 12
164 12
166 12
168 12
170 13
171 13
173 12
175 12
176 12
178 12
180 11
182 11
184 11
186 12
188 11
189 11
191 12
192 11
194 11
196 11
198 11
199 11
202 11
203 11
205 10
207 10
208 10
211 10
212 10
214 10
216 10
218 10
219 10
222 10
224 10
226 11
228 11
229 11
231 11
232 11
234 11
236 11
238 11
239 11
242 11
243 11
245 11
247 11
249 11
250 11
252 11
254 11
256 11
258 11
259 11
261 11
263 11
264 11
267 11
268 11
270 11
272 11
274 11
276 11
277 11
278 11
280 11
282 11
284 11
286 11
288 11
291 11
293 11
294 11
296 11
299 11
300 11
303 11
304 11
306 11
307 11
309 11
310 11
312 11
314 11
316 11
317 11
319 11
321 11
322 11
