90 0
93 0
95 0
97 0
98 0
101 1
103 2
105 3
107 3
108 4
111 5
112 4
114 9
116 7
118 9
120 9
122 10
124 12
126 12
128 12
130 14
132 13
134 11
136 12
138 13
140 15
142 14
143 13
145 12
147 12
149 12
151 13
153 14
155 13
157 13
159 13
161 13
163 13
164 13
166 13
168 15
170 14
172 14
175 14
176 16
178 15
181 14
182 16
184 15
187 16
189 16
191 15
193 15
194 15
196 15
198 15
200 15
201 16
203 16
205 16
207 16
209 16
211 16
213 16
215 16
217 16
219 16
221 15
223 15
225 15
227 15
228 15
230 15
232 15
234 15
236 15
238 15
241 15
242 15
244 15
245 15
247 15
249 15
252 15
253 15
255 16
258 15
258 15
261 15
263 15
265 15
266 15
268 15
270 15
272 15
274 14
276 14
278 14
279 14
281 14
283 14
286 15
287 14
289 14
291 14
293 14
294 14
296 14
298 14
300 14
302 14
304 14
306 14
308 14
310 14
311 14
313 14
315 14
317 14
319 14
321 14
