60 0
63 0
64 0
66 0
68 0
70 1
72 1
74 3
76 4
78 4
79 6
81 7
83 8
84 7
86 8
87 7
88 7
90 7
92 7
93 7
96 7
97 8
99 8
100 10
103 10
104 11
106 8
108 9
110 8
112 9
113 10
115 9
117 9
118 9
119 9
122 9
123 10
125 10
126 9
128 9
130 10
131 11
133 11
135 11
137 10
139 10
140 11
142 10
144 11
145 11
147 12
148 12
150 12
152 12
153 12
154 11
157 11
158 11
160 11
162 12
164 11
165 11
167 11
169 11
170 11
172 11
174 11
176 12
178 11
179 11
181 11
183 11
184 11
186 11
188 10
189 10
191 9
193 9
195 10
196 9
198 10
200 9
201 10
203 9
205 9
207 10
208 9
210 9
211 10
213 10
216 10
217 10
218 10
220 10
222 10
223 10
225 10
227 10
229 10
230 10
232 10
233 10
235 10
236 10
239 10
240 10
242 10
243 10
245 10
246 10
248 10
250 10
251 10
253 10
255 10
257 10
258 10
260 9
261 9
263 9
265 9
267 9
268 9
270 9
271 9
273 9
275 9
277 9
278 9
280 9
281 9
283 9
285 9
287 9
288 9
290 9
292 9
293 9
295 9
296 9
298 9
300 9
302 9
304 9
304 9
306 9
308 9
309 9
311 9
313 9
314 9
316 9
317 9
319 9
321 9
