30 0
32 0
34 0
35 0
37 0
39 0
40 0
41 0
43 0
44 3
45 2
47 2
48 6
49 6
50 9
52 9
54 9
55 9
57 9
58 7
60 7
61 8
63 7
64 8
66 7
67 8
69 8
70 7
72 7
74 7
75 7
76 5
78 5
80 5
81 5
82 5
85 5
85 5
87 5
88 5
90 6
90 5
92 5
94 5
96 6
97 6
98 6
100 6
101 6
102 6
104 6
105 6
107 6
109 6
110 6
112 6
113 6
115 6
115 6
116 6
118 6
120 6
121 6
123 6
124 6
125 6
127 6
128 6
129 6
132 6
133 6
135 6
136 6
137 6
139 6
141 5
144 5
144 5
146 5
147 5
148 5
150 5
151 5
153 5
154 5
155 5
157 5
158 5
159 5
160 5
162 5
164 5
165 5
166 5
168 5
169 5
171 5
172 5
174 5
175 5
176 5
178 5
179 5
180 5
182 5
183 5
185 5
186 5
189 5
190 4
192 4
193 4
194 4
196 4
197 4
199 4
200 4
201 4
202 4
204 4
207 4
207 4
209 4
210 4
211 4
213 4
214 4
216 4
217 4
218 4
219 4
221 4
223 4
224 4
226 4
226 4
228 4
230 4
231 4
233 4
234 4
236 4
237 4
238 4
240 4
242 4
243 4
244 4
246 4
247 4
249 4
250 4
252 4
253 4
254 4
256 4
258 4
261 4
262 4
264 4
265 4
267 4
268 4
270 4
270 4
271 4
272 4
274 4
276 4
277 4
278 4
280 4
281 4
282 4
284 4
285 4
286 4
288 4
289 4
290 4
292 4
295 4
296 4
297 4
299 4
300 4
301 4
303 4
305 4
306 4
308 4
310 4
311 4
312 4
313 4
316 4
317 4
319 4
321 4
