60 0
63 0
64 0
66 1
68 2
70 2
72 1
73 4
75 4
76 6
78 8
80 9
83 10
84 10
85 10
87 9
89 9
91 9
92 11
94 11
96 11
97 11
99 11
101 10
103 10
104 13
106 13
108 13
110 13
111 12
113 12
115 12
116 12
118 12
120 11
121 11
123 11
125 11
127 11
128 11
130 11
131 11
134 11
135 12
137 11
139 10
140 10
142 10
143 10
145 10
147 10
149 10
150 10
152 10
153 10
155 10
157 9
159 9
160 9
163 9
165 9
166 8
168 8
169 8
170 8
173 8
174 8
176 8
178 8
179 8
181 8
183 8
184 8
186 8
188 8
189 8
191 8
192 8
194 8
196 8
197 8
199 8
201 8
203 8
204 9
206 7
207 7
209 8
211 7
213 7
214 7
216 7
218 7
219 7
220 7
223 7
224 7
226 7
227 7
229 8
231 8
232 8
235 8
236 7
238 7
239 7
241 7
243 7
245 7
246 7
248 7
249 7
251 7
253 7
255 7
256 7
259 7
260 7
262 7
264 7
266 7
267 7
270 7
271 7
274 7
275 7
276 7
278 7
280 7
281 7
283 7
285 7
286 7
288 7
289 7
293 7
294 7
297 7
298 7
299 7
301 7
302 7
304 7
305 7
307 7
308 7
312 7
314 7
314 7
318 7
319 7
