40 0
43 0
45 0
46 1
48 1
50 3
51 2
54 5
55 6
56 6
58 6
60 7
61 6
63 5
65 5
66 6
68 6
70 7
71 8
73 9
74 9
76 9
78 8
79 10
81 8
83 8
84 8
86 8
88 8
90 7
92 7
93 7
95 7
97 7
98 7
100 7
102 8
103 7
105 7
108 7
109 6
110 7
113 6
113 6
115 6
117 6
119 6
121 6
122 5
124 6
126 6
127 6
129 6
130 6
132 6
134 6
136 6
137 6
139 6
140 6
142 6
144 6
146 6
148 7
149 5
150 5
152 5
154 5
157 5
158 5
160 6
161 5
164 5
165 6
167 6
169 7
170 7
171 8
173 8
175 8
177 7
178 8
180 7
182 8
183 8
185 8
186 7
188 7
189 7
192 7
193 7
195 7
197 7
198 7
200 7
201 7
203 7
206 7
208 7
209 7
211 8
212 7
214 7
216 8
217 7
219 7
221 7
222 8
224 9
225 9
227 9
228 9
230 9
232 9
234 9
236 9
237 9
240 9
242 9
243 9
244 9
247 8
248 8
249 8
252 8
253 8
256 8
258 8
259 8
261 8
263 7
264 7
266 7
268 7
270 7
271 7
272 7
275 7
277 7
279 7
280 8
283 7
285 8
286 7
287 7
289 7
290 7
291 7
293 7
295 7
297 8
298 7
300 8
301 7
303 8
305 8
306 8
308 8
310 8
311 8
313 8
315 8
316 8
319 8
320 8
321 8
