50 0
53 0
54 0
56 0
58 0
59 1
61 1
63 1
64 1
67 2
68 4
70 5
71 6
73 7
75 7
76 7
78 7
80 7
82 8
84 8
85 8
87 8
88 8
90 8
91 8
94 9
95 8
97 7
99 9
101 8
103 8
104 8
106 9
108 9
109 8
111 9
113 8
114 8
116 8
118 8
120 8
121 7
124 8
125 7
127 7
128 7
130 8
131 8
133 8
135 8
137 8
138 9
140 9
141 9
143 8
145 9
147 9
148 9
150 9
152 9
153 8
154 8
156 9
158 9
159 8
162 9
163 8
165 8
166 7
168 7
170 7
172 7
173 8
174 8
177 8
178 8
179 8
181 8
183 8
185 8
187 8
188 8
190 8
191 8
193 8
195 8
197 8
198 8
200 8
202 8
203 8
205 8
207 8
208 8
210 8
211 8
213 8
215 8
216 8
218 8
220 8
221 8
223 8
225 8
227 8
228 8
230 8
232 8
233 8
235 8
237 8
239 8
241 8
242 8
244 8
246 8
247 8
249 8
251 8
253 7
255 7
256 7
257 7
260 7
262 7
262 7
264 7
265 7
267 7
269 7
272 7
273 7
274 7
277 7
280 7
281 7
283 7
284 7
286 6
287 6
289 6
290 6
292 6
294 6
296 6
297 6
299 6
301 6
303 6
304 6
306 6
308 6
309 6
310 6
312 5
314 5
315 5
317 5
320 5
322 5
