60 0
63 0
65 0
66 0
69 1
71 1
72 3
74 2
76 4
78 5
80 5
82 6
84 5
87 6
89 7
91 7
92 8
94 8
96 9
98 9
100 8
101 8
104 8
106 8
107 9
109 9
111 9
114 10
115 9
118 10
120 11
122 9
123 11
125 11
127 11
129 12
131 12
133 11
135 11
136 11
138 11
140 12
143 11
144 11
146 11
148 11
149 11
151 9
153 9
155 9
157 9
159 9
161 9
162 9
164 9
166 9
168 9
170 9
173 9
175 9
176 9
178 9
180 9
183 9
184 9
186 9
188 9
190 9
192 9
194 9
197 9
199 9
200 9
202 9
205 9
205 10
207 10
209 10
211 9
213 9
215 9
217 9
219 9
221 9
222 9
225 8
227 8
230 8
231 8
233 9
234 9
237 9
238 9
240 9
241 9
244 9
245 9
247 9
250 9
252 9
254 9
256 9
258 9
260 9
262 9
264 9
266 9
267 9
270 9
271 9
273 9
275 9
277 9
279 9
281 9
283 9
285 10
287 10
289 10
290 10
292 10
294 10
297 10
298 10
300 10
302 9
304 8
306 8
308 8
310 9
312 9
314 9
316 9
318 9
319 9
322 9
