30 0
33 0
34 0
36 0
38 0
40 0
43 1
45 1
46 1
47 2
49 1
51 3
52 1
54 2
56 1
58 3
60 4
62 4
63 4
65 4
67 5
68 5
70 5
72 6
73 6
75 7
78 6
79 8
81 6
83 6
85 6
86 6
88 6
90 6
93 7
94 7
96 7
98 8
100 8
101 8
103 8
104 8
106 8
108 8
109 8
111 9
113 9
115 8
116 8
118 8
120 8
121 9
123 8
125 8
128 7
129 7
130 7
132 6
133 6
135 6
137 6
139 6
141 6
142 6
144 6
145 6
147 6
149 6
150 6
152 6
155 6
156 6
158 7
161 6
162 7
164 7
166 7
168 7
170 7
171 7
173 6
175 6
176 6
178 6
180 6
182 6
184 6
186 6
187 6
189 6
191 6
192 6
194 6
196 6
197 6
199 7
201 6
202 7
204 7
206 7
207 7
209 7
211 7
213 7
214 7
217 7
219 7
220 7
221 7
223 7
226 7
228 7
230 7
232 7
233 7
234 7
237 7
238 7
240 7
242 7
243 7
245 7
247 7
248 7
249 7
252 7
254 7
255 7
256 7
258 7
259 7
262 7
263 7
265 7
267 7
269 7
271 7
273 7
274 7
276 7
278 7
280 7
282 7
283 7
285 7
287 7
289 7
291 7
292 7
294 7
295 7
298 7
299 7
301 7
302 7
304 7
306 7
307 7
309 7
311 7
314 7
316 7
317 7
318 7
320 7
322 7
