60 0
62 0
64 0
66 1
68 1
70 2
71 3
73 3
74 5
76 4
78 5
81 4
82 6
83 7
85 7
87 8
89 10
90 8
91 8
93 8
95 8
97 8
99 9
100 9
103 11
104 10
107 12
108 11
109 11
111 12
113 13
114 11
116 12
118 10
120 11
121 10
123 10
125 11
126 11
128 10
129 10
131 9
133 11
134 10
136 10
137 9
139 10
141 10
143 10
144 10
146 10
149 10
150 10
152 10
153 10
155 10
156 10
158 10
160 11
161 10
163 10
164 10
166 10
168 10
170 10
172 10
174 10
175 10
177 11
179 9
181 9
182 9
183 9
185 9
187 9
188 9
191 9
193 9
194 9
195 9
197 9
199 9
200 9
202 9
203 9
205 9
207 9
208 8
210 8
212 9
214 8
216 9
217 8
219 9
221 9
222 9
224 9
225 8
227 7
229 7
230 7
232 7
234 7
235 7
237 7
239 7
241 7
243 7
246 7
247 7
249 7
251 7
252 7
254 7
256 7
258 7
259 7
261 7
263 7
265 7
266 7
268 7
270 7
272 7
274 7
275 7
277 7
279 7
280 7
282 7
283 7
285 7
286 6
288 6
290 6
291 6
293 6
295 6
297 6
298 6
300 6
302 6
303 7
305 6
307 6
309 6
310 7
312 6
314 6
315 6
317 6
319 6
320 6
321 6
