40 0
43 0
45 0
47 0
48 0
50 0
52 0
54 1
56 2
57 3
58 4
60 4
62 6
64 5
65 4
67 5
69 6
71 6
72 6
75 6
76 6
78 6
80 6
82 6
83 6
85 5
86 6
88 7
90 6
92 6
93 6
95 6
97 5
99 5
100 5
102 6
104 6
105 6
107 6
109 6
111 6
112 6
114 6
116 6
117 5
119 5
121 5
122 5
124 5
126 5
128 5
130 5
132 5
133 5
135 6
137 6
138 6
140 6
142 6
144 6
145 5
147 6
149 6
151 6
152 6
154 6
156 6
157 5
160 6
161 6
163 6
165 6
166 6
168 6
170 6
172 5
174 6
176 5
178 5
179 6
181 6
183 6
185 5
186 6
188 6
190 6
193 6
194 6
195 6
197 6
199 6
200 6
202 6
203 5
206 6
207 6
209 5
212 6
213 6
215 6
217 6
218 5
220 5
222 5
223 5
225 6
227 5
229 5
231 5
232 5
234 5
236 5
237 5
239 5
240 5
242 5
244 5
246 5
248 5
249 5
251 5
254 5
255 5
257 5
258 5
260 5
262 5
263 5
265 5
266 5
268 5
270 5
272 4
275 4
276 4
277 4
279 4
281 4
283 4
285 4
286 4
288 3
289 3
291 3
293 3
295 3
296 3
299 3
300 3
302 3
304 3
306 3
308 3
310 3
312 3
313 3
315 3
317 3
318 3
320 3
