50 0
53 0
55 0
57 0
59 1
60 0
62 2
64 2
65 2
67 3
69 3
70 5
72 5
74 4
76 6
78 5
79 5
82 5
83 5
85 5
86 5
87 6
89 8
91 7
93 7
94 7
97 7
98 6
100 8
102 5
103 5
105 7
107 6
108 7
110 6
111 7
114 7
115 5
118 8
119 8
120 8
122 7
124 8
125 7
127 8
129 8
131 8
131 7
134 8
135 7
137 7
138 8
140 8
142 8
144 8
145 8
147 8
149 8
151 8
152 9
154 8
156 9
157 8
158 8
161 8
162 8
164 8
165 8
167 8
169 8
170 8
172 8
174 8
175 8
177 8
180 8
181 8
182 8
183 8
185 8
187 8
190 8
191 8
193 8
194 8
196 8
198 8
200 8
201 8
203 8
205 8
207 8
208 8
210 8
212 8
214 8
215 8
216 8
219 8
221 8
223 8
224 8
226 8
228 8
230 8
232 8
233 8
234 8
236 8
239 8
241 8
243 8
244 8
245 8
247 8
249 8
251 8
252 8
253 8
255 8
258 8
259 8
261 8
262 8
264 8
266 8
267 8
270 8
271 8
273 8
275 8
277 8
279 8
280 8
281 8
284 8
285 8
287 8
288 8
289 8
291 8
293 8
294 8
296 8
298 8
300 8
302 7
303 8
305 8
307 8
308 8
310 8
312 8
314 8
315 8
317 8
319 7
320 7
