50 0
52 0
55 0
56 0
58 0
60 1
61 2
63 2
65 4
67 3
68 5
70 6
72 6
73 6
76 7
77 8
79 8
81 9
82 8
84 9
86 9
88 9
89 8
91 9
93 9
94 9
97 9
98 9
100 9
101 8
103 10
105 12
107 12
108 11
110 11
112 10
113 10
115 10
117 10
119 10
120 10
122 10
123 10
126 10
127 10
129 11
131 10
132 11
134 11
136 10
138 11
140 11
142 11
144 11
145 11
148 11
149 11
150 10
152 10
154 10
156 10
158 10
160 10
162 10
163 10
165 10
167 9
168 9
170 9
172 8
174 8
176 8
177 8
179 8
180 8
183 8
184 8
186 8
187 8
189 8
191 8
193 7
194 7
196 7
198 7
200 7
201 7
203 7
205 7
207 7
208 7
210 7
212 7
213 7
216 7
217 7
219 7
220 7
222 7
224 7
226 7
227 7
229 7
231 7
233 7
234 7
235 7
237 7
239 7
241 7
243 7
244 7
246 7
248 7
250 7
251 7
254 7
255 7
257 7
259 7
260 7
262 7
264 7
265 7
268 7
269 7
271 7
273 7
274 7
275 7
277 7
279 7
281 7
282 7
284 7
285 7
287 7
289 7
291 7
292 7
294 7
296 7
297 7
299 7
301 7
302 7
304 7
307 7
308 7
309 7
311 7
313 7
315 7
317 7
318 7
320 7
