50 0
53 0
56 0
58 0
59 1
61 1
62 4
64 3
66 4
67 4
69 5
71 4
73 6
74 4
77 5
78 5
81 5
83 5
84 6
87 7
89 7
90 7
92 8
93 8
96 7
97 7
99 8
100 7
102 7
103 8
105 6
108 6
109 7
110 7
113 8
114 8
116 7
118 6
120 7
122 7
124 8
126 7
128 7
130 6
132 7
133 7
135 7
137 7
138 8
140 7
142 7
143 8
145 8
146 8
149 8
150 8
152 8
154 8
155 8
157 8
158 8
161 8
162 8
164 8
166 8
168 8
170 8
171 8
173 8
175 8
177 8
179 8
180 8
182 8
184 8
186 8
188 8
189 8
191 8
193 8
195 8
196 8
198 8
200 8
201 8
203 8
205 8
207 8
208 8
210 8
212 8
214 8
215 8
218 8
219 8
221 8
223 8
225 8
226 8
228 8
230 8
232 8
234 8
236 8
237 8
239 8
241 8
242 8
244 8
246 8
247 8
249 8
251 8
253 8
255 8
257 8
258 8
260 8
262 8
264 8
266 8
267 8
269 8
271 8
272 8
274 8
276 8
277 8
280 8
281 8
283 8
285 7
287 7
288 7
290 7
292 7
294 7
296 7
298 7
300 7
302 7
303 7
305 7
307 7
308 7
310 7
312 7
314 7
316 7
318 7
320 7
321 7
