60 0
63 0
65 0
67 0
69 0
70 0
72 2
74 4
76 4
78 4
80 4
82 5
84 6
86 7
88 6
90 8
92 7
94 7
96 7
98 9
100 10
102 9
104 10
106 10
108 9
109 9
111 9
113 9
115 9
116 9
118 9
120 9
123 9
125 9
126 9
128 9
130 9
132 10
134 10
136 10
138 10
140 8
142 8
144 8
146 9
147 7
149 7
151 8
153 8
155 8
157 8
159 9
161 8
163 8
165 8
167 8
168 8
170 8
172 8
174 8
176 9
177 8
179 7
182 8
183 8
185 8
187 8
190 8
191 10
193 8
195 9
197 9
199 9
201 10
203 10
205 10
207 10
208 10
211 10
212 10
215 10
217 11
218 11
220 10
222 10
224 10
226 10
227 10
229 9
231 9
233 9
235 9
238 9
240 9
241 9
243 9
245 9
247 9
249 9
250 9
252 9
255 9
257 9
259 9
260 9
263 9
265 9
267 9
269 9
271 9
272 9
275 9
277 9
279 9
281 9
283 9
284 9
286 9
289 9
291 10
293 10
295 10
297 9
299 9
300 9
302 9
304 10
307 10
309 10
310 10
312 10
314 10
315 10
317 10
319 10
321 10
