40 0
43 0
45 0
47 0
49 1
50 1
52 2
54 3
56 3
58 3
59 4
61 3
63 4
65 4
67 4
69 4
71 5
73 4
75 7
76 7
78 8
79 7
81 8
83 8
85 8
87 8
88 8
90 7
92 7
94 7
96 7
97 7
99 6
101 6
103 6
104 6
106 6
108 7
110 6
111 6
113 6
115 6
116 7
118 6
120 6
122 6
124 6
125 6
127 6
129 7
131 6
132 7
134 7
137 7
138 7
140 7
141 7
143 7
145 7
147 7
149 7
150 7
153 7
154 7
156 7
158 7
160 7
162 7
163 7
165 7
167 7
169 7
170 7
172 7
174 7
175 7
177 7
179 7
180 7
183 7
184 7
186 7
189 7
190 7
192 7
193 7
195 7
197 7
198 7
200 7
202 7
204 7
205 7
207 7
209 7
211 7
213 7
215 7
216 7
218 7
220 7
222 7
224 7
226 7
227 7
229 7
231 7
232 7
234 7
236 7
238 7
240 7
242 7
243 7
245 7
247 7
249 7
250 7
252 7
254 7
256 7
257 7
258 7
260 7
262 7
264 7
266 7
269 7
270 7
271 7
273 7
275 7
276 7
278 7
280 7
282 7
285 7
287 7
288 7
290 7
291 7
293 7
295 7
297 7
300 7
301 7
302 7
304 7
306 7
307 7
309 7
311 7
313 7
315 7
317 7
318 7
320 7
