70 0
73 0
75 0
76 0
79 0
80 1
82 2
83 5
85 7
87 8
88 7
90 6
92 7
93 7
96 8
97 9
99 8
101 7
102 8
104 8
106 7
107 7
109 7
111 7
113 8
114 8
115 8
117 8
119 9
120 10
122 9
124 10
126 10
128 10
129 11
131 11
132 10
134 9
136 10
138 7
139 7
142 9
144 8
146 9
148 8
149 7
151 8
152 8
154 9
156 8
158 8
159 9
161 9
164 9
164 9
166 9
168 9
169 8
171 8
173 8
174 8
176 8
178 8
180 8
181 8
183 8
186 8
187 9
188 9
190 9
192 9
194 9
195 9
197 9
198 9
200 9
202 9
203 9
205 9
207 9
208 9
210 9
212 9
214 9
215 9
217 9
218 9
220 9
222 9
223 9
225 9
227 9
229 9
230 9
231 9
234 9
235 9
237 9
239 9
240 9
242 9
244 9
246 9
248 9
249 9
251 9
253 9
254 8
256 8
257 8
259 8
261 8
263 8
264 8
266 8
268 8
269 8
271 8
272 8
274 8
276 8
277 8
279 8
281 8
282 8
284 8
285 8
288 8
290 8
291 8
294 8
295 8
296 8
299 8
300 8
302 8
304 8
306 8
307 8
309 8
310 8
312 8
314 8
315 8
317 8
318 8
320 8
322 8
