80 0
84 0
86 0
87 0
89 0
90 1
92 4
94 5
96 7
97 10
99 11
101 11
102 12
104 15
106 12
108 13
109 14
111 14
113 13
114 13
116 13
117 13
119 14
121 14
123 15
124 14
126 15
127 15
129 14
130 14
132 13
134 13
136 13
137 12
139 12
141 12
143 12
144 12
146 12
147 12
149 12
151 12
152 12
154 12
156 12
157 12
159 12
161 12
163 12
164 12
167 12
169 11
170 11
172 11
174 11
177 11
178 11
179 11
181 11
183 11
185 11
186 11
188 11
189 12
191 11
193 11
194 12
196 12
198 12
199 12
201 12
203 12
204 12
206 11
207 11
209 12
211 12
213 12
215 12
216 12
218 12
220 12
221 12
223 12
225 12
226 12
228 12
230 12
231 12
233 12
234 12
236 12
238 12
240 12
242 12
244 12
245 12
247 12
248 12
250 12
252 12
253 12
256 12
257 12
259 12
260 12
262 12
264 12
266 12
267 12
269 12
271 12
272 12
274 12
275 12
277 12
279 12
280 12
283 12
284 12
285 12
287 12
289 12
291 12
292 12
294 12
295 12
297 12
299 12
300 12
302 12
304 12
305 12
307 12
309 12
311 12
313 12
314 12
316 12
317 12
319 12
320 12
322 12
