40 0
42 0
45 0
47 1
48 0
50 1
51 1
54 1
55 2
58 1
59 2
61 1
63 2
65 1
66 1
68 1
70 2
72 5
73 6
75 7
77 7
79 9
80 7
82 7
84 7
86 7
87 7
89 7
91 7
93 7
94 7
96 7
98 7
100 7
101 7
103 7
105 7
107 7
109 7
111 7
113 7
114 7
116 7
118 7
120 7
121 8
123 8
125 8
127 8
129 8
131 8
132 8
135 8
136 8
138 9
140 8
142 8
143 8
145 8
147 8
149 8
150 8
152 8
153 8
155 8
157 8
159 8
160 8
162 8
164 8
167 8
168 8
169 8
172 8
174 8
175 8
177 8
179 8
181 8
182 7
184 7
186 7
188 7
189 7
192 7
193 7
194 7
196 7
198 7
201 7
202 7
204 7
206 7
207 7
209 7
211 8
212 7
214 7
216 7
218 7
220 7
222 7
224 6
226 6
228 6
229 6
231 6
233 6
234 6
237 6
239 6
240 6
242 6
245 6
247 6
248 6
250 6
252 6
254 6
256 6
257 6
259 6
260 6
263 6
265 6
266 6
267 6
270 6
271 6
273 6
275 6
277 6
278 6
281 6
282 6
284 6
285 6
287 6
289 6
291 6
293 6
294 6
296 6
298 6
300 6
302 6
304 6
306 6
308 6
309 6
311 6
313 7
315 6
316 6
317 7
321 7
321 7
