90 0
93 0
95 0
97 0
98 1
100 3
102 4
103 6
105 6
107 6
109 6
110 8
113 8
115 9
116 9
117 10
120 10
121 12
123 12
124 11
126 12
128 12
129 12
131 12
133 14
134 14
136 13
138 14
141 14
142 13
143 11
145 11
146 11
148 12
150 12
151 12
153 11
155 11
157 11
158 11
159 11
161 11
163 11
165 11
167 11
169 11
170 12
172 11
173 11
176 11
178 11
180 11
181 11
182 12
184 11
187 11
188 11
190 11
192 12
193 11
194 13
196 12
198 13
200 12
201 12
203 12
204 12
206 12
208 12
209 12
211 12
213 11
215 11
216 11
218 11
220 11
222 11
224 11
226 11
227 11
228 10
230 10
232 10
233 10
235 10
238 10
239 10
241 10
242 11
243 11
245 11
248 11
250 10
251 11
253 11
255 11
256 11
258 11
259 11
261 11
263 11
264 11
266 11
268 11
269 11
271 11
273 11
275 11
276 11
278 11
280 11
282 11
283 11
285 11
286 10
288 11
290 11
291 10
293 11
295 10
297 10
298 10
300 10
301 10
303 10
304 10
306 10
308 10
311 10
312 10
313 10
316 10
317 10
319 10
320 10
322 10
