70 0
73 0
75 0
76 0
78 0
80 0
82 1
83 4
86 3
87 5
89 6
91 6
93 5
94 8
97 6
98 8
100 7
102 9
104 10
105 9
107 10
109 11
111 10
112 8
114 8
116 7
118 7
120 7
121 8
123 8
125 8
127 8
128 8
130 8
133 9
134 9
136 9
137 8
139 8
141 9
143 8
145 7
147 7
148 8
150 8
152 8
154 8
156 9
158 9
160 7
162 8
163 7
165 8
167 8
169 7
170 8
171 9
173 8
176 8
177 8
179 9
181 9
183 10
184 10
186 9
188 10
189 10
191 9
192 10
194 9
197 9
198 8
201 8
202 7
204 8
206 7
208 7
209 9
211 9
213 9
215 8
217 9
218 9
220 9
222 9
224 8
226 8
228 9
229 8
231 8
232 8
233 8
236 8
238 7
240 8
241 7
243 7
245 7
246 8
249 7
250 7
252 7
254 7
255 7
257 7
259 7
261 7
263 7
264 7
266 7
268 7
270 7
271 7
274 7
275 7
277 7
278 7
280 7
282 7
284 7
286 7
287 7
289 7
291 7
293 7
295 7
297 7
299 7
300 7
302 7
304 7
306 7
307 7
309 7
312 7
313 7
315 7
317 7
318 7
320 7
322 7
