30 0
32 0
34 0
36 0
38 0
39 2
41 2
43 2
44 3
46 3
48 5
49 4
51 4
53 4
55 5
56 4
59 4
60 5
61 4
63 5
65 5
67 6
68 5
70 6
71 6
73 6
74 5
76 6
78 6
80 6
82 7
83 7
86 6
87 6
89 5
91 5
92 5
93 5
96 5
97 5
98 6
100 6
102 7
103 7
105 7
107 7
109 7
111 7
112 6
115 7
116 7
118 7
120 7
122 7
123 7
125 7
126 7
128 7
129 7
131 7
133 7
135 7
136 7
138 7
140 7
142 7
144 7
145 7
147 7
148 7
150 7
151 7
153 7
155 7
157 7
159 7
161 7
162 7
164 7
165 7
167 7
169 7
170 7
172 7
174 7
175 7
177 7
179 7
180 7
182 7
184 7
185 7
187 7
189 7
191 7
193 7
194 7
196 7
197 7
199 7
201 7
202 7
205 7
206 7
207 7
209 7
211 7
214 7
215 7
217 7
218 7
220 7
222 8
223 7
225 7
227 7
229 7
231 7
232 7
234 7
236 7
237 7
239 7
240 7
242 7
244 7
245 7
248 7
249 6
251 6
252 6
255 6
256 6
258 6
259 6
261 6
263 6
265 6
266 6
267 6
269 6
271 6
273 6
274 6
276 6
278 6
280 6
281 6
283 6
284 6
286 6
288 6
290 6
291 6
294 6
295 6
298 6
299 6
302 6
303 6
305 6
306 6
308 6
309 6
312 6
313 6
316 6
317 6
319 6
320 6
322 6
