70 0
73 0
75 1
77 0
78 0
81 2
83 3
84 4
86 4
87 5
89 3
90 5
92 5
94 7
96 7
98 7
100 6
102 6
103 8
105 9
107 9
108 10
110 11
112 11
113 10
115 9
117 8
119 9
121 10
122 8
124 9
125 10
127 10
129 10
131 9
132 9
135 10
136 7
138 9
139 9
142 10
143 10
145 10
147 9
148 10
150 9
152 10
154 10
155 9
157 9
158 9
161 9
162 11
164 11
165 10
167 10
169 10
171 10
173 10
174 10
176 11
178 10
180 10
181 11
183 11
185 11
187 11
189 11
190 11
192 11
194 11
195 11
197 11
199 11
200 11
202 11
204 11
207 11
208 11
209 11
211 11
213 11
215 11
216 11
218 11
220 11
221 11
223 11
225 11
227 11
228 11
230 10
232 10
234 11
237 11
239 12
241 11
242 11
244 11
245 11
247 11
248 11
250 11
252 11
254 11
256 11
258 11
259 11
262 11
263 11
265 11
267 11
268 12
270 11
271 11
273 11
275 11
277 11
278 11
280 11
282 11
283 11
285 11
286 11
288 11
290 11
292 11
294 10
295 11
297 10
298 10
300 11
302 11
303 11
305 11
307 11
309 11
311 11
313 11
314 11
316 11
317 10
320 10
321 11
