40 0
43 0
45 0
46 0
49 0
50 0
52 0
54 1
56 3
57 4
59 4
61 4
63 5
65 5
67 5
69 4
71 6
73 5
75 6
77 6
79 6
81 7
83 5
85 5
87 5
89 6
91 6
93 6
94 6
96 7
99 6
100 6
102 6
103 6
105 6
107 6
109 6
111 6
113 6
115 6
118 6
120 6
122 6
123 6
126 6
127 6
129 6
131 5
133 5
135 5
137 5
139 5
141 5
143 5
144 5
147 5
148 5
150 5
152 5
155 5
156 5
158 5
160 5
162 5
164 5
166 5
168 5
170 5
172 5
174 5
176 5
178 5
180 5
181 5
184 5
186 5
187 5
189 5
190 5
193 5
194 5
196 5
199 5
201 5
202 5
204 5
207 5
208 5
210 5
212 5
214 5
216 5
218 5
219 5
221 5
223 5
225 5
227 5
229 5
231 5
233 5
235 5
237 5
239 5
242 5
243 5
245 5
247 5
248 5
250 5
253 5
255 5
257 5
258 5
260 5
262 5
264 5
266 5
268 5
269 5
271 5
273 5
275 5
278 5
279 5
282 5
284 5
285 5
287 5
289 5
291 5
293 5
295 5
297 5
299 5
301 5
302 5
304 5
306 5
308 5
310 5
312 5
314 5
316 5
319 5
321 5
