30 0
32 0
35 0
36 0
38 0
39 1
41 1
44 1
45 2
47 2
49 2
50 3
52 3
53 3
55 3
57 3
58 4
60 4
62 5
63 6
65 5
67 5
68 5
70 7
72 7
74 7
75 7
77 7
79 6
80 6
82 6
84 6
86 6
87 6
89 6
91 6
93 6
95 6
96 6
98 7
99 7
101 7
103 7
104 7
106 7
108 7
110 7
111 7
113 7
114 7
116 7
118 7
120 7
121 7
124 7
125 7
126 7
129 7
131 7
132 7
133 7
135 7
137 7
138 7
141 7
142 7
144 7
146 7
147 7
149 7
151 7
152 7
154 7
155 7
158 7
160 7
161 7
163 7
165 7
166 7
168 7
170 7
171 7
173 7
175 7
176 7
178 7
180 7
182 7
183 7
184 7
186 7
188 7
190 7
192 7
193 7
195 7
196 7
198 7
200 7
201 7
203 7
205 7
206 7
208 7
210 7
212 7
213 7
215 7
217 7
218 7
220 7
222 7
224 7
225 7
228 7
229 7
231 7
233 7
234 7
236 7
238 7
239 7
241 7
243 7
245 7
246 7
248 7
249 7
251 7
253 7
255 7
256 7
258 7
260 7
261 7
263 7
264 7
267 7
267 7
269 7
271 7
273 7
275 7
276 7
277 7
280 7
281 7
283 7
285 7
287 7
288 7
290 7
292 7
293 7
295 7
297 7
299 7
300 7
302 7
304 7
305 7
307 7
309 7
310 7
312 7
313 7
315 7
317 7
319 7
321 7
