60 0
63 0
65 0
66 0
68 0
70 1
72 2
74 2
77 1
78 1
81 2
82 2
84 4
86 4
88 6
90 5
92 6
94 7
96 6
97 8
99 6
101 8
103 7
105 7
107 8
109 8
111 7
114 7
115 7
117 8
120 10
121 12
123 11
125 12
127 12
129 12
132 11
134 11
135 11
137 11
139 11
141 10
143 10
145 10
146 11
148 11
150 10
151 10
153 11
156 11
158 10
160 10
162 11
163 11
165 10
167 10
169 9
171 9
173 9
175 8
177 8
179 8
181 8
182 9
184 9
186 10
188 9
190 10
192 10
194 10
196 10
198 9
200 10
202 9
204 9
205 9
207 8
209 8
211 8
213 8
215 8
216 9
219 9
221 9
223 9
225 9
226 9
228 10
230 9
232 10
234 10
236 9
238 9
240 9
242 9
244 9
245 9
248 9
250 9
251 9
253 8
255 8
257 8
259 8
261 8
264 8
266 8
267 8
270 8
272 8
275 8
276 8
278 8
279 8
281 8
283 8
285 8
287 8
289 8
291 8
293 8
295 8
297 8
299 8
301 8
303 8
304 8
306 8
308 8
309 8
312 8
314 8
316 8
318 8
320 8
322 8
