30 0
33 0
34 0
37 1
38 2
39 2
41 5
43 5
44 7
46 6
47 7
48 6
49 6
51 6
52 7
54 7
55 7
56 6
58 6
60 6
61 7
62 7
63 7
65 7
66 6
68 6
69 6
71 6
72 6
73 6
75 6
76 6
78 6
79 6
80 6
82 6
84 6
85 6
86 6
88 6
90 5
91 5
92 5
95 5
96 5
97 5
99 5
100 5
102 5
104 5
105 5
106 5
107 5
108 5
110 5
112 5
113 5
114 5
116 5
118 5
119 5
120 5
121 5
124 5
125 5
126 5
129 5
130 5
132 5
133 5
134 5
135 5
136 5
137 5
139 5
140 5
142 5
143 5
145 5
147 5
148 5
148 5
150 5
152 5
153 5
155 5
156 5
158 5
159 5
160 5
162 5
163 5
164 5
166 5
168 5
169 5
171 5
172 5
173 5
175 5
176 5
178 5
180 5
181 5
182 5
184 5
185 5
186 5
188 5
189 5
190 5
192 5
193 5
195 5
196 5
198 5
200 5
201 5
203 5
204 5
206 5
207 5
208 5
210 5
212 5
213 5
214 5
216 5
217 5
219 5
220 5
221 5
223 5
224 5
226 5
229 5
230 5
232 5
233 4
234 4
235 4
237 4
238 4
240 4
241 4
242 4
243 4
246 4
247 4
248 4
249 4
251 4
252 4
254 4
255 4
258 4
259 4
260 4
261 4
263 4
265 4
266 4
267 4
269 4
271 4
272 4
273 4
275 4
276 4
277 4
278 4
281 4
283 4
284 4
285 4
286 4
289 4
290 4
291 4
292 4
294 4
296 4
297 4
298 4
299 4
302 4
303 4
305 4
306 4
307 4
309 4
311 4
312 4
313 4
314 4
316 4
317 4
318 4
320 4
322 4
