60 0
63 0
64 0
66 0
68 0
70 1
71 2
73 5
75 4
77 6
78 6
80 7
82 7
84 8
86 8
88 10
90 10
92 10
94 11
96 10
98 10
100 11
101 11
103 11
104 10
106 9
108 10
110 10
112 10
114 10
116 10
118 10
120 10
121 10
124 11
125 10
127 10
128 10
130 10
131 10
133 10
135 10
137 9
139 9
141 10
142 10
144 10
145 11
147 11
149 11
151 10
152 12
154 11
156 11
158 11
160 11
162 11
163 11
166 11
167 11
169 11
171 11
173 10
175 9
176 9
178 9
180 10
182 10
184 11
186 11
187 11
189 11
192 10
194 10
195 10
198 10
199 10
201 10
203 10
205 10
207 10
209 9
210 9
212 9
214 9
215 9
217 9
219 9
221 9
223 9
225 9
226 9
228 9
229 9
231 9
232 9
235 9
236 9
238 9
240 9
242 9
244 9
245 9
247 9
249 9
250 9
252 9
254 9
255 9
258 9
259 9
261 9
263 9
265 9
268 9
270 9
271 9
273 9
275 9
276 9
278 9
280 9
282 9
284 9
285 9
287 9
289 9
291 9
292 9
294 9
296 9
297 9
300 9
301 9
303 9
305 9
306 9
308 9
310 9
313 9
314 9
315 9
317 9
319 9
321 9
322 9
