30 0
33 0
34 0
37 0
38 0
39 2
41 1
43 2
45 4
46 3
49 2
50 3
51 4
53 5
55 5
57 3
59 5
60 4
63 4
64 4
65 5
67 3
69 4
70 4
72 5
73 4
75 5
77 4
78 4
80 4
82 4
84 5
86 4
88 4
90 4
91 4
92 4
94 5
96 5
98 5
100 6
101 6
103 6
106 6
107 6
109 6
111 6
113 6
115 6
117 5
119 5
120 6
121 6
123 6
125 6
126 7
128 7
130 7
131 7
133 7
135 7
136 7
138 7
140 7
142 7
143 7
145 7
147 7
149 6
150 6
152 6
153 6
155 6
157 6
158 6
159 6
162 6
164 6
165 6
167 6
169 6
171 6
172 6
173 6
174 6
176 6
178 6
179 6
181 6
183 6
185 6
187 6
189 6
190 6
192 6
193 6
194 7
196 7
198 7
200 7
202 7
204 7
205 7
207 7
209 7
211 7
212 7
213 7
215 7
218 7
219 7
220 7
222 7
223 7
225 7
227 7
229 7
230 7
232 7
234 7
235 7
237 7
239 7
240 7
243 7
244 7
246 7
247 7
249 7
250 7
252 7
254 7
255 7
257 7
259 7
260 7
262 7
264 7
266 7
267 7
270 7
270 7
273 7
274 7
276 7
277 7
279 7
281 7
283 7
284 7
287 7
288 7
290 7
291 7
293 7
295 7
296 7
298 7
300 6
302 6
303 7
305 7
306 7
308 6
309 7
312 7
313 7
315 7
317 7
319 7
321 7
