30 0
33 0
34 0
36 0
39 0
41 1
42 2
43 2
45 5
47 3
49 5
51 5
52 4
54 3
55 3
57 3
60 3
61 4
63 3
64 4
67 3
68 5
70 4
72 5
74 6
76 6
77 8
79 8
81 9
83 8
84 8
85 9
87 9
89 9
91 8
93 8
94 9
96 8
98 7
99 7
101 7
104 7
105 7
107 7
109 7
110 7
112 7
113 7
115 7
117 7
118 7
120 7
122 6
124 6
126 6
128 6
130 6
131 6
133 6
134 6
136 6
138 6
140 6
141 6
143 6
144 6
146 6
148 6
150 6
152 6
153 6
155 6
157 6
159 6
160 6
162 6
164 7
166 6
169 7
170 7
172 7
174 7
175 7
177 6
179 6
181 6
182 6
184 6
186 6
187 6
189 6
191 6
193 6
195 6
197 6
198 6
200 6
202 6
204 6
205 6
207 6
209 6
210 6
212 6
214 6
216 6
217 6
219 6
221 6
222 6
224 6
226 7
227 7
229 7
231 7
233 7
234 7
236 7
238 7
240 7
241 7
243 7
244 7
246 7
248 7
250 7
251 7
253 7
254 7
256 7
258 7
260 7
262 7
265 7
267 7
268 7
270 7
271 7
273 7
274 7
276 7
278 7
279 7
281 7
283 7
285 7
287 7
289 7
290 6
292 6
294 6
295 6
297 6
298 6
300 6
302 6
303 6
305 6
307 6
309 6
310 6
312 6
314 6
315 6
317 6
319 6
321 6
