90 0
93 0
94 0
95 0
97 1
99 3
102 6
103 4
105 6
106 6
107 6
109 9
110 8
111 9
112 10
113 12
114 16
116 15
118 14
120 15
121 12
122 14
123 14
125 15
126 15
128 15
129 15
131 15
133 14
134 14
135 14
136 14
138 14
140 14
142 14
143 14
144 14
146 14
147 14
149 14
150 14
152 14
153 13
155 13
156 13
158 13
159 13
160 13
161 13
163 13
164 13
166 13
167 13
169 13
169 12
171 12
173 12
174 12
176 12
177 12
179 12
180 12
181 12
182 12
184 12
185 12
186 12
188 12
189 12
191 12
192 12
194 12
195 12
198 12
199 12
200 12
202 12
203 12
205 11
207 11
207 11
209 11
210 11
212 11
213 11
214 11
216 11
217 11
218 11
220 11
222 11
223 10
224 10
225 10
227 10
229 10
230 10
231 10
233 10
235 10
237 10
238 10
239 10
240 10
242 10
244 10
245 10
247 10
249 10
250 10
251 10
252 10
254 10
255 10
256 10
258 10
259 10
261 10
262 10
264 10
265 10
266 10
268 10
269 10
272 10
272 10
273 10
275 10
277 10
278 10
280 10
281 10
283 10
285 9
286 9
287 9
289 9
291 9
292 9
294 9
295 9
297 9
298 9
299 9
301 9
301 9
303 9
305 9
306 9
308 9
309 9
310 9
311 9
313 9
315 9
316 9
318 9
319 9
320 9
321 9
