60 0
63 0
66 0
67 0
68 0
69 1
71 4
73 5
75 5
77 5
78 6
81 7
82 7
84 7
87 8
87 8
90 7
91 7
92 7
94 7
96 8
98 8
99 8
101 8
103 9
104 8
106 10
108 9
110 10
111 9
113 9
115 9
117 9
119 9
120 9
122 9
125 10
126 9
129 9
131 9
133 9
134 9
135 9
137 9
138 9
140 9
142 9
144 9
145 9
147 9
148 9
150 9
151 9
153 9
155 9
157 9
158 9
160 9
162 9
164 9
166 9
168 9
169 9
171 9
173 9
175 9
177 9
178 9
179 9
181 9
183 9
185 9
187 9
188 9
190 9
192 9
193 9
195 9
197 9
198 9
200 9
202 9
204 9
206 9
207 9
209 9
211 9
212 9
214 9
216 9
217 9
219 9
221 9
223 9
225 9
226 9
228 9
229 9
232 9
233 9
235 9
237 9
239 9
241 9
242 9
244 9
246 9
248 9
250 9
251 9
253 9
255 9
257 9
259 9
260 8
261 8
264 8
266 8
267 8
269 8
270 8
272 8
275 8
276 8
279 8
280 8
282 8
284 8
286 8
288 8
289 8
291 8
292 8
294 8
295 8
297 8
299 8
301 8
302 8
304 8
305 8
307 8
310 8
311 8
313 8
315 8
316 8
318 8
319 8
321 8
