70 0
73 0
75 0
77 0
78 0
80 1
82 2
84 1
86 1
87 1
89 2
91 2
93 3
95 4
97 6
98 6
100 6
101 7
104 5
105 7
107 6
109 7
110 8
113 7
115 8
116 7
119 8
120 8
122 6
123 9
126 9
127 8
129 8
131 9
132 9
134 10
135 11
138 9
140 12
142 10
144 12
145 13
147 12
149 13
151 13
152 12
155 14
156 12
158 13
159 12
162 13
164 13
166 14
169 14
170 14
171 14
173 15
175 14
177 13
178 13
180 13
182 12
183 12
186 12
187 12
189 13
191 13
192 13
195 13
196 13
198 12
200 13
202 13
203 13
205 13
207 13
209 12
211 12
213 12
214 12
216 12
218 12
220 12
221 12
223 12
225 12
227 12
229 12
231 12
233 12
234 12
236 11
239 12
241 11
242 12
244 13
246 12
247 13
249 11
250 12
253 11
255 12
256 12
258 11
259 11
261 10
263 11
265 11
267 11
268 11
270 11
272 11
273 10
275 11
276 11
278 12
280 12
282 12
284 12
286 12
287 11
289 11
291 11
294 11
295 11
298 11
300 11
301 11
303 11
305 11
306 11
308 11
310 11
312 12
314 12
315 12
317 12
319 12
321 12
