30 0
32 0
34 0
36 0
37 0
39 0
41 0
43 2
44 2
46 3
48 4
50 4
52 5
54 6
56 7
57 6
58 7
61 7
63 6
64 6
65 6
67 6
69 6
71 6
73 6
75 6
76 7
78 7
79 7
81 7
83 7
84 7
86 8
88 8
90 7
92 7
93 7
94 6
97 7
98 6
99 6
101 6
103 6
105 6
106 6
109 6
110 6
112 6
114 6
116 6
117 6
119 6
121 6
122 6
124 6
126 6
127 6
129 7
131 7
132 6
134 7
135 6
137 7
139 7
140 7
142 7
144 7
145 7
147 7
149 7
151 7
153 7
154 7
156 7
158 7
160 7
161 7
163 7
165 7
166 7
168 7
169 7
171 7
173 7
175 7
177 7
178 7
180 7
181 7
184 7
185 7
187 7
189 7
191 7
193 7
194 7
196 7
198 7
199 7
201 7
203 7
205 7
208 7
209 6
212 6
213 6
216 6
217 6
219 6
221 6
222 6
224 6
226 6
227 6
228 6
230 6
232 6
233 6
235 6
236 6
238 6
240 6
241 6
243 6
245 6
247 6
248 6
250 6
252 6
253 6
255 6
257 6
259 6
261 6
262 6
264 6
266 6
268 6
270 6
271 6
273 6
275 6
276 6
278 6
279 6
282 6
284 6
285 6
287 6
288 6
290 6
292 6
293 6
296 6
297 6
299 6
301 6
302 6
304 6
306 6
307 6
308 6
310 6
311 6
313 6
314 6
317 6
318 6
320 6
321 6
