90 0
93 0
95 0
96 0
98 0
100 0
102 2
104 1
105 3
107 5
109 6
111 7
113 8
114 9
116 9
118 9
119 10
121 11
123 12
125 13
127 13
128 11
130 11
133 14
134 13
136 14
138 13
140 13
142 13
144 13
146 14
147 13
149 15
151 14
153 16
155 15
157 15
159 17
161 13
162 16
164 17
166 17
168 17
170 16
171 15
174 15
175 16
176 15
178 15
180 15
182 15
184 15
186 15
188 16
189 15
191 17
192 16
194 16
196 16
198 16
200 16
201 16
204 16
205 15
206 15
208 15
210 15
212 15
213 15
215 16
217 16
219 14
221 14
223 15
224 14
226 13
228 14
229 14
231 15
233 15
235 14
236 15
238 15
240 14
242 15
244 15
246 14
248 14
250 14
251 14
252 15
254 13
256 13
258 14
259 13
261 13
263 14
265 14
267 14
269 14
270 13
272 13
273 13
276 14
277 13
279 13
280 13
282 13
284 13
286 13
288 13
289 13
292 13
293 13
294 13
297 13
299 13
300 13
302 13
303 13
306 13
307 12
310 12
311 12
313 12
314 12
317 11
319 12
320 12
