70 0
73 0
74 0
76 0
77 1
79 1
81 3
82 5
83 5
85 5
87 5
87 7
89 7
90 9
92 8
94 9
95 11
96 11
98 10
100 11
101 11
102 10
104 11
105 11
107 11
108 11
110 11
111 11
113 11
114 10
115 11
117 11
119 11
120 11
121 11
123 10
124 10
126 10
127 12
129 9
130 9
132 10
133 9
135 9
137 8
138 8
139 8
141 9
143 10
144 10
145 10
147 10
148 10
150 9
152 10
153 10
154 10
155 9
157 9
157 9
159 10
161 9
162 9
163 9
164 9
166 9
168 9
169 9
170 9
172 9
173 9
175 9
177 9
178 9
180 9
181 9
182 9
184 9
185 9
187 9
188 9
190 9
191 9
192 9
193 9
195 9
196 9
198 9
200 9
201 9
203 9
204 9
205 9
207 9
209 9
210 9
211 9
212 9
214 9
216 9
217 8
219 8
220 9
222 8
224 9
225 9
226 9
227 9
228 9
230 9
232 9
233 9
234 9
235 9
237 9
238 8
240 8
242 8
243 8
244 8
245 8
247 8
248 8
249 8
251 8
253 8
254 8
256 8
257 8
258 8
259 8
261 8
262 8
264 8
265 8
267 8
269 8
270 8
272 8
273 8
274 8
277 8
278 8
279 8
281 8
282 8
283 8
285 8
286 8
288 8
290 8
291 8
292 8
294 8
295 8
296 8
298 8
299 8
301 8
302 8
304 8
306 8
308 8
309 8
310 8
313 8
314 8
315 8
317 8
319 8
320 8
321 8
323 8
