40 0
43 0
45 0
47 0
48 0
51 0
52 0
54 0
56 0
58 0
61 1
62 2
65 2
66 4
69 4
71 5
72 6
74 6
76 6
78 6
79 6
83 5
84 6
87 6
89 6
90 7
92 8
94 7
96 7
98 7
100 7
102 7
104 7
106 7
108 7
110 8
111 8
113 8
115 8
117 8
119 8
121 8
123 8
125 8
127 8
129 7
131 7
133 7
135 7
136 7
138 7
141 8
142 7
144 7
145 7
148 7
150 7
151 7
153 7
155 8
157 7
159 7
160 7
163 7
165 7
166 7
169 8
171 8
172 8
174 8
176 8
178 8
180 8
182 8
184 8
186 8
188 8
190 8
191 8
193 8
195 8
197 7
199 8
201 8
204 7
205 7
207 8
209 8
210 8
212 8
215 8
216 8
218 8
221 8
223 8
225 7
226 8
229 7
230 7
232 7
235 7
236 7
238 7
241 7
243 7
246 7
247 7
250 7
251 7
253 7
255 7
256 7
259 7
260 7
263 7
264 7
266 7
268 7
269 7
271 7
273 7
275 7
277 7
280 7
282 7
284 7
286 7
288 7
289 7
291 7
293 7
295 7
296 7
298 7
300 7
302 7
304 7
306 7
308 7
310 7
312 7
314 7
316 7
318 7
320 7
322 7
