70 0
73 0
75 0
77 0
78 0
80 2
82 2
83 3
85 4
87 5
89 5
90 5
93 7
94 7
97 6
99 7
101 7
103 7
104 7
106 9
107 9
109 10
111 10
113 10
114 11
116 11
118 11
120 13
122 12
124 12
126 13
127 13
130 13
132 14
133 14
134 14
136 14
137 14
139 14
142 14
143 13
145 13
146 13
148 13
150 13
152 13
154 13
155 13
158 13
160 13
161 13
163 13
164 13
166 12
169 13
170 13
172 13
174 12
176 13
178 13
179 13
181 13
182 12
184 13
186 14
188 14
190 12
192 13
194 13
196 13
197 13
199 12
201 11
203 12
205 12
207 12
209 12
211 12
212 12
213 13
216 13
217 13
218 13
220 13
222 13
224 13
225 13
227 12
229 13
231 13
233 13
235 13
236 12
238 12
240 12
241 11
243 12
245 11
247 11
248 11
250 11
252 11
254 11
256 11
257 11
259 11
261 11
263 11
265 11
266 11
268 11
270 11
272 11
274 11
275 11
277 11
279 11
282 11
283 11
285 11
286 11
288 11
290 11
291 11
293 11
296 11
297 11
299 11
301 11
302 11
304 11
307 11
308 11
310 10
312 10
314 10
316 10
317 10
319 10
321 10
