90 0
92 0
94 0
96 0
98 1
100 3
103 3
104 5
105 5
107 4
109 5
110 5
112 7
114 8
116 6
117 7
118 7
120 9
122 7
124 11
125 11
127 12
129 12
130 10
132 10
134 10
136 10
138 10
139 9
141 10
143 10
145 11
146 11
147 11
149 11
151 10
153 11
155 10
157 12
158 12
159 11
161 13
163 13
165 13
166 13
168 13
170 15
172 14
173 14
175 13
176 13
178 14
179 14
181 13
183 13
185 13
186 13
188 13
190 13
192 12
194 13
196 12
197 13
199 13
200 12
201 12
203 12
205 13
206 13
209 12
211 13
212 12
213 12
215 14
217 14
218 14
220 14
222 13
223 13
225 13
227 14
229 14
231 13
233 14
235 12
237 14
239 14
240 14
241 14
243 14
244 13
246 13
248 13
251 12
253 12
254 14
256 14
258 14
259 14
261 14
263 14
264 14
266 14
267 14
269 14
271 14
272 14
274 14
276 14
278 14
279 14
280 14
282 14
285 14
286 14
288 14
290 14
292 14
293 14
294 14
296 14
298 14
299 14
302 14
303 14
306 14
307 14
309 14
311 14
313 14
314 14
316 14
317 14
319 14
320 14
322 14
