70 0
73 0
74 0
76 0
78 0
80 0
83 2
84 2
86 3
88 4
90 5
91 5
93 7
96 8
97 8
99 9
101 9
103 9
105 9
106 9
108 9
109 10
111 9
113 9
116 10
118 10
119 11
122 11
123 11
125 11
127 11
130 11
131 12
132 13
134 13
136 13
137 12
140 12
141 11
143 11
145 11
148 12
149 12
150 12
153 12
154 13
156 13
158 12
160 11
161 12
163 12
165 11
167 11
168 11
170 11
172 11
174 11
175 11
177 11
179 11
181 11
182 11
185 10
186 10
188 10
190 10
192 10
194 10
195 10
197 10
199 10
200 10
202 10
204 9
206 9
208 9
210 9
213 9
214 9
215 9
217 9
218 9
220 9
222 9
223 9
226 9
227 9
228 9
231 9
232 9
234 9
235 9
237 9
239 9
241 9
243 9
245 9
246 9
248 9
250 9
252 9
254 9
256 9
257 9
259 9
261 9
263 9
265 9
267 9
269 9
270 9
272 9
274 9
275 9
277 9
279 9
281 9
283 9
284 9
286 9
288 9
290 9
292 9
293 9
295 9
296 9
298 9
301 9
302 9
303 9
305 9
307 9
309 9
311 9
313 9
315 9
317 9
318 9
320 9
322 9
