50 0
53 0
55 0
57 0
59 1
61 0
63 0
64 2
67 1
68 2
70 2
72 3
74 4
77 4
79 5
80 4
82 6
84 7
86 7
88 6
90 6
92 6
94 7
96 8
97 7
99 7
102 8
103 9
105 9
107 8
109 9
110 10
113 10
114 10
116 10
118 11
120 10
122 10
124 10
126 11
128 11
130 11
132 11
134 12
136 12
138 11
140 11
141 9
143 9
145 9
147 9
149 9
151 9
154 9
155 9
158 10
160 9
161 9
163 10
165 10
167 10
169 10
170 10
173 10
174 10
176 11
178 10
180 9
182 8
184 8
186 8
188 8
190 8
192 8
194 8
196 8
198 8
200 9
202 10
204 10
206 10
208 10
210 10
211 9
213 9
216 9
218 9
219 9
221 9
223 9
225 9
226 9
229 10
231 9
233 9
234 9
236 9
238 10
240 10
242 10
244 10
246 10
247 9
249 9
252 9
253 9
256 9
257 9
259 9
261 9
264 9
265 9
268 9
270 9
271 9
273 9
275 9
277 10
279 9
280 9
282 9
284 10
286 10
289 10
291 10
292 10
294 10
296 10
298 10
299 10
302 10
304 10
305 10
308 10
310 10
312 10
314 10
316 10
317 10
319 10
321 10
