60 0
63 0
64 0
66 3
68 1
69 2
71 6
72 5
74 9
75 8
78 9
78 10
80 10
81 10
83 10
84 8
86 10
88 10
89 10
91 9
92 10
93 9
95 12
96 10
98 11
99 11
101 11
102 12
104 12
105 11
106 11
108 10
110 11
111 11
113 11
114 11
116 11
117 10
118 10
120 9
121 9
122 10
123 10
124 10
126 10
128 10
130 9
131 9
133 9
134 9
135 8
137 9
139 9
140 9
141 9
143 8
144 8
146 8
147 8
149 9
150 8
151 8
153 8
156 8
157 8
158 8
160 8
161 9
162 8
163 8
165 8
166 8
168 8
169 8
170 8
171 8
172 8
173 8
175 8
177 8
179 8
181 8
182 8
183 8
186 7
187 7
188 7
189 7
190 7
192 7
193 7
195 7
196 7
197 7
199 7
200 7
201 7
203 7
204 7
205 7
207 7
209 7
211 7
211 7
213 5
214 5
216 5
217 5
218 6
221 5
223 5
225 5
225 5
227 5
229 5
230 5
231 5
233 5
235 5
236 5
237 5
238 5
241 5
242 5
242 5
244 5
246 5
247 5
248 5
250 5
251 5
253 5
254 5
256 5
258 5
259 5
261 5
262 5
264 5
265 5
266 5
268 5
269 5
270 5
272 5
273 5
276 5
277 5
278 5
279 5
280 5
282 5
284 5
285 5
286 5
287 5
289 5
290 5
292 5
294 5
295 5
297 5
298 5
300 5
301 5
303 5
305 5
306 5
307 5
309 5
310 5
312 5
314 5
315 5
317 5
318 5
319 5
321 5
322 5
