60 0
63 0
65 0
66 0
68 0
69 0
71 0
73 2
75 5
77 6
79 8
81 7
83 8
84 9
86 8
87 8
89 11
91 10
92 12
94 12
95 10
97 10
99 11
101 11
102 10
104 11
106 11
107 10
109 10
111 10
113 11
114 10
117 10
119 10
120 10
121 10
123 10
125 10
127 10
130 10
131 10
133 10
134 11
136 11
137 10
138 11
140 11
143 11
144 11
145 11
147 11
148 11
150 11
152 11
154 10
155 10
157 10
159 10
160 10
162 10
164 10
166 10
167 10
169 10
171 10
173 10
175 10
176 10
178 10
180 10
181 10
183 10
184 10
186 10
188 9
189 10
191 10
193 10
195 9
196 9
198 9
199 10
202 10
203 9
205 8
206 8
208 9
209 8
211 9
213 8
214 9
217 8
218 8
220 9
221 8
223 8
225 8
226 8
229 8
230 8
231 8
233 8
234 8
236 8
239 8
241 8
242 8
243 8
245 8
247 8
249 8
251 8
252 8
254 8
256 8
257 8
259 8
261 8
262 8
264 8
266 8
267 8
269 8
271 8
272 8
274 8
276 8
277 8
279 8
281 8
282 8
284 8
286 8
287 8
289 8
291 8
294 8
295 8
297 8
299 8
301 8
303 8
304 8
306 8
308 8
309 8
310 8
312 8
314 8
316 8
317 8
319 8
320 8
322 8
