80 0
83 0
85 0
87 0
89 0
91 3
93 3
95 3
97 6
100 6
101 8
103 9
105 10
107 10
108 9
110 9
113 9
114 9
116 10
117 10
119 10
122 10
123 10
125 10
127 10
129 11
131 10
133 11
136 12
137 11
138 11
140 11
142 11
144 11
146 11
148 11
150 11
152 11
154 11
156 11
158 11
161 12
162 12
164 12
166 11
168 10
170 10
172 10
173 10
175 11
178 11
179 11
182 11
183 10
185 10
187 10
190 10
191 10
194 10
196 11
197 10
199 11
201 11
203 10
205 11
207 10
209 10
211 11
212 10
215 10
216 10
218 10
221 10
222 10
224 10
226 10
228 11
230 10
232 10
234 11
236 9
238 9
239 9
241 9
243 9
245 10
247 9
249 9
250 9
252 9
255 10
257 9
258 9
260 9
263 9
264 10
266 10
268 10
270 10
271 10
274 10
275 10
277 10
280 9
281 9
283 9
286 10
287 10
289 10
291 10
293 10
295 10
297 10
298 10
300 10
302 10
304 10
307 10
308 10
310 9
313 10
314 10
316 10
318 9
320 9
322 9
