70 0
73 0
74 0
77 1
78 1
80 2
82 2
84 4
86 4
87 4
89 4
91 7
93 8
95 8
96 7
98 6
100 6
104 7
105 8
106 8
107 7
110 7
112 7
113 8
115 8
116 8
118 8
120 9
122 10
124 10
126 10
128 8
129 10
131 10
132 8
134 9
136 10
138 10
140 11
141 10
143 10
146 10
148 11
149 12
151 12
152 12
154 12
156 12
157 12
159 12
161 12
163 13
164 12
166 12
168 11
171 12
172 10
174 11
176 11
178 11
180 12
181 12
183 11
185 12
187 10
189 10
191 11
192 11
194 11
196 11
198 11
199 11
200 11
202 11
204 12
206 10
208 12
209 12
211 13
213 12
215 11
217 13
219 11
220 11
222 11
224 11
226 12
227 11
230 11
231 12
233 12
234 12
236 12
239 11
240 11
242 12
244 12
246 12
247 12
250 12
251 12
253 11
255 11
257 11
258 10
259 11
261 11
263 10
265 11
267 10
268 10
270 10
272 9
274 9
276 10
278 10
280 10
282 10
283 10
285 10
287 10
288 10
290 10
292 10
294 10
295 10
297 10
299 10
301 10
302 10
304 10
306 10
307 10
309 10
311 10
313 10
315 10
317 10
318 10
320 10
322 10
