30 0
33 0
34 0
35 0
37 2
39 1
40 2
42 2
43 3
45 2
46 3
48 3
49 3
50 3
52 3
53 5
55 4
56 6
58 6
60 6
61 6
62 6
64 6
65 6
67 7
68 8
70 8
71 8
73 8
74 7
75 7
76 6
78 6
79 6
80 7
82 6
83 6
85 6
86 6
87 6
89 6
90 6
92 6
93 6
94 6
96 6
97 6
98 7
100 7
101 7
102 6
105 7
106 6
107 7
109 6
110 6
111 6
113 6
115 7
116 7
118 7
119 7
121 6
121 6
123 6
125 7
126 6
127 6
129 6
130 6
132 6
134 6
135 6
137 6
139 6
141 6
142 6
143 6
145 6
146 6
147 6
148 6
150 6
151 6
152 6
153 6
155 6
157 6
158 6
160 6
161 6
162 6
164 6
166 6
167 6
169 6
169 6
171 6
173 6
174 6
177 6
178 6
180 6
181 6
182 6
184 6
185 6
186 6
188 6
189 6
190 6
192 6
193 6
195 6
196 6
198 6
200 6
201 6
202 6
204 6
205 6
207 6
209 6
210 6
211 6
212 6
215 6
216 6
217 6
218 6
220 6
221 6
223 6
225 6
226 6
228 6
230 6
231 6
232 6
233 6
235 6
237 6
238 6
239 6
240 6
242 6
243 6
244 6
246 6
247 6
249 6
250 6
251 6
252 6
254 6
256 6
257 6
258 6
260 6
261 6
263 6
264 6
265 6
267 6
269 6
271 6
272 6
273 6
275 6
277 6
278 6
279 6
281 6
282 6
284 6
286 6
287 6
290 6
290 6
291 6
293 6
294 6
295 6
297 6
298 6
300 6
301 6
303 6
305 6
307 6
308 6
310 6
312 6
313 6
315 6
317 6
318 6
320 6
321 6
322 6
