40 0
43 0
45 0
46 0
48 0
50 0
51 0
53 2
55 4
57 3
59 5
61 5
63 5
64 5
66 5
68 5
70 5
72 6
74 7
75 7
77 7
79 9
80 8
82 8
84 8
86 8
87 8
89 7
92 6
93 7
95 6
97 6
99 7
101 7
103 7
105 7
106 7
108 7
110 7
112 7
113 7
115 6
117 7
119 6
121 6
123 6
124 6
126 6
128 6
130 6
132 6
134 6
135 6
137 5
139 5
141 5
143 5
145 5
146 5
148 5
150 5
151 5
153 5
155 5
156 5
158 5
160 5
161 5
164 5
165 5
167 5
169 5
171 5
173 5
175 5
176 5
178 5
181 5
182 5
184 5
185 5
188 5
189 5
192 5
193 5
195 5
197 5
198 5
200 5
202 5
204 5
205 5
207 5
209 5
211 5
212 5
214 5
215 5
218 5
220 5
222 6
223 5
225 6
227 5
229 6
232 6
233 6
235 6
237 6
238 6
240 6
243 6
245 6
246 6
248 6
250 6
252 6
253 6
256 6
257 6
260 6
261 6
263 6
264 6
266 6
268 6
270 6
272 6
274 6
276 6
277 6
280 6
281 6
283 6
285 6
287 6
289 6
291 5
292 6
294 6
295 6
298 6
299 6
302 6
304 6
305 6
307 6
309 6
310 6
312 6
313 6
316 6
317 6
319 6
321 6
322 6
