60 0
63 0
65 0
67 0
68 0
70 1
72 0
74 1
76 1
78 1
79 1
82 4
85 5
86 5
87 5
89 5
91 8
93 7
95 8
97 8
99 9
100 9
102 10
103 10
106 12
107 10
109 8
111 8
112 11
114 11
116 11
118 10
120 9
123 12
124 9
126 11
128 11
129 11
131 11
133 11
134 9
136 8
137 9
139 10
141 11
143 10
144 11
146 11
148 11
150 11
151 10
153 10
155 10
157 10
159 10
161 10
162 9
164 9
165 9
167 9
169 10
171 11
173 11
175 10
177 10
178 10
180 10
182 10
183 10
185 11
188 10
190 10
192 10
193 9
195 9
196 10
198 10
200 10
202 10
203 10
205 10
207 10
208 9
210 10
212 10
214 10
216 10
217 10
219 10
221 10
223 10
225 10
227 10
228 10
230 10
232 10
234 10
236 10
238 10
239 10
241 10
242 10
244 10
247 10
249 10
250 10
252 10
254 10
255 10
257 10
259 10
261 10
262 10
264 10
266 10
268 10
270 10
271 10
273 10
275 10
277 10
279 10
281 10
283 10
284 10
286 10
288 10
289 10
292 10
293 10
296 10
297 10
298 10
301 10
303 10
305 10
306 10
308 10
310 10
312 10
314 10
315 10
317 10
319 10
320 10
323 10
