80 0
82 0
84 0
86 0
88 1
90 2
92 2
93 3
95 4
98 5
99 6
101 6
102 6
105 9
106 9
108 10
110 10
113 9
114 11
116 11
118 12
119 12
122 12
124 11
126 12
129 12
130 12
131 12
134 11
135 11
137 10
139 10
140 11
142 11
144 10
146 12
148 14
149 15
151 15
153 15
155 15
157 15
158 14
160 15
162 14
164 15
166 15
168 15
169 15
171 13
173 12
175 12
176 12
178 12
180 12
182 12
183 12
185 12
187 13
189 12
191 12
193 12
195 12
196 13
198 12
200 13
201 12
203 14
205 13
207 14
208 12
210 15
212 15
214 14
215 13
217 13
220 13
221 12
224 13
225 13
227 13
228 13
230 13
232 13
234 12
236 12
238 12
240 12
241 12
243 12
245 12
246 12
248 12
250 12
252 12
254 12
256 12
257 12
259 12
261 12
263 12
266 12
266 12
269 12
271 13
272 13
274 13
275 13
277 13
279 13
280 13
282 13
284 13
286 13
287 13
290 13
291 13
293 13
294 13
296 13
298 13
300 13
302 13
303 13
305 13
307 13
309 13
310 13
312 13
313 13
315 13
317 13
319 13
321 13
