40 0
43 0
44 0
46 0
48 0
49 2
51 2
53 2
55 4
57 6
58 5
60 7
62 6
64 6
65 6
67 5
69 7
71 5
73 6
74 5
76 4
78 4
79 5
81 5
83 6
84 5
85 6
87 6
89 6
91 6
93 5
95 6
97 6
100 5
101 7
102 7
104 7
106 7
107 7
109 8
111 8
113 7
115 7
116 8
118 8
119 7
122 7
123 7
125 7
126 7
128 7
130 7
132 7
133 7
135 7
137 7
138 7
140 7
143 8
144 7
146 8
147 7
150 8
151 7
153 7
154 7
156 7
158 7
160 7
162 7
163 7
165 7
167 6
168 7
170 6
173 7
174 6
175 6
177 7
179 6
180 6
182 6
184 7
185 7
187 6
189 6
190 7
193 7
195 6
196 7
198 7
199 7
201 7
203 7
204 7
206 7
208 7
210 7
211 7
213 6
215 7
217 6
218 6
220 6
222 6
224 6
225 6
227 6
229 6
230 6
233 6
235 6
237 6
238 6
240 6
242 6
244 6
246 6
248 6
250 6
251 6
253 6
256 6
257 6
258 6
260 6
262 6
264 6
265 6
267 6
269 6
270 6
272 6
274 6
275 6
277 6
279 6
281 6
282 6
285 6
286 6
287 6
289 6
292 6
293 6
294 6
296 5
298 6
299 5
301 5
303 5
305 5
306 5
308 5
310 5
312 5
313 5
315 5
317 5
319 5
320 5
322 5
