90 0
93 0
94 0
96 0
98 0
100 1
101 2
103 3
105 4
106 6
108 4
110 7
112 6
113 8
115 9
116 10
118 9
120 9
121 10
124 9
126 9
127 10
129 10
131 11
132 11
134 13
135 12
137 12
139 12
141 13
142 13
144 13
145 13
147 13
150 13
151 14
152 14
154 14
156 16
157 13
159 14
160 14
162 14
163 15
165 15
167 15
169 15
171 15
172 15
175 15
176 15
177 15
179 15
181 15
183 15
185 15
186 15
188 15
190 15
191 15
192 15
194 15
196 14
197 14
200 14
201 14
203 14
204 14
206 14
207 14
209 14
212 14
212 14
214 14
216 14
217 13
219 14
221 13
223 13
224 13
226 13
228 13
229 13
231 13
234 13
235 13
237 13
239 13
241 13
242 13
243 13
246 13
248 13
250 13
253 13
254 12
255 12
257 12
259 12
260 12
262 12
264 12
266 12
267 11
269 11
270 11
272 11
274 11
276 11
278 11
279 11
281 11
282 11
285 11
285 11
287 11
288 11
290 11
293 11
294 11
296 11
297 11
299 11
301 11
303 11
305 11
307 11
308 11
310 11
312 11
314 11
315 11
317 11
318 11
320 11
321 11
