70 0
73 0
74 0
76 0
77 0
79 3
81 5
82 6
84 8
85 8
87 9
88 9
89 8
90 9
92 10
94 10
95 9
96 11
98 9
100 11
101 9
103 9
104 11
105 10
106 12
108 12
110 11
111 11
114 12
114 14
116 11
117 12
118 12
120 13
122 13
123 13
124 13
126 12
127 11
129 12
130 11
132 12
133 12
134 11
135 11
138 11
138 11
141 11
141 11
143 11
144 11
145 11
147 11
149 11
150 11
151 11
153 11
154 11
155 11
157 11
158 11
160 11
161 11
163 11
165 11
165 11
167 11
168 11
170 11
171 11
173 11
174 11
176 11
176 10
178 10
179 10
181 10
183 10
185 10
186 10
188 10
189 10
191 10
192 10
193 10
195 10
196 10
198 10
199 10
201 10
202 10
204 10
205 10
207 10
209 10
211 10
212 10
214 10
215 10
216 10
218 9
219 9
220 9
222 9
224 9
226 9
227 9
229 9
229 9
230 9
232 9
233 9
235 9
236 9
238 9
240 9
241 9
242 9
244 9
245 9
247 9
247 9
249 9
251 9
253 9
254 9
255 9
256 9
258 9
260 9
261 9
262 9
263 9
265 9
267 9
268 9
269 9
271 9
272 9
273 9
274 9
276 9
277 9
279 9
280 9
281 9
283 9
286 9
287 9
289 9
291 9
292 9
294 9
295 9
297 9
298 8
299 8
301 8
302 8
304 8
305 8
307 8
308 8
310 8
311 8
312 8
314 8
315 8
317 8
318 8
320 8
321 8
