30 0
32 0
35 0
37 0
39 0
40 0
42 1
45 1
46 2
48 5
50 6
52 6
54 7
56 6
58 7
60 7
61 6
63 7
65 7
67 8
69 7
71 7
73 6
74 8
77 7
79 7
81 6
83 7
85 6
87 6
89 6
90 7
92 7
95 6
96 6
98 6
100 6
102 6
104 6
107 6
108 6
111 6
113 6
115 6
116 6
119 6
120 6
122 6
123 6
125 6
127 6
128 6
131 6
132 7
134 6
136 6
138 6
140 6
142 5
145 5
146 5
149 5
150 5
152 6
154 5
156 5
157 5
159 5
161 5
164 5
165 5
167 5
169 5
171 5
173 5
174 6
177 5
179 6
180 6
182 6
184 6
186 6
188 6
190 6
192 5
194 5
196 5
197 5
200 5
201 5
203 5
205 5
207 5
209 5
211 5
213 5
215 5
217 5
219 5
221 5
222 5
225 5
226 5
229 5
230 5
232 5
235 5
236 5
238 5
240 5
243 5
244 5
246 5
249 5
251 5
252 5
254 5
256 5
258 5
260 5
261 5
264 5
265 5
267 5
269 5
271 5
273 5
275 5
278 6
280 6
282 5
284 5
286 5
288 5
289 5
291 5
293 5
295 5
297 5
299 6
301 6
303 6
304 6
306 6
308 6
310 6
312 6
314 6
316 6
318 6
319 6
321 6
