80 0
83 0
84 0
86 0
88 0
90 1
92 2
94 3
96 4
97 5
99 4
101 5
102 10
103 9
105 12
107 13
109 13
110 12
112 11
114 11
115 11
116 13
119 14
120 13
122 14
123 12
125 12
127 11
128 10
130 11
131 12
133 12
135 11
137 11
139 11
140 12
142 11
144 11
146 11
147 13
149 13
151 14
152 13
154 14
156 14
157 14
159 14
161 13
162 12
164 13
165 13
168 12
169 13
171 13
173 13
174 12
176 12
177 11
179 12
181 13
183 12
184 10
186 11
188 11
189 10
191 10
193 9
194 10
196 10
198 10
199 10
202 9
203 9
205 9
206 10
208 9
210 9
212 9
213 9
215 9
217 9
218 9
220 9
222 9
223 9
225 9
227 8
228 9
230 9
231 9
233 9
236 9
236 9
239 8
240 9
242 9
243 9
245 9
246 9
248 9
250 8
251 8
253 9
255 9
257 9
259 9
260 8
262 8
263 8
265 8
267 8
268 8
270 8
272 8
274 8
276 8
278 8
280 8
281 8
282 8
284 8
286 8
287 8
289 8
291 8
292 8
294 8
295 8
297 8
299 8
301 8
302 8
304 8
306 8
307 8
309 8
311 8
313 8
315 8
316 8
318 8
320 8
321 8
