30 0
33 0
35 0
36 0
38 0
40 0
42 0
44 1
45 2
47 5
49 5
51 5
52 6
55 6
56 6
58 6
60 6
61 6
63 7
66 7
68 6
69 7
71 8
73 9
75 8
77 8
79 8
81 7
82 7
84 7
86 7
87 7
90 7
91 7
93 7
96 7
97 7
99 7
100 7
102 7
104 7
106 7
108 7
110 7
112 7
113 7
115 7
117 7
119 7
121 7
123 7
125 7
127 7
129 7
131 7
132 7
134 7
136 7
137 7
139 7
141 7
143 7
145 7
146 7
148 7
149 7
151 7
153 7
155 7
157 7
158 7
160 7
162 7
164 8
165 7
167 8
169 7
172 8
173 7
176 7
177 7
179 7
181 7
182 7
185 8
186 8
188 8
189 8
191 8
192 8
194 8
196 8
198 8
199 8
201 8
202 7
204 8
206 8
208 8
210 8
211 8
214 8
216 8
217 8
218 8
220 8
222 8
224 8
225 8
228 8
229 8
231 8
233 8
235 8
237 8
239 8
241 8
244 8
245 8
247 8
249 8
250 8
252 8
254 8
256 8
257 8
259 8
261 8
262 8
264 8
266 8
268 8
270 8
272 8
273 8
274 8
276 7
278 7
281 7
283 7
285 7
286 7
288 7
289 7
292 7
293 7
295 7
296 7
298 7
299 7
302 7
303 7
305 7
307 7
309 7
310 7
312 7
313 7
315 7
317 7
318 7
320 7
322 7
