30 0
33 0
34 0
36 0
37 0
39 1
40 1
41 2
42 3
44 2
46 5
47 5
49 4
50 3
51 3
53 5
54 4
56 3
57 4
58 4
60 5
61 6
63 5
64 6
65 6
67 6
70 7
71 6
72 6
74 7
76 7
76 6
78 6
79 4
80 4
82 5
84 6
85 6
86 5
87 5
89 5
90 4
92 5
93 4
95 4
96 4
98 4
99 4
100 4
102 4
103 4
105 4
106 4
107 4
109 4
110 4
112 4
113 4
115 5
116 4
117 4
119 5
121 4
123 5
124 4
125 5
126 4
127 5
129 4
131 4
132 4
134 4
136 4
136 5
138 5
140 4
141 4
143 4
144 4
146 4
147 4
149 4
150 4
151 4
152 4
154 4
156 4
157 4
158 4
160 4
161 4
163 4
164 4
166 4
167 5
169 5
170 5
172 4
173 4
174 4
176 5
178 5
178 5
180 5
181 5
183 5
184 5
187 5
188 5
189 5
190 5
192 5
194 5
195 5
197 5
198 5
200 5
202 5
203 5
204 4
206 5
208 3
209 3
210 3
212 3
213 3
215 3
217 3
218 3
220 3
221 3
222 3
224 3
226 3
228 3
229 3
231 3
232 3
233 3
235 3
235 3
237 3
238 3
239 3
242 3
244 3
245 3
247 3
248 3
249 3
251 3
252 3
253 3
255 3
256 3
258 3
259 3
261 3
261 3
264 3
265 3
266 3
267 3
269 3
270 3
272 3
273 3
274 3
276 3
278 3
281 3
282 3
284 3
285 3
287 3
288 3
289 3
291 3
293 3
294 3
295 3
296 3
298 3
300 3
301 3
302 3
303 3
304 3
306 3
307 3
309 3
310 3
311 3
313 3
315 3
315 3
318 3
319 3
320 3
321 3
