80 0
83 0
84 0
87 0
88 0
90 3
92 3
93 3
95 7
97 7
99 9
101 10
102 11
104 12
105 13
107 12
108 13
110 12
112 13
114 13
115 13
117 12
119 13
121 13
124 14
125 13
126 11
129 11
129 11
131 11
133 11
134 12
137 12
138 12
140 12
142 12
143 12
145 11
147 10
149 10
151 10
152 10
154 10
155 10
157 11
159 10
160 10
161 10
163 10
165 10
167 10
169 10
170 10
172 10
174 10
176 10
178 10
179 10
181 10
183 10
185 10
187 10
188 10
190 10
192 10
193 10
194 10
197 10
198 10
200 10
202 10
203 10
205 10
206 10
208 10
210 9
211 10
213 9
215 9
218 9
218 9
221 9
222 9
224 9
226 9
227 9
228 9
231 9
232 9
234 9
236 9
238 9
240 9
241 9
243 9
245 9
246 9
248 9
250 9
252 9
254 9
256 9
258 9
259 9
260 9
262 9
264 9
265 9
267 9
269 9
271 9
272 9
275 9
276 9
279 9
280 9
282 9
283 9
285 9
287 9
288 9
290 9
292 9
293 9
295 9
297 9
299 9
300 9
301 9
303 9
304 9
306 9
308 9
309 9
311 9
313 9
315 9
316 9
319 9
321 9
