60 0
62 0
65 0
67 0
69 0
71 0
73 0
75 2
76 4
79 6
81 5
83 5
85 6
87 6
88 6
90 7
92 7
94 9
96 8
98 7
100 7
102 9
104 10
106 9
108 10
110 10
112 10
114 11
115 11
117 11
119 11
121 11
123 11
125 11
126 11
128 11
131 11
132 12
134 13
136 12
138 11
141 10
142 10
144 10
147 11
148 10
150 11
152 10
154 11
156 11
158 11
160 11
162 11
164 11
166 11
168 11
170 11
171 11
173 11
175 11
177 11
179 11
180 11
183 11
184 11
187 11
189 11
190 11
192 11
194 11
196 11
198 11
200 11
202 11
203 11
205 11
207 11
209 11
211 11
213 11
215 11
217 11
218 11
220 11
222 11
224 11
226 11
228 11
230 11
231 11
234 11
236 11
237 11
240 11
241 11
243 11
245 11
247 11
249 11
251 11
253 11
255 11
256 11
259 11
261 11
263 11
265 11
266 11
268 11
270 11
271 11
273 11
275 11
277 11
279 11
281 10
284 10
285 10
287 10
291 10
291 10
293 10
295 10
297 10
298 10
300 10
302 10
304 10
306 10
308 10
310 10
313 10
314 10
316 10
318 10
321 10
