60 0
62 0
64 0
66 0
67 1
69 2
70 2
71 3
73 6
74 10
76 7
77 8
79 10
80 6
82 8
83 9
85 10
86 11
88 10
89 10
91 11
93 12
94 13
95 11
97 12
97 13
100 13
101 10
102 9
104 9
105 9
107 9
108 9
110 9
111 7
113 8
114 8
116 8
117 7
118 7
120 7
122 7
123 7
124 7
126 6
127 6
128 6
130 6
131 6
133 6
134 6
136 7
137 7
139 7
142 7
143 7
145 7
146 7
147 7
149 7
150 7
151 7
152 7
154 6
157 6
158 6
159 6
160 6
161 6
162 6
164 6
165 6
167 6
168 6
170 6
172 6
173 6
174 6
176 6
177 6
178 6
180 6
181 6
182 6
184 6
184 6
186 6
187 6
189 6
191 6
192 6
194 6
196 6
197 6
198 6
200 6
202 6
203 6
204 6
205 5
207 5
209 5
209 5
211 5
213 5
215 5
216 5
218 5
219 5
221 5
222 5
223 5
224 5
226 5
227 5
229 5
230 5
232 5
233 5
234 5
237 5
237 4
239 4
241 4
243 4
243 4
245 4
246 4
248 4
249 4
250 4
252 4
253 4
255 4
257 4
258 4
260 4
261 4
262 4
264 4
265 4
268 4
269 4
270 4
271 4
273 4
275 4
277 4
278 4
279 4
280 4
281 4
284 4
285 4
287 4
288 4
290 4
291 4
292 4
294 4
295 4
296 4
298 4
299 4
301 4
303 4
304 4
305 4
306 4
308 4
309 4
311 4
312 4
314 4
315 4
317 4
318 4
320 4
321 4
