40 0
43 0
45 0
47 0
49 0
51 0
53 0
55 0
57 1
59 2
61 2
63 3
65 3
67 4
70 4
71 5
73 6
75 6
77 8
79 7
81 8
83 8
84 8
86 8
88 8
90 8
92 8
94 7
95 7
97 7
99 7
101 8
102 8
104 8
106 7
109 8
110 9
113 9
115 9
116 9
118 9
120 9
122 9
124 9
126 9
128 9
130 9
131 8
133 9
136 8
138 9
139 8
141 8
143 8
145 8
147 9
148 9
150 9
152 9
154 9
157 9
158 9
160 9
163 9
164 9
166 10
168 8
170 8
173 8
174 8
176 9
177 8
180 8
182 8
184 8
186 8
188 7
190 8
191 8
193 8
195 8
197 8
199 9
201 8
203 8
204 9
206 9
208 9
210 9
212 9
214 8
216 8
218 8
220 8
222 8
224 8
226 8
228 8
229 8
232 8
234 8
237 8
238 8
240 8
242 8
244 8
246 8
248 8
249 8
251 8
253 8
255 8
257 8
259 8
260 8
263 8
265 8
266 8
269 8
271 8
273 8
275 8
277 8
279 8
281 8
282 8
284 8
286 8
288 8
290 8
291 8
293 8
295 8
297 8
299 8
301 8
303 8
305 8
307 8
309 8
311 8
313 8
316 8
317 8
319 8
321 8
