60 0
62 0
64 0
66 1
68 2
70 3
72 4
74 6
76 5
78 6
79 6
80 7
83 7
85 9
87 8
89 9
90 10
92 11
94 12
96 11
98 12
99 12
101 14
103 12
105 12
107 12
108 12
110 13
112 13
114 13
115 13
117 14
119 14
121 13
122 13
125 12
126 13
128 12
130 12
132 12
134 12
135 12
137 12
139 11
140 12
143 11
145 11
146 11
148 11
150 11
152 11
154 11
155 11
156 11
158 11
161 10
162 10
164 9
166 9
167 9
169 9
171 9
173 9
175 8
176 8
178 8
180 8
182 8
183 8
185 8
187 8
189 8
191 8
192 8
194 8
196 8
198 8
199 8
201 8
203 8
204 8
206 8
209 8
210 8
212 8
215 8
216 8
218 8
219 8
221 8
223 8
225 8
226 8
228 8
230 7
231 7
233 7
235 7
238 6
239 6
241 6
242 6
244 6
246 6
248 6
249 6
252 6
254 6
255 6
257 6
258 6
261 6
262 6
264 6
265 6
268 6
269 6
271 6
273 6
274 6
276 6
278 6
279 6
281 6
283 6
285 6
287 6
288 6
290 6
292 6
294 6
296 6
298 6
299 6
301 6
303 6
305 6
307 6
308 6
310 6
312 6
314 6
315 6
317 6
319 6
321 6
