80 0
83 0
85 0
86 0
88 0
90 0
92 2
94 2
95 3
97 5
99 7
100 7
102 11
105 12
106 10
108 11
109 12
111 12
113 12
116 12
117 12
119 12
121 11
122 11
124 10
126 10
128 10
129 10
131 10
133 10
135 10
136 10
137 10
139 10
142 10
143 10
145 10
147 10
149 10
150 10
153 10
154 10
156 10
159 10
161 9
162 9
164 9
166 9
167 10
169 10
170 10
173 10
174 9
176 10
178 9
179 9
181 9
183 9
185 9
186 9
189 9
190 9
192 9
194 9
196 10
197 9
199 9
201 9
202 9
204 9
205 9
207 9
209 9
211 9
212 9
215 9
216 9
218 9
220 9
221 9
223 9
224 9
226 9
228 9
229 9
231 9
233 9
234 9
237 9
238 9
240 9
242 9
244 9
245 9
247 8
248 8
250 8
251 8
253 8
255 8
257 8
259 8
260 8
262 8
264 8
267 8
268 8
270 8
271 8
273 8
275 8
276 8
278 8
280 8
282 8
285 8
286 8
288 8
290 8
291 8
293 8
295 8
296 8
298 8
300 8
301 8
303 8
305 8
308 8
308 8
310 8
312 8
313 8
315 8
317 8
319 8
320 8
322 8
