30 0
32 0
34 0
36 0
38 1
40 1
42 1
43 2
45 2
47 2
48 2
51 2
53 2
55 2
57 2
58 3
59 4
61 3
64 3
66 3
68 3
69 4
71 4
73 4
74 4
76 4
78 6
80 6
82 7
83 5
86 6
87 4
89 5
91 6
93 5
95 6
96 6
98 6
100 6
103 6
104 6
106 8
108 7
110 6
111 8
113 9
115 10
117 9
119 10
121 9
122 10
124 10
126 10
127 9
129 10
131 10
132 10
134 10
136 10
138 10
140 10
142 10
143 10
146 10
147 10
149 10
150 11
152 9
154 10
157 10
158 10
160 10
161 10
163 10
165 9
166 9
168 9
170 7
171 9
173 9
175 9
177 9
178 8
180 8
182 8
184 9
186 9
188 9
189 9
191 9
193 9
194 9
197 9
198 9
200 9
201 9
203 9
205 8
207 9
209 9
210 9
212 9
214 9
216 9
218 9
220 9
222 9
223 9
225 9
227 9
228 9
231 9
233 9
234 9
235 9
237 9
240 9
241 9
242 9
245 8
247 8
249 8
250 8
252 8
254 8
256 8
257 8
259 8
261 8
262 8
264 8
266 8
268 8
270 8
272 8
273 8
275 8
277 8
279 8
280 8
282 8
283 8
285 8
286 8
288 8
290 8
292 8
294 8
296 8
298 8
300 8
301 8
303 8
305 8
307 8
309 8
311 8
312 8
314 8
316 8
317 8
319 8
321 8
