60 0
62 0
64 0
66 0
68 0
71 1
72 2
73 5
75 5
77 6
78 5
81 7
82 6
84 6
85 7
87 8
89 7
90 7
92 8
94 8
95 7
97 8
98 8
100 7
102 8
104 8
106 9
107 8
108 8
110 7
111 8
113 9
115 9
117 9
118 9
120 9
122 9
124 11
125 11
127 10
129 10
130 10
132 10
135 10
137 10
138 10
139 10
142 9
143 9
145 9
147 9
148 8
150 8
152 8
153 8
155 8
157 8
158 8
160 8
162 8
164 8
165 8
167 8
171 8
171 8
172 9
174 9
175 9
177 9
178 9
180 9
181 8
183 9
185 8
186 9
188 9
189 9
191 9
193 9
195 9
196 9
198 9
200 9
202 9
203 9
205 9
206 9
209 9
210 9
213 9
214 8
215 8
218 8
219 8
220 7
222 8
224 8
225 7
227 7
229 8
230 8
231 7
233 7
235 8
237 8
239 7
242 8
244 8
245 8
247 8
248 8
251 8
253 8
254 8
256 8
258 8
259 8
261 8
263 8
265 8
266 8
267 8
269 8
271 8
273 8
274 8
276 8
277 8
279 8
280 8
282 8
284 8
286 8
287 8
288 8
290 9
292 9
293 9
295 9
297 9
299 9
300 9
302 9
304 9
306 9
307 9
309 9
310 9
312 9
313 9
315 9
317 9
318 9
320 9
