40 0
42 0
44 0
46 0
47 0
49 1
51 2
52 5
53 2
55 6
56 8
57 6
59 8
61 8
62 8
63 9
65 8
66 7
68 7
69 7
70 8
72 8
74 8
75 9
76 9
77 9
79 8
81 8
82 8
85 7
85 7
87 7
88 6
90 7
91 7
93 7
94 7
96 6
97 6
98 6
100 6
101 6
103 7
104 6
106 6
107 6
109 6
110 6
112 6
114 6
115 6
116 6
117 6
119 6
120 6
122 6
123 6
124 6
127 6
128 6
129 6
131 7
132 7
133 6
135 6
137 7
138 6
139 6
140 6
142 7
144 7
145 7
146 7
147 6
149 8
150 7
152 7
153 6
154 6
156 6
157 6
159 7
160 6
162 6
163 6
165 6
166 6
167 6
169 6
170 6
172 6
173 6
175 6
176 6
178 6
180 6
182 6
182 6
183 6
185 6
186 6
187 6
189 6
190 6
191 6
192 6
195 6
196 6
198 6
199 6
201 6
202 6
204 6
205 6
206 6
208 6
210 6
211 6
211 6
213 6
216 6
217 6
218 6
220 6
221 6
223 6
223 6
225 6
227 6
228 6
230 6
231 6
233 6
235 6
235 6
237 6
239 6
240 6
241 6
243 6
245 6
246 6
248 6
248 6
250 6
252 6
253 6
254 6
257 6
257 6
259 6
260 6
262 6
264 6
265 6
267 6
268 6
269 6
271 6
272 6
273 6
275 6
276 6
278 6
279 6
281 6
282 6
283 6
285 6
286 6
288 6
289 6
290 6
291 6
293 6
295 6
296 6
298 6
299 6
301 6
302 6
303 6
305 6
306 6
308 6
310 6
311 6
312 6
314 6
315 6
316 6
318 6
319 6
321 6
323 6
