90 0
93 0
94 0
97 0
99 0
101 1
103 2
105 1
107 1
109 4
110 5
112 5
115 8
116 9
118 10
120 10
122 11
124 15
125 15
127 15
130 14
132 16
134 15
135 15
138 15
139 17
141 17
143 16
145 16
147 15
148 15
150 15
152 15
154 15
156 15
158 15
161 15
162 15
164 16
166 16
168 15
170 15
172 15
174 15
176 15
178 14
179 15
181 15
183 15
185 15
187 15
189 14
191 14
193 14
195 14
197 14
198 15
200 14
203 14
205 15
206 14
208 14
210 14
212 14
213 14
216 14
217 14
220 14
221 14
223 14
225 14
228 14
229 14
231 15
233 14
235 15
237 15
239 15
241 15
243 15
245 15
247 15
248 15
250 15
252 15
254 15
256 15
257 15
259 15
261 15
263 15
266 15
268 15
270 15
271 15
273 15
275 15
277 15
279 15
280 15
282 15
284 14
287 14
288 14
290 14
292 14
294 14
296 15
298 14
300 14
302 13
303 14
306 14
307 15
309 15
311 14
314 15
315 14
318 13
320 14
321 13
