60 0
63 0
65 0
67 0
69 0
71 0
73 2
74 2
76 1
78 1
80 1
82 4
84 3
86 4
89 5
91 6
94 6
95 6
97 6
99 6
101 6
103 7
104 7
107 7
109 7
110 7
112 8
114 8
116 8
118 8
120 8
121 8
123 9
126 9
128 10
130 10
132 10
134 11
135 12
137 13
139 13
141 14
143 13
144 13
146 14
149 14
150 13
152 13
154 13
156 13
158 13
160 13
162 13
164 12
166 12
168 13
169 12
171 11
173 11
175 11
177 11
179 11
181 11
183 11
184 11
186 11
189 11
190 11
192 11
194 11
196 11
198 11
199 11
202 11
204 11
206 10
207 11
209 10
211 10
213 10
215 10
217 11
218 9
220 9
222 10
225 10
227 10
229 10
231 10
233 10
234 10
236 10
238 10
239 10
241 10
243 10
245 9
247 9
250 9
252 9
254 9
256 9
258 9
259 9
261 9
263 9
265 9
267 9
268 9
270 9
272 9
274 8
276 8
278 8
281 8
283 8
285 8
287 8
289 8
291 8
293 8
295 8
296 8
298 8
300 8
302 8
304 8
305 8
308 8
310 8
312 8
314 8
315 8
317 8
319 8
321 8
