70 0
72 0
74 0
76 1
78 1
79 1
81 1
82 1
84 4
85 5
87 8
88 7
90 7
91 8
92 7
94 10
96 7
98 8
99 7
100 7
101 8
104 9
105 7
106 6
108 6
109 7
111 6
112 8
114 7
115 8
117 8
118 8
120 8
122 8
123 8
124 8
126 9
127 9
130 9
131 9
132 9
134 9
135 9
137 8
139 8
140 10
142 9
143 9
145 9
147 9
148 9
149 9
150 9
152 10
153 9
155 9
156 10
157 7
159 8
161 9
162 9
163 9
165 8
166 8
168 9
170 8
171 10
173 10
175 8
176 8
178 8
179 8
180 8
182 8
183 8
185 8
186 8
188 8
189 8
191 8
192 8
193 8
195 8
196 8
198 8
199 8
201 8
202 8
203 8
204 7
206 7
209 7
209 7
210 7
212 7
213 6
215 6
217 6
218 6
219 6
221 6
222 6
223 6
225 6
226 6
228 6
229 6
231 6
232 6
233 6
234 6
236 6
237 6
239 6
240 6
243 6
243 6
245 6
246 6
247 6
249 6
250 6
252 6
253 6
254 6
256 6
257 6
259 6
261 6
263 6
263 6
264 6
266 6
268 6
271 6
271 6
273 6
275 6
276 6
277 6
278 6
280 6
281 6
283 6
284 6
286 6
287 6
289 6
290 6
291 6
293 6
295 6
296 6
298 6
299 6
301 6
301 6
303 6
305 6
306 6
308 6
308 6
310 6
311 6
313 6
315 6
316 6
317 6
319 6
321 6
