60 0
63 0
65 0
67 0
69 0
71 0
73 2
75 3
77 4
79 3
81 5
82 6
84 7
86 7
88 8
90 9
92 9
95 9
96 9
98 10
99 10
102 9
104 9
105 9
108 9
109 9
111 9
114 9
115 9
117 8
119 8
122 8
123 9
125 9
126 9
129 9
130 9
132 9
134 10
136 9
138 9
140 9
142 9
144 9
146 9
148 9
149 10
151 10
153 10
155 9
157 8
159 9
160 9
163 8
164 10
167 9
169 8
171 9
173 9
175 9
177 9
179 9
180 8
182 8
184 7
186 7
188 7
190 7
191 7
193 8
195 7
197 8
199 7
201 7
204 7
205 8
207 7
209 7
210 8
212 7
214 9
216 8
218 8
219 9
221 9
224 9
226 9
228 8
230 8
231 8
233 8
235 8
237 8
239 8
241 7
242 7
244 7
246 7
249 8
250 7
252 7
254 7
256 7
258 8
260 8
262 8
264 8
266 7
267 7
270 7
272 7
273 7
275 7
277 7
279 7
281 7
283 7
284 7
287 7
289 7
291 7
292 7
294 7
296 7
298 8
300 8
302 8
305 8
306 8
308 8
310 8
312 8
314 8
316 8
317 8
320 7
321 7
