60 0
63 0
65 0
67 0
69 0
71 0
73 3
75 4
77 4
78 4
81 7
83 7
85 6
86 8
88 6
90 7
91 8
94 6
95 8
98 8
99 9
101 9
104 8
105 8
107 8
109 7
111 7
113 7
115 7
116 7
118 7
120 6
122 7
124 8
126 7
128 8
130 10
132 10
134 9
135 9
137 8
139 10
141 9
143 9
145 10
147 9
149 9
150 9
153 10
155 10
157 8
158 8
160 7
162 7
164 7
166 8
168 8
170 8
172 8
174 8
177 7
178 8
180 7
182 7
183 7
186 6
188 7
189 6
191 7
193 7
195 7
197 7
199 7
201 7
203 7
206 7
208 7
209 7
211 7
213 7
215 7
217 7
219 7
220 8
222 8
224 8
226 8
228 8
230 8
232 8
234 8
236 8
238 8
239 8
241 8
243 8
245 8
248 8
249 8
251 8
253 8
255 8
257 8
260 8
261 8
263 8
265 7
267 7
269 7
271 7
273 7
275 7
277 7
279 7
281 7
282 7
284 7
286 7
288 7
290 7
291 7
293 7
295 7
298 7
299 7
302 7
303 7
306 7
307 7
309 7
311 7
313 7
315 7
316 8
318 7
320 8
322 7
