30 0
33 0
35 0
36 0
39 0
40 0
43 0
44 0
46 0
48 0
50 1
52 1
53 3
56 2
57 4
59 5
61 5
63 5
66 5
68 5
70 5
71 5
74 5
76 5
78 5
79 5
81 5
83 5
85 6
87 6
88 6
90 6
92 6
94 6
96 6
98 6
99 6
101 5
103 5
105 6
107 6
109 5
111 6
113 6
115 6
117 8
118 8
121 8
122 6
124 7
126 7
128 6
129 6
131 6
133 8
135 7
137 7
140 7
141 7
144 7
145 7
147 8
149 7
151 7
152 8
155 8
157 9
158 9
160 8
162 9
164 9
166 9
168 8
171 8
172 8
173 8
176 9
177 9
180 10
182 10
184 9
186 9
187 9
189 9
191 9
193 10
195 10
197 10
199 9
201 10
203 10
204 10
207 9
209 9
210 8
212 9
214 9
216 9
218 9
220 9
221 9
223 9
225 9
227 9
229 9
231 9
233 9
235 9
237 10
239 9
241 9
242 9
244 9
247 9
249 9
251 9
253 9
255 9
257 9
259 9
261 9
262 9
265 9
267 9
269 9
270 9
273 9
275 9
276 9
278 10
281 9
282 9
284 10
286 10
288 10
290 10
292 10
294 10
295 10
297 10
299 10
301 10
303 10
305 10
307 10
310 10
311 10
313 10
315 10
316 10
318 10
320 10
322 10
