50 0
53 0
54 0
56 0
58 1
60 2
62 2
63 4
65 6
67 6
69 6
71 9
73 8
75 10
77 10
78 10
80 10
81 11
83 12
85 11
87 11
88 12
90 12
92 12
94 12
96 11
98 12
99 11
102 11
103 12
105 10
106 10
108 10
111 10
112 10
114 10
116 10
118 10
120 10
122 9
124 9
126 9
127 9
129 9
131 9
133 9
134 9
136 9
139 8
140 8
142 8
143 8
145 8
147 8
149 8
151 8
153 8
155 8
156 8
158 8
160 7
162 7
163 7
165 7
167 7
168 7
171 7
172 7
174 7
176 7
177 6
179 6
182 6
183 6
185 6
186 6
188 6
190 6
192 6
194 6
196 6
198 6
199 6
201 6
203 6
204 6
207 6
208 6
210 6
212 6
214 6
215 6
218 6
219 6
221 6
223 6
224 6
226 6
228 6
230 6
232 6
233 6
235 6
237 6
239 5
240 5
242 5
244 5
246 5
247 5
249 5
251 5
253 5
255 5
256 5
258 5
261 5
262 6
263 5
265 5
267 5
269 5
270 5
273 6
274 5
275 5
278 5
280 5
282 5
283 5
285 5
287 5
289 5
291 5
293 5
294 5
296 5
298 5
299 5
301 5
303 5
305 5
306 5
308 5
309 5
312 5
314 5
315 5
317 5
319 5
322 5
323 5
