40 0
43 0
45 0
46 0
49 0
51 0
52 0
55 0
57 1
59 3
60 3
62 4
64 3
66 3
68 4
70 4
72 4
74 4
76 5
77 5
80 5
82 4
83 5
86 4
88 4
90 3
91 3
93 4
95 5
97 4
100 4
100 4
102 4
105 4
106 4
109 4
110 4
112 5
113 6
116 6
118 6
120 6
121 6
123 6
125 6
127 6
129 6
131 6
133 4
134 5
136 5
138 6
140 6
142 5
145 6
146 7
148 7
150 7
152 7
154 7
156 7
157 6
160 6
161 7
163 7
165 7
167 7
169 7
171 7
173 7
174 7
176 7
178 7
180 7
182 7
184 7
186 7
188 7
190 7
192 7
193 7
195 7
197 7
199 7
201 7
203 8
206 8
208 8
210 8
211 8
213 8
215 8
217 8
220 8
221 8
223 8
226 8
227 7
229 7
231 7
232 7
234 7
236 7
238 8
240 7
242 7
244 8
246 8
248 7
250 7
252 7
254 7
255 7
257 7
259 7
261 7
264 7
265 7
267 7
269 7
271 7
273 7
275 7
277 7
278 7
281 7
282 7
285 7
287 7
288 7
290 7
292 7
294 7
296 7
298 7
300 7
302 7
303 7
306 7
308 7
310 7
312 7
313 7
315 7
318 7
319 7
322 7
