80 0
83 0
84 0
86 0
88 0
90 0
91 1
94 2
95 4
96 5
98 4
100 8
102 8
103 8
105 6
106 8
108 8
110 8
112 8
114 8
116 9
117 9
119 9
120 9
122 8
124 9
125 9
127 11
129 11
130 11
133 10
134 12
135 12
137 12
139 11
140 13
142 12
144 12
145 13
147 13
149 13
151 13
153 13
154 13
156 14
157 14
159 14
161 14
162 14
164 14
165 13
167 13
169 13
173 13
173 13
175 13
176 13
178 13
179 12
181 12
183 12
185 12
186 12
188 12
190 12
191 12
194 12
196 12
197 12
199 12
200 12
202 12
204 12
205 12
207 13
209 13
211 13
212 13
215 13
216 13
217 12
219 13
221 13
223 13
225 13
228 13
230 13
231 13
232 13
234 13
236 13
238 13
239 13
241 13
242 13
244 13
245 13
247 12
249 13
251 13
253 13
255 13
256 13
258 12
259 13
261 12
262 12
264 12
265 12
267 12
268 12
270 12
272 12
274 12
275 12
277 12
279 12
281 12
283 12
284 12
286 12
287 12
289 12
291 12
293 12
294 12
296 12
298 12
299 11
300 11
302 11
304 11
306 11
308 11
312 11
313 11
314 11
316 11
317 11
319 11
320 11
322 11
