90 0
92 0
95 0
97 0
98 0
100 2
102 3
104 4
106 5
108 8
109 5
111 9
113 9
114 8
116 8
118 9
120 10
121 11
124 11
125 10
127 10
129 11
131 11
133 10
134 10
136 12
138 12
140 14
141 12
143 13
144 14
146 14
147 15
149 13
151 15
152 15
154 16
156 17
159 16
160 16
162 16
164 16
165 16
167 15
169 15
170 15
172 15
174 15
176 15
178 15
179 15
181 15
182 14
184 14
186 14
187 14
190 14
191 13
193 14
195 14
196 14
198 13
200 13
201 12
204 12
206 12
208 12
209 12
211 12
212 12
214 12
216 12
217 12
219 12
220 12
222 12
224 12
226 12
227 12
229 11
231 11
232 11
234 11
236 11
237 11
239 11
241 11
242 11
245 11
247 11
248 11
250 11
252 11
253 10
255 10
256 10
258 11
260 11
262 11
264 10
266 11
267 11
269 10
271 11
273 11
275 11
276 11
279 11
280 11
282 11
284 11
287 11
288 11
289 11
292 11
293 10
295 10
296 10
298 10
300 10
302 11
304 10
305 11
307 10
308 11
310 11
312 10
314 10
316 11
318 11
319 11
322 11
