50 0
53 0
55 0
57 0
58 1
60 2
61 4
63 4
65 5
67 6
69 6
71 9
72 11
74 10
76 10
78 8
79 9
81 9
84 9
85 9
87 9
88 9
90 9
91 9
94 9
95 9
97 9
99 9
100 9
102 9
104 9
105 9
108 9
109 9
111 9
113 9
114 10
116 10
118 9
119 10
121 11
123 9
125 11
127 11
128 11
130 11
132 11
135 11
136 12
137 12
139 11
141 12
143 11
144 13
146 11
147 12
149 11
150 10
153 10
154 12
156 12
158 12
160 10
162 10
163 10
166 11
167 10
169 10
171 9
172 9
174 9
176 9
177 9
179 9
181 9
183 8
185 8
187 8
188 10
190 10
191 10
193 9
195 8
196 9
198 9
200 9
202 9
204 9
206 9
207 9
209 9
210 9
212 9
214 9
216 8
219 8
220 8
222 8
224 8
226 8
228 8
229 8
231 8
233 8
235 8
236 8
238 8
239 8
241 8
243 7
245 7
247 7
248 7
250 7
252 7
253 7
255 7
257 7
258 7
260 7
261 7
263 7
265 7
266 7
268 7
270 7
272 7
274 7
276 7
278 7
279 7
282 7
283 7
285 7
286 7
288 7
290 7
292 7
293 7
295 7
296 7
299 7
300 7
302 7
304 7
305 7
307 7
309 7
311 7
312 7
314 7
315 7
317 7
320 7
321 7
