60 0
63 0
65 0
67 0
69 0
71 0
73 1
74 3
76 5
78 6
80 6
82 7
84 9
86 9
87 10
90 9
92 8
94 10
96 9
97 10
100 11
101 11
103 12
105 13
107 13
110 11
111 11
113 11
115 11
117 10
119 11
121 12
122 12
125 11
127 11
129 10
131 10
132 11
134 11
137 11
139 10
141 10
143 11
145 11
146 11
148 11
150 11
153 11
154 11
156 11
158 11
160 10
162 11
163 10
166 11
167 10
169 12
171 12
173 13
175 12
177 12
179 12
181 12
183 12
185 12
186 12
189 11
190 12
193 12
195 12
197 11
198 11
201 11
203 11
204 11
207 11
208 11
210 12
212 12
214 12
216 12
218 12
220 11
221 11
223 13
225 12
228 11
229 11
231 12
233 12
235 12
237 12
239 12
241 12
242 12
245 12
246 12
247 12
250 12
252 12
254 13
256 13
257 13
260 13
262 13
264 13
265 13
267 13
269 12
271 12
273 12
276 12
277 12
279 12
281 12
283 12
285 12
287 12
289 12
291 11
292 11
294 11
296 11
298 11
300 12
302 11
304 11
307 11
308 11
310 12
312 12
314 12
316 12
318 12
320 12
322 12
