40 0
43 0
44 0
46 0
48 1
50 0
52 1
55 1
57 2
58 2
60 2
62 4
64 4
66 4
68 4
69 6
72 6
73 7
75 8
77 7
79 8
81 7
83 8
84 7
86 8
88 8
90 8
93 8
95 8
97 7
99 8
101 7
103 8
105 8
106 8
109 8
111 7
112 6
114 6
116 6
117 6
119 6
122 6
123 6
126 6
128 6
129 6
132 6
133 6
135 6
137 6
139 6
141 6
142 6
144 6
146 6
149 6
150 6
152 6
154 6
156 6
158 6
160 6
162 6
164 6
166 6
167 6
170 6
172 6
173 6
175 6
177 6
179 6
181 6
183 6
184 6
187 6
188 6
191 6
192 6
194 6
196 6
198 6
200 6
202 6
204 6
206 6
208 6
210 6
212 6
214 6
215 6
217 6
219 6
221 6
223 6
225 6
227 6
228 6
230 6
232 6
234 6
236 6
238 6
239 6
242 6
244 6
245 6
247 6
249 6
251 6
254 6
255 6
257 6
259 6
261 6
263 6
265 6
267 6
269 6
270 6
272 6
274 6
276 6
278 6
280 6
282 6
284 6
285 6
288 6
289 6
291 6
293 6
295 6
297 6
298 6
300 6
303 6
304 6
307 6
308 6
311 6
313 6
315 6
317 6
319 6
320 6
