60 0
63 0
65 0
67 0
68 0
70 0
71 0
73 2
75 4
77 6
78 5
80 7
82 8
84 7
86 8
89 9
91 10
93 12
94 11
96 12
98 13
99 11
101 12
103 12
105 12
106 12
108 12
110 11
112 11
113 11
115 11
117 11
119 11
121 11
122 11
124 11
125 11
127 12
128 11
130 11
132 11
134 12
136 11
138 12
139 11
141 11
143 12
144 12
147 13
149 14
151 14
153 13
154 13
155 14
157 13
159 13
160 13
162 13
164 13
166 12
168 12
169 12
172 12
173 12
175 12
177 12
179 12
180 12
182 12
184 12
186 12
187 12
189 12
191 12
193 12
195 12
196 12
198 12
200 12
201 12
204 12
205 12
207 12
209 12
211 12
213 12
215 12
217 12
219 12
221 12
224 12
225 12
227 12
229 12
230 12
232 12
234 12
235 12
237 12
238 12
240 12
242 12
244 12
246 12
248 12
250 13
252 12
253 12
255 12
257 12
259 12
260 12
262 12
263 12
265 12
268 11
269 11
271 11
273 11
275 11
276 11
279 11
281 11
282 11
284 11
286 11
287 11
290 11
291 11
293 11
295 11
296 11
298 11
300 11
302 12
304 11
306 11
308 11
309 11
311 10
313 10
315 10
316 10
319 10
321 11
322 10
