30 0
32 0
35 0
36 1
39 1
40 3
43 4
44 3
46 3
48 4
50 5
51 4
54 3
56 3
58 3
60 4
62 4
64 4
65 5
67 7
69 8
71 7
72 8
75 8
77 7
78 6
80 6
82 7
84 7
86 7
88 7
90 7
92 7
94 7
96 7
98 7
100 7
102 7
104 7
106 7
108 6
110 7
112 7
114 6
116 6
117 6
119 6
121 6
123 5
125 5
126 5
128 5
130 5
132 5
134 5
136 5
138 5
140 5
141 5
144 5
145 5
147 5
149 5
152 5
154 5
156 5
158 5
159 5
161 5
164 5
165 5
167 5
169 5
171 5
173 5
175 5
177 5
178 5
180 5
182 5
184 5
186 5
188 5
190 5
192 5
194 5
196 5
198 5
201 5
203 5
204 5
206 5
208 5
210 5
212 5
214 5
216 5
218 5
219 5
221 5
223 5
225 5
227 5
228 5
230 5
232 5
234 5
236 5
238 5
240 5
242 5
244 5
246 5
247 5
249 5
251 5
253 5
255 5
257 5
259 5
261 5
263 5
264 5
267 5
269 5
271 5
273 5
274 5
276 5
278 5
280 5
282 5
284 5
286 5
288 5
290 5
292 5
294 5
296 5
297 5
299 5
301 5
303 5
305 5
306 5
308 5
310 4
312 4
314 4
316 4
318 4
319 4
321 4
