50 0
53 0
55 0
56 0
58 0
60 1
62 1
64 2
66 2
68 1
70 1
71 3
73 2
75 5
76 5
78 5
80 7
82 7
84 8
85 8
87 6
89 7
91 8
92 9
94 10
96 10
98 10
100 11
102 11
103 10
105 10
106 11
109 10
111 10
112 10
114 9
115 9
118 9
119 9
121 9
123 8
125 8
126 8
128 9
130 9
132 8
133 10
135 10
137 10
140 10
141 10
143 10
145 10
146 10
148 10
150 10
152 10
154 10
155 10
157 10
159 10
161 10
162 10
164 10
166 10
168 10
169 10
171 10
173 10
175 10
176 10
179 10
180 10
182 11
184 11
186 11
188 10
189 11
191 11
193 11
194 11
196 11
197 11
199 11
201 11
203 11
205 10
206 10
208 10
210 10
212 10
214 10
215 11
217 10
219 10
221 10
223 10
225 10
226 10
228 10
230 10
231 10
234 10
235 10
237 10
239 10
241 10
242 10
244 10
246 10
248 10
249 10
251 10
253 10
255 10
257 10
258 10
260 10
262 10
263 10
267 10
267 10
269 10
271 10
272 10
274 10
276 10
278 10
280 10
282 10
284 10
285 10
287 10
288 10
291 10
292 10
294 10
296 10
297 10
300 10
302 10
304 10
305 10
307 10
308 10
310 10
312 10
314 10
316 10
318 10
320 10
321 10
