60 0
63 0
64 0
66 0
68 0
70 1
72 1
73 1
75 1
77 3
79 3
80 5
82 5
84 5
86 5
88 6
89 7
91 8
93 9
95 9
97 10
99 10
101 11
103 12
104 12
107 12
108 10
110 10
112 10
114 10
115 10
117 11
120 11
121 11
123 10
124 10
126 10
128 10
130 9
131 9
133 9
136 8
137 8
139 8
141 8
143 8
145 7
147 7
148 7
150 7
152 7
154 7
155 7
157 7
158 7
161 7
163 7
164 7
166 7
168 7
170 7
172 7
173 7
175 6
177 7
179 7
181 6
182 6
184 6
186 6
188 6
190 6
191 6
193 6
195 6
197 6
198 6
200 6
202 6
205 6
206 6
208 6
210 6
212 6
214 6
216 6
218 6
220 6
221 6
223 6
225 6
226 6
228 6
230 6
232 6
234 6
235 6
237 6
239 6
241 6
242 6
244 6
246 6
247 6
249 6
251 6
253 6
255 6
257 6
259 6
260 6
262 6
263 6
265 6
267 6
269 6
271 6
272 6
274 6
276 6
278 6
279 6
282 6
284 6
285 6
287 6
289 6
291 6
293 6
295 6
297 6
299 6
300 6
303 6
305 6
307 6
309 6
311 6
312 6
314 6
316 6
317 6
319 6
321 6
323 6
