90 0
93 0
95 0
97 0
99 0
100 0
102 0
105 0
106 0
109 0
110 2
112 4
114 4
116 4
118 6
120 6
122 7
124 7
126 9
128 9
130 8
132 9
134 9
135 12
138 10
140 10
141 11
144 12
145 11
147 11
149 10
151 11
153 10
155 10
157 10
158 10
161 10
162 10
164 10
167 10
169 11
171 11
174 10
176 11
177 9
179 10
181 10
182 11
184 10
187 11
188 11
190 11
192 11
194 10
196 10
198 10
199 10
201 10
203 10
206 10
207 10
210 9
212 9
214 9
215 9
218 9
219 9
221 9
223 9
225 9
227 9
229 9
231 9
232 9
234 9
236 9
238 9
240 9
242 9
244 9
246 9
248 9
250 9
252 9
254 9
256 9
258 10
259 9
261 10
264 10
265 10
267 10
269 10
271 10
274 10
276 9
277 9
279 9
281 9
282 9
284 9
286 9
288 9
290 9
292 9
294 9
296 9
298 9
300 9
302 9
304 9
305 9
308 9
310 9
312 9
313 9
315 9
317 9
319 9
321 9
