90 0
93 0
94 0
96 0
98 3
100 4
101 4
103 5
105 6
106 8
109 10
110 10
112 9
114 8
116 12
118 12
119 11
120 14
122 13
124 13
125 12
128 13
129 12
131 12
133 12
134 14
135 12
137 12
139 13
140 13
142 13
144 13
146 13
148 11
149 13
151 12
153 12
155 12
156 12
159 12
160 10
162 10
163 11
165 11
167 11
168 12
170 12
172 12
173 13
175 13
178 12
178 12
180 13
182 12
184 13
186 13
187 14
189 13
190 13
192 12
194 11
196 12
197 11
198 10
200 10
202 10
203 12
205 11
206 12
208 11
210 12
212 12
213 12
215 12
217 12
218 12
220 12
222 11
224 11
225 12
227 12
229 12
231 12
233 12
234 12
235 11
237 12
239 12
240 12
242 12
244 12
246 11
248 11
250 11
252 12
253 12
254 12
256 11
258 12
260 12
261 12
263 12
264 12
265 12
267 12
269 12
271 12
273 12
275 12
276 12
278 12
280 12
281 12
283 12
284 12
286 12
288 12
289 12
291 12
293 12
294 12
296 12
298 12
299 12
301 12
303 12
304 12
306 12
307 12
309 12
312 12
312 12
313 12
316 12
317 12
319 12
321 12
