70 0
73 0
74 0
76 0
78 1
80 2
82 3
84 3
85 3
87 4
89 3
90 4
92 3
94 4
95 5
97 5
99 7
101 7
102 7
104 7
106 9
108 9
109 9
111 10
113 10
115 10
117 8
119 9
120 8
122 9
124 9
126 9
127 9
129 9
131 9
133 9
134 10
136 10
137 10
140 10
141 10
143 10
145 10
146 11
148 11
150 11
152 11
153 11
155 11
157 10
158 10
160 10
162 10
163 10
166 10
168 10
169 10
171 10
173 10
175 10
177 10
178 10
180 10
182 10
184 10
185 10
187 10
189 10
191 10
193 10
195 10
196 10
198 10
200 10
201 10
203 10
205 10
206 10
208 10
210 10
212 10
213 10
215 10
217 10
218 10
220 10
221 10
223 10
225 10
227 10
228 10
230 10
232 10
234 9
236 10
237 10
238 10
240 10
242 10
244 10
245 10
248 10
249 10
252 10
253 11
255 10
257 11
258 11
260 11
262 11
263 10
265 10
266 10
268 11
270 10
272 11
273 10
275 10
277 10
280 10
281 11
282 11
284 11
286 11
287 11
289 11
291 10
293 11
294 11
296 10
298 11
300 10
301 11
303 10
305 10
307 10
308 10
310 10
311 10
313 10
315 10
316 10
318 10
320 10
