50 0
52 0
54 0
57 1
58 1
60 2
61 2
63 3
65 3
67 4
68 3
70 3
71 6
73 5
75 7
76 6
78 6
80 7
82 8
84 9
85 9
87 9
89 9
91 8
92 9
94 9
95 9
97 8
99 10
100 10
102 9
104 11
105 10
108 10
109 10
111 11
113 11
114 10
116 10
118 11
119 10
121 10
122 11
124 11
126 11
128 11
129 11
132 11
134 11
135 11
137 11
138 11
140 11
142 11
143 11
144 11
146 12
147 11
149 11
151 11
153 11
155 11
155 11
158 11
160 11
161 11
163 11
164 10
166 10
168 10
169 10
171 10
173 10
174 10
176 10
178 10
180 10
182 10
183 10
185 10
187 10
189 10
190 10
192 10
193 10
195 10
197 10
199 10
202 10
203 10
204 10
206 10
208 10
209 10
211 10
213 10
215 10
217 10
218 10
220 10
221 10
223 10
225 10
227 10
229 10
231 10
232 10
233 10
235 10
236 10
238 10
241 10
242 10
243 10
246 10
247 10
249 10
251 10
253 10
255 10
256 10
259 10
260 10
261 10
263 10
265 10
266 10
268 10
269 10
271 10
273 10
274 10
276 10
278 10
279 10
281 10
283 10
285 10
287 10
288 10
290 10
292 10
294 10
295 10
297 10
298 10
300 10
301 10
303 10
305 10
307 10
309 10
310 10
312 10
314 10
315 10
317 10
318 10
320 10
321 10
