40 0
42 0
44 0
46 0
48 0
50 2
52 2
53 1
55 1
57 3
59 4
60 4
63 4
64 5
66 6
67 7
69 8
71 8
73 9
75 9
76 10
78 8
80 9
82 9
84 9
86 8
87 8
89 8
91 8
93 8
94 8
96 8
97 8
99 8
101 8
102 8
104 8
106 8
108 8
110 8
111 8
113 8
115 8
117 8
119 8
120 8
122 8
124 8
126 8
127 8
129 8
131 8
133 8
134 8
135 8
138 8
139 9
141 9
143 9
145 9
146 9
148 9
149 9
152 9
153 9
155 9
156 9
158 9
160 9
162 9
163 9
165 9
167 9
168 9
170 9
172 9
174 9
176 9
178 9
180 9
181 9
183 9
184 9
186 9
188 9
190 9
191 9
193 9
195 8
197 8
199 8
200 8
201 8
203 8
205 8
207 8
209 8
211 8
213 8
214 8
216 8
217 8
220 8
221 8
223 8
224 8
226 8
228 8
230 8
232 8
233 8
235 8
237 8
239 8
240 8
242 8
244 8
246 8
248 8
249 8
251 8
253 8
255 8
256 8
258 8
259 7
262 7
264 6
266 7
267 7
270 7
271 7
273 7
274 6
277 6
279 6
281 6
282 6
284 6
286 6
288 6
289 6
290 6
292 6
294 6
297 6
300 6
300 6
302 6
304 6
305 6
307 6
309 6
310 6
312 6
314 6
315 6
317 6
319 6
321 6
