70 0
72 0
75 0
76 0
78 0
80 0
82 1
84 4
85 3
87 3
89 7
91 10
93 8
94 8
95 8
98 8
99 10
101 10
103 9
105 11
107 11
109 11
110 10
112 11
113 12
116 11
117 11
119 12
121 12
123 10
126 11
127 11
129 11
131 11
133 11
134 12
136 11
138 11
140 11
142 10
144 9
145 9
147 8
148 7
150 7
152 8
154 7
157 7
158 8
159 8
161 8
164 8
165 8
167 8
168 10
170 9
172 8
174 9
176 9
177 9
179 9
180 11
182 11
184 10
186 9
187 10
189 10
191 10
193 11
195 11
198 12
199 9
201 10
202 10
204 10
206 10
208 10
210 9
212 9
213 9
215 9
216 8
218 9
220 8
222 8
224 8
226 8
227 8
229 8
231 8
233 8
234 8
236 9
238 8
239 8
242 9
243 8
246 8
247 8
250 8
251 8
253 8
255 8
256 8
258 8
260 9
262 8
264 9
266 9
268 8
269 8
271 9
274 9
275 9
277 9
278 9
281 9
282 9
284 9
286 9
288 9
290 9
292 9
293 9
294 10
297 10
298 10
300 10
302 10
304 10
305 10
307 10
308 10
310 10
312 10
314 10
316 10
318 10
319 9
321 10
