80 0
83 0
86 0
88 0
89 0
91 1
93 1
96 1
97 3
99 3
101 6
102 6
105 7
105 7
107 7
109 8
111 7
113 7
115 7
116 7
118 9
120 8
122 8
123 9
126 8
127 10
129 8
130 10
132 10
134 10
136 10
137 10
139 11
142 10
143 12
145 12
147 12
149 12
150 12
152 12
154 12
155 12
157 12
159 11
160 12
162 11
164 13
166 12
168 12
169 12
171 12
173 12
175 12
177 12
178 12
180 13
182 12
183 13
185 14
187 13
189 12
191 13
193 14
194 12
196 14
198 13
199 12
201 12
203 12
205 12
206 12
209 12
211 12
213 12
214 12
216 12
218 12
219 12
222 12
223 12
226 12
227 12
229 12
231 13
233 12
236 13
237 13
239 12
241 12
242 12
244 13
246 12
248 12
249 12
251 12
252 11
254 11
256 11
258 11
261 11
263 11
264 11
266 11
268 11
269 11
271 11
273 11
275 11
277 11
279 11
280 11
282 11
284 11
286 11
287 11
289 11
290 11
292 11
294 11
295 11
297 11
300 11
301 11
302 11
304 11
306 11
308 11
309 11
311 11
313 11
315 11
317 11
320 11
322 11
