90 0
93 0
95 0
97 0
99 1
101 1
102 1
105 1
107 1
108 2
110 3
112 3
113 4
115 5
116 4
119 3
121 3
123 5
124 5
126 5
128 7
130 6
132 6
134 8
135 8
138 8
139 8
141 9
143 8
144 10
147 10
148 10
150 10
151 9
153 9
155 9
157 10
158 10
160 9
162 12
163 11
165 10
168 10
169 12
171 11
173 11
175 11
176 11
178 11
181 11
182 11
184 12
186 11
188 11
189 11
191 12
192 12
194 12
196 12
198 12
199 12
201 13
203 14
205 14
206 14
208 13
210 12
212 13
214 12
216 13
217 13
219 13
221 13
223 13
224 13
226 12
228 12
230 12
232 13
233 14
235 13
237 11
239 11
241 11
243 12
245 12
246 12
248 12
249 12
252 12
253 12
255 12
257 12
259 12
261 12
262 12
264 12
266 12
267 12
270 12
272 12
273 12
276 12
277 12
279 13
280 12
282 12
284 12
285 13
287 12
290 11
290 11
292 11
294 11
296 11
298 11
299 11
301 11
303 11
305 11
307 11
307 11
310 11
312 12
314 11
315 11
317 11
319 11
320 11
322 11
