60 0
63 0
64 0
66 0
67 2
69 4
70 5
72 5
73 6
75 6
77 5
78 5
79 7
81 5
83 7
83 6
85 6
86 8
88 7
90 5
91 8
94 8
94 7
96 6
97 7
99 7
100 8
102 8
103 8
104 8
106 8
108 7
109 7
110 7
112 6
114 6
115 6
116 6
118 6
121 6
123 6
124 6
126 6
127 6
128 6
131 6
132 6
134 6
135 6
136 7
137 7
139 6
140 6
142 6
143 6
144 6
145 6
147 7
148 6
150 6
150 6
152 6
155 6
156 7
158 7
159 7
161 6
162 6
163 6
164 6
165 6
166 6
168 6
169 6
171 6
173 6
175 6
176 6
177 6
179 6
180 6
182 6
184 6
184 6
186 6
187 6
188 6
190 6
192 6
192 6
194 6
195 6
196 6
198 6
200 6
201 6
202 6
204 6
205 6
206 6
208 6
209 6
211 6
212 6
215 6
215 6
217 6
219 6
221 6
223 6
224 6
225 6
227 6
228 6
230 6
232 6
234 6
235 6
236 6
237 6
238 6
239 6
241 6
242 6
244 6
245 6
247 6
249 6
251 6
252 6
253 6
254 6
255 6
256 6
258 6
260 6
262 6
263 6
264 6
266 6
267 6
268 6
270 6
271 6
273 6
274 6
276 6
277 6
278 6
280 6
280 6
282 6
284 6
285 6
286 6
287 7
289 6
291 6
292 6
294 6
295 7
296 6
298 6
299 6
301 6
301 6
304 6
305 6
307 6
309 6
309 6
311 6
312 6
313 6
315 6
316 6
318 6
320 6
321 6
