40 0
43 0
45 0
46 1
48 1
50 1
51 1
54 2
55 2
57 2
58 2
60 1
62 1
64 1
65 2
67 3
69 4
71 4
72 3
74 3
76 3
78 3
80 3
81 4
83 4
85 3
87 3
89 4
90 4
92 4
94 4
96 4
98 4
99 4
101 4
102 6
104 5
106 6
108 6
109 7
111 7
114 6
115 7
117 8
118 7
120 8
122 8
124 8
125 8
127 8
129 8
130 8
132 8
134 8
135 8
137 8
138 8
140 8
142 8
144 8
146 8
148 8
149 8
151 8
152 8
154 8
156 8
159 8
160 8
161 8
163 8
165 8
167 8
168 8
170 8
172 8
173 8
175 8
177 7
179 7
181 7
182 7
184 7
186 6
188 6
189 6
191 6
193 6
195 6
196 6
198 6
199 6
201 6
204 6
205 6
207 6
209 6
211 6
213 6
214 6
216 6
217 6
219 6
221 6
223 6
225 6
226 6
228 6
229 6
231 6
234 6
234 6
237 6
238 6
240 6
242 6
244 6
246 6
249 6
250 6
252 6
253 6
255 6
256 6
258 6
259 6
261 6
263 6
265 6
268 6
269 6
271 6
273 6
275 6
276 6
278 6
280 6
281 6
283 6
284 6
287 6
288 6
289 6
291 6
292 6
294 6
296 6
298 6
299 6
301 6
302 6
304 6
306 6
308 6
310 6
311 6
313 6
315 6
317 6
318 6
319 6
321 6
