40 0
43 0
45 0
46 0
48 0
50 0
52 3
53 3
55 5
56 5
58 5
61 7
62 6
64 6
66 8
68 9
70 8
71 9
73 9
74 8
76 8
78 8
80 8
82 8
83 8
85 8
87 9
88 9
90 9
92 8
94 8
95 8
97 8
99 8
100 8
103 8
103 8
105 8
107 8
108 8
110 8
112 8
114 8
115 8
117 8
119 7
120 7
122 8
124 7
125 7
127 7
129 7
132 7
133 7
135 7
137 8
139 7
140 8
142 8
144 8
145 8
147 8
149 8
150 8
152 8
154 8
156 8
157 8
159 8
161 8
163 8
164 8
166 8
168 8
171 8
172 8
173 8
175 8
177 8
179 8
181 8
182 8
184 8
186 8
187 8
189 8
191 8
192 8
194 8
196 8
198 7
200 8
202 7
203 8
205 8
207 8
209 8
210 7
212 7
214 7
215 7
217 7
219 7
221 8
222 8
223 8
225 7
227 7
228 7
231 7
232 7
234 8
236 7
238 7
240 8
242 8
243 8
246 8
247 8
249 8
250 8
252 8
254 7
256 8
258 7
260 7
261 7
263 7
264 7
266 7
267 7
269 7
271 7
273 8
274 7
276 7
278 7
280 7
282 7
284 7
285 8
287 8
289 7
291 7
292 8
294 8
296 8
297 8
299 7
301 8
303 8
305 8
306 8
308 8
309 8
311 8
312 8
314 8
316 8
317 8
319 8
321 8
322 8
