50 0
52 0
55 0
57 0
58 0
60 1
62 2
63 3
65 3
67 4
68 4
70 6
72 5
74 7
76 6
79 8
80 8
82 8
83 8
85 8
86 8
88 8
90 8
92 8
94 10
96 9
97 9
100 8
102 10
103 9
105 8
106 8
108 8
109 8
111 7
113 9
115 8
116 9
119 9
120 8
122 8
123 8
125 8
127 9
128 8
130 8
132 8
133 8
135 8
137 8
139 8
140 8
142 8
144 8
146 8
147 8
149 8
151 8
152 8
155 8
156 8
158 8
160 8
162 8
163 8
165 8
167 8
168 8
171 8
173 8
174 8
176 8
178 8
180 8
181 8
183 8
185 8
186 8
188 8
190 8
191 8
193 8
195 8
196 8
198 8
200 8
201 8
204 8
206 8
207 8
208 8
210 8
212 7
214 7
216 7
217 7
219 7
221 7
222 7
224 7
226 7
228 7
230 7
232 7
233 7
235 7
237 7
238 7
240 7
242 7
244 7
246 7
247 7
249 7
250 6
252 6
254 6
255 6
257 6
259 6
261 6
262 6
264 6
266 6
268 6
270 6
271 6
273 6
275 6
277 6
278 6
280 6
282 6
283 6
286 6
287 6
289 6
291 6
292 6
294 6
296 6
298 6
299 6
301 6
303 6
305 6
307 6
309 6
311 6
312 6
315 6
316 6
318 6
319 6
321 6
