60 0
62 0
64 0
65 0
67 0
69 0
70 1
72 2
73 3
74 4
76 9
77 8
79 7
80 8
82 8
84 9
85 10
87 10
88 10
89 9
91 10
92 10
93 10
95 10
96 11
99 11
100 11
101 11
102 11
104 10
105 11
106 11
108 11
110 11
111 11
113 11
114 11
115 11
117 11
118 10
120 10
122 11
122 11
124 11
125 10
127 10
130 10
131 10
131 10
133 10
135 10
137 10
138 10
140 10
141 10
143 10
144 10
145 10
147 10
147 10
149 10
150 10
152 10
153 10
155 10
156 10
157 10
159 10
160 10
162 10
163 10
164 10
166 10
167 10
168 10
170 10
171 10
173 10
174 10
176 9
178 9
179 9
180 9
182 9
183 9
184 9
187 8
188 8
190 8
191 8
192 8
193 8
195 8
196 8
197 8
199 8
200 8
202 8
203 8
204 8
206 8
207 8
209 8
211 8
212 8
214 8
215 8
216 8
217 8
219 8
220 8
222 8
223 8
225 8
226 8
227 8
229 8
230 8
232 8
233 8
236 8
237 8
239 8
240 8
241 8
243 8
245 8
246 8
247 8
249 8
250 8
251 8
253 8
255 8
257 8
259 8
260 8
261 8
262 8
263 8
265 8
266 8
268 8
270 8
271 8
272 8
274 8
275 7
277 7
279 7
280 7
282 7
284 7
284 7
286 7
287 7
289 7
290 7
292 7
294 7
295 7
296 7
299 7
300 7
302 7
303 7
305 7
306 7
308 7
309 7
310 7
311 7
313 7
314 7
315 7
316 7
318 7
319 7
321 7
323 7
