30 0
32 0
34 0
36 0
39 2
39 2
41 2
43 3
45 5
46 4
48 4
49 4
51 5
53 4
54 4
56 3
58 3
60 4
61 3
63 4
65 5
67 4
68 6
70 5
71 6
73 6
76 6
77 5
78 5
80 6
82 6
83 7
85 6
86 6
89 7
90 6
92 7
93 7
95 7
96 7
98 7
100 7
102 7
103 7
105 7
107 7
108 7
109 7
111 7
113 7
115 6
117 7
118 7
120 6
122 6
125 6
125 6
127 6
129 6
131 6
133 6
134 6
136 6
138 6
139 6
141 6
143 6
145 6
147 6
149 6
151 6
153 6
154 6
156 6
158 6
159 6
161 6
163 6
164 6
166 6
168 6
170 6
171 6
173 6
175 6
176 6
178 6
179 6
182 6
183 6
185 6
186 6
188 6
190 6
192 6
193 6
195 6
196 6
198 6
200 6
201 6
203 6
204 6
206 6
207 6
209 6
211 6
212 6
214 6
216 6
217 6
219 6
220 6
222 6
224 6
226 6
228 6
229 6
231 6
233 6
235 6
236 6
237 6
239 6
241 6
243 6
244 6
246 6
248 6
250 6
251 6
253 6
254 6
256 6
259 6
260 6
262 6
264 6
265 6
267 6
268 6
270 6
272 6
274 6
276 6
277 6
278 6
280 6
283 6
286 6
287 6
289 6
290 6
292 6
294 6
295 6
297 6
298 6
300 6
301 6
303 6
305 6
307 6
309 6
310 6
312 6
314 6
316 6
317 6
319 6
321 6
323 6
