50 0
53 0
54 0
57 0
58 0
61 0
62 1
65 2
66 2
68 3
71 3
72 3
74 4
76 4
78 4
79 4
81 4
83 4
85 5
87 7
89 7
91 6
93 6
95 7
97 7
99 5
100 8
103 8
104 8
106 7
109 7
111 7
113 6
115 8
116 8
118 8
120 9
122 9
124 9
126 9
128 9
131 9
133 9
134 8
136 8
138 8
140 8
142 8
144 8
146 8
147 8
149 8
151 8
154 8
155 8
157 8
159 8
161 8
163 8
165 8
167 8
169 8
171 8
173 7
174 8
177 8
178 8
180 8
182 8
184 8
186 8
188 8
190 8
191 8
194 8
196 8
197 8
199 8
201 8
203 8
205 8
207 8
209 9
211 9
212 9
214 8
216 8
218 8
219 8
221 8
223 8
225 8
227 8
229 8
232 8
234 8
235 8
237 8
239 8
241 8
243 8
245 8
246 8
249 8
251 8
253 8
255 8
257 8
258 8
260 8
262 8
264 8
266 8
268 8
270 8
272 8
274 8
276 8
278 8
279 8
281 7
283 7
285 6
287 6
288 6
291 6
293 6
295 6
297 6
299 6
301 6
303 6
305 6
307 6
310 6
311 6
313 6
314 6
317 6
318 6
320 6
