30 0
33 0
34 0
36 0
39 0
41 1
42 0
45 3
47 2
49 3
50 4
53 5
55 5
57 5
58 6
60 6
61 6
64 7
66 7
68 7
70 7
72 7
73 7
75 8
77 8
80 8
81 7
83 8
84 8
86 8
88 7
91 8
92 8
94 8
96 8
98 8
100 8
102 8
104 8
106 8
108 8
110 7
111 7
113 7
115 7
117 7
119 7
121 7
123 7
125 7
127 7
129 7
131 7
132 7
135 8
136 8
139 8
141 8
143 8
145 7
147 7
149 8
151 8
153 8
155 8
157 8
158 8
162 7
163 7
165 7
166 7
168 7
170 7
172 7
174 7
175 7
177 7
179 7
181 7
183 7
185 7
187 7
189 7
191 7
193 7
195 7
197 7
199 7
200 7
202 7
204 7
207 7
208 7
210 7
212 7
214 7
215 7
218 7
219 7
221 7
224 7
225 7
228 7
229 7
231 7
233 7
235 7
237 7
240 7
241 7
243 7
244 7
246 7
248 7
250 7
252 7
254 7
255 7
257 7
259 7
261 7
263 7
265 7
267 7
269 7
270 7
273 7
274 7
277 7
279 7
281 7
283 7
285 7
287 7
289 7
290 7
293 6
295 6
296 6
298 6
300 6
302 6
304 6
306 6
308 6
310 6
312 6
314 6
315 6
317 6
319 5
321 5
