30 0
32 0
34 0
36 0
38 0
39 0
42 1
43 2
45 1
46 3
48 4
50 4
52 4
53 4
55 4
57 4
59 5
60 5
62 5
64 5
65 5
67 5
69 6
70 5
73 7
74 7
76 7
78 6
79 6
83 6
84 7
86 7
87 7
89 6
90 7
93 6
95 6
96 6
98 7
100 6
101 7
102 7
104 7
106 6
107 6
109 6
111 7
113 6
114 6
116 6
117 6
119 6
121 6
123 6
125 6
127 6
129 6
130 6
132 6
134 6
135 7
137 6
139 7
141 7
142 6
143 7
145 7
146 6
149 6
151 7
152 7
153 7
155 6
157 6
159 6
160 7
161 6
163 7
165 6
167 5
168 6
170 7
172 6
173 7
175 7
176 6
179 6
180 6
181 7
183 7
185 7
186 7
188 7
190 7
192 7
193 7
195 7
196 7
198 7
200 6
202 6
204 6
205 6
207 6
209 6
211 6
212 6
214 6
216 6
218 6
219 6
221 6
223 6
225 6
226 6
227 6
229 6
232 6
234 6
234 6
237 6
238 6
239 6
242 6
242 6
244 6
246 6
248 6
249 6
252 6
253 6
254 6
256 6
258 6
260 6
261 6
263 6
265 6
267 6
268 6
269 6
271 6
274 6
275 6
277 6
278 6
280 6
282 6
283 6
285 6
287 6
289 6
291 6
293 6
294 6
296 6
297 6
299 6
301 6
303 6
304 6
306 6
307 6
309 6
311 6
313 6
314 6
315 6
317 6
319 6
320 6
322 6
