70 0
73 0
75 0
76 0
78 0
80 1
81 2
84 1
86 2
87 2
89 4
91 5
93 8
95 11
96 8
98 9
100 9
102 9
104 11
105 11
107 10
109 10
111 9
112 10
115 9
116 11
118 11
120 13
122 12
124 11
126 11
128 12
129 12
131 12
134 12
135 12
137 12
138 12
140 13
142 14
143 13
145 13
147 13
149 12
150 12
153 12
154 12
156 12
158 12
160 12
162 11
163 11
165 11
167 11
169 11
170 11
172 11
174 11
176 11
178 11
179 11
181 11
183 11
185 11
186 10
188 10
190 10
192 10
193 10
196 10
197 10
199 10
201 10
202 10
204 10
206 10
208 10
210 10
211 10
214 10
215 10
217 10
219 10
221 10
223 10
224 10
226 10
228 10
230 10
231 10
233 10
235 10
237 10
239 10
241 10
242 10
244 10
246 10
247 10
249 10
251 10
253 10
255 10
257 10
258 10
261 10
262 10
263 10
266 10
267 10
269 10
271 10
273 10
274 10
276 10
278 10
280 10
282 10
284 10
286 10
287 10
289 10
291 10
292 10
295 10
297 10
299 10
300 10
302 10
304 10
305 10
307 10
309 11
311 10
312 11
314 10
317 10
318 10
320 10
321 11
