50 0
52 0
54 0
56 0
57 0
59 0
62 2
63 4
65 2
67 4
68 4
70 5
72 5
75 5
76 5
78 6
79 6
81 7
83 5
85 7
86 6
88 7
90 6
92 7
93 7
95 7
96 7
98 6
99 8
101 9
103 8
104 8
106 9
108 10
109 9
111 9
113 9
115 9
117 9
118 9
120 9
122 8
123 8
125 8
127 8
128 9
130 8
131 8
133 8
134 8
137 9
138 8
140 8
142 7
143 7
144 7
146 7
148 7
149 7
151 7
153 7
155 8
156 8
158 8
160 8
162 8
163 8
165 8
166 8
168 8
170 8
171 8
173 8
176 8
177 8
178 8
180 7
182 7
184 7
186 7
188 7
190 7
191 7
193 7
194 7
196 7
197 7
199 7
201 7
202 6
204 7
206 7
207 7
209 7
211 7
213 7
214 7
216 7
218 7
220 7
221 7
223 7
225 7
226 7
228 7
230 7
232 7
233 7
235 7
237 7
239 7
241 7
243 7
243 7
246 6
247 6
249 6
251 6
253 6
254 6
255 6
257 6
259 6
260 6
262 6
264 6
266 6
267 6
269 6
271 6
273 6
274 6
276 6
278 6
280 6
282 6
283 6
285 6
286 6
287 6
290 6
291 6
293 6
294 6
296 6
298 6
299 6
301 6
302 6
304 6
306 6
308 6
310 6
311 6
314 6
315 6
316 6
318 6
320 6
321 6
323 6
