30 0
32 0
35 0
37 0
38 1
41 1
42 1
44 1
46 3
48 3
50 3
51 3
54 3
56 3
58 3
59 3
61 3
63 4
65 4
67 4
69 4
71 4
73 4
75 4
77 4
80 4
81 4
83 4
85 4
87 4
89 4
91 4
93 4
94 4
96 4
98 4
101 4
103 4
106 4
107 4
108 4
110 4
112 4
114 4
116 4
117 4
119 4
121 4
123 4
125 4
127 4
129 4
131 5
133 5
135 5
137 5
139 5
141 5
143 5
144 5
146 5
148 5
150 5
152 5
154 5
156 5
158 5
160 5
162 5
163 5
165 5
167 5
169 5
171 5
173 5
175 5
177 5
179 5
181 5
183 5
185 5
186 5
189 5
191 6
193 5
194 5
196 5
198 5
200 5
202 5
204 5
205 5
207 5
209 5
211 5
213 6
215 6
217 5
219 5
221 5
223 5
224 5
227 5
229 5
230 6
233 6
236 5
237 6
239 6
241 6
243 6
245 6
246 6
248 6
250 6
252 6
254 6
256 6
258 6
260 6
263 6
264 6
266 6
268 6
270 6
271 6
273 6
275 6
277 6
279 6
281 6
282 6
285 6
286 6
288 6
290 7
292 6
294 7
296 6
298 7
300 7
302 6
304 7
307 7
309 7
311 7
312 7
314 7
316 7
317 7
319 7
321 7
