70 0
73 0
75 0
75 0
77 2
78 3
80 3
81 3
83 4
85 4
87 5
89 6
89 7
90 6
92 7
94 7
95 8
96 8
98 9
99 10
101 9
103 11
104 11
105 11
107 11
109 11
110 11
111 10
113 11
114 11
116 11
117 13
118 13
119 13
122 13
124 12
125 12
126 10
127 10
128 10
130 10
132 10
133 10
134 10
136 10
137 10
138 10
139 10
141 9
142 9
144 10
146 10
147 10
148 10
150 10
152 10
153 10
154 10
155 10
157 10
159 10
160 10
162 10
163 10
164 10
166 10
167 10
169 10
171 10
172 10
174 9
175 9
177 9
177 9
179 9
180 9
182 9
183 9
185 9
186 9
187 9
188 9
190 9
191 9
193 9
195 9
196 9
197 9
199 9
200 9
202 9
204 9
204 9
206 9
207 9
209 9
210 9
211 9
213 9
215 9
216 9
218 9
219 9
221 9
222 9
223 9
225 9
226 9
228 9
230 9
231 9
232 9
234 9
235 9
237 9
238 9
239 9
241 9
242 9
243 9
245 9
247 9
249 9
250 9
252 9
252 9
254 9
255 9
257 8
259 8
260 8
261 8
263 8
265 8
266 8
267 8
268 8
269 8
272 8
273 8
274 8
276 8
277 8
278 8
280 8
282 8
284 8
285 8
287 8
288 8
288 8
290 8
292 8
293 8
295 8
296 8
298 8
299 8
301 8
302 8
303 8
305 8
307 8
308 8
309 8
311 8
313 8
314 8
315 8
316 8
318 8
320 8
321 8
