40 0
42 0
44 0
46 0
48 0
50 1
51 2
53 2
55 6
57 6
59 7
60 7
62 7
64 7
66 7
67 6
68 6
70 6
72 6
73 8
76 8
77 8
79 8
80 9
82 8
84 9
86 9
87 9
90 9
91 10
93 8
95 9
97 9
99 9
100 9
102 9
104 9
106 9
107 8
109 8
111 8
112 8
115 8
116 8
119 8
120 8
122 7
123 7
126 8
127 7
129 7
131 8
133 7
134 8
136 8
139 8
140 8
143 8
144 9
145 9
147 8
149 9
151 8
153 8
155 8
156 8
158 8
159 8
161 8
163 8
165 8
166 8
168 8
170 8
171 8
172 8
175 8
176 8
178 8
180 8
182 7
184 7
186 7
187 7
189 7
191 7
192 7
194 7
196 7
198 7
199 7
201 7
203 7
205 7
206 7
208 7
210 7
212 7
213 7
215 7
216 7
218 7
220 7
222 7
223 7
224 7
227 7
229 7
230 7
232 7
234 7
236 7
238 7
239 7
242 7
243 7
245 7
247 7
248 7
251 7
252 7
254 7
256 7
257 7
259 7
260 7
262 7
264 7
266 7
267 7
269 7
270 7
273 7
274 7
275 7
277 7
279 7
281 7
282 7
284 7
286 7
288 7
290 7
291 7
293 7
295 7
297 7
299 7
301 7
302 7
304 7
306 7
308 7
310 7
311 7
313 7
314 7
316 7
318 7
320 7
