30 0
32 0
34 0
36 0
37 0
39 1
40 0
42 1
44 3
45 4
46 5
47 4
49 5
51 8
52 8
54 7
56 7
58 8
59 7
61 7
62 8
63 7
65 6
67 6
68 5
70 5
72 6
74 5
75 6
76 6
77 6
79 6
81 6
82 6
83 7
84 7
86 7
88 7
88 8
91 8
92 8
94 8
95 8
96 8
98 9
99 8
100 8
101 8
102 8
104 8
106 9
108 9
109 9
110 9
112 9
113 9
115 9
115 9
117 8
119 8
120 8
122 8
123 8
125 7
126 8
127 8
129 9
132 9
132 9
134 9
136 8
137 7
139 7
140 7
142 7
144 7
144 7
145 7
147 7
149 7
150 7
151 7
153 7
154 7
156 7
158 7
159 7
160 7
161 7
163 7
164 7
166 7
168 7
170 7
171 7
173 7
174 7
175 7
177 7
178 7
179 7
181 7
182 7
184 7
186 7
187 7
188 7
190 7
191 7
193 7
194 7
196 7
198 7
199 7
201 7
202 7
204 7
205 7
207 7
209 7
210 7
211 7
213 7
214 7
216 7
218 7
219 7
219 7
221 7
223 7
224 7
226 7
227 7
228 7
230 7
231 7
232 7
234 7
235 7
236 7
239 7
240 7
241 7
243 7
244 7
245 7
247 7
248 7
250 7
252 7
253 7
254 7
256 7
257 7
259 7
260 7
261 7
263 7
265 7
266 7
268 7
269 7
270 7
271 7
273 7
274 7
276 7
277 7
279 7
281 7
282 7
283 7
284 7
286 7
288 7
289 7
291 7
292 7
294 7
295 7
296 7
298 7
299 7
301 7
301 7
303 7
304 7
306 7
307 7
309 7
311 7
312 7
313 7
314 7
317 7
318 7
319 7
322 7
