80 0
83 0
85 0
87 1
88 1
90 1
92 2
93 3
95 6
97 7
98 9
100 11
102 10
104 11
105 11
107 10
108 12
111 12
112 12
114 10
116 11
117 10
119 13
121 11
122 13
124 14
126 13
128 13
130 13
132 14
134 14
135 15
136 14
138 15
140 16
142 16
143 16
146 16
148 16
149 16
151 16
154 16
154 15
157 15
158 16
160 16
162 16
164 16
165 16
166 15
169 16
171 16
172 15
173 14
175 15
177 15
179 15
180 16
182 16
184 16
186 15
188 14
189 15
191 13
193 14
194 13
197 13
198 13
199 13
201 13
203 14
204 13
206 14
208 14
210 14
211 13
213 14
214 14
216 14
218 14
220 14
221 14
224 14
225 14
227 14
229 14
231 14
233 14
234 14
236 14
238 12
239 12
241 12
243 12
245 12
247 11
248 11
250 11
252 11
254 11
256 11
258 11
260 11
262 11
263 11
265 11
266 11
268 11
270 11
272 11
274 11
276 11
278 11
280 11
282 11
283 11
285 11
287 11
288 11
290 11
292 11
294 11
296 11
297 11
299 11
300 11
301 11
304 11
306 11
307 11
309 11
311 11
312 11
313 11
315 11
318 11
319 11
321 11
