60 0
63 0
65 0
67 0
68 0
71 0
72 0
75 4
77 2
78 2
80 3
82 5
84 7
86 7
88 7
90 7
92 6
94 5
96 6
98 6
100 6
102 6
104 7
105 7
108 8
110 7
112 6
113 7
115 7
117 6
119 6
121 7
123 7
125 7
126 7
128 7
130 7
132 7
134 7
136 7
138 7
140 9
142 8
144 7
146 7
147 7
149 8
151 8
154 7
155 8
158 8
159 8
161 8
163 7
165 7
166 7
169 7
170 7
173 7
174 7
177 8
179 7
180 8
183 8
184 8
186 8
188 8
190 8
191 8
193 8
195 8
197 8
199 9
201 9
203 8
205 9
208 8
209 8
211 9
213 9
215 9
216 8
218 8
220 9
222 9
224 8
225 9
227 9
229 9
231 9
233 9
235 9
237 9
239 9
240 9
243 9
245 9
247 9
249 9
251 9
253 9
254 9
256 9
258 9
260 9
262 9
264 9
266 9
268 9
270 9
272 9
274 9
275 9
277 9
280 9
282 9
283 9
286 9
287 9
289 9
291 9
293 9
295 9
297 9
299 9
300 9
302 9
305 9
307 9
309 9
310 9
312 9
314 9
316 9
318 9
320 9
321 9
