90 0
92 0
95 0
97 0
98 1
100 3
102 4
104 4
106 6
108 5
109 8
111 9
113 10
115 10
116 11
118 12
120 11
122 12
123 13
125 10
127 11
128 13
130 13
132 12
134 13
136 14
137 11
139 11
140 12
142 12
144 12
146 13
148 12
149 13
152 14
153 14
155 13
157 14
158 14
160 13
162 13
164 12
165 12
168 12
169 12
171 12
173 12
174 12
176 12
178 11
180 12
182 12
183 12
185 13
187 12
189 13
191 14
193 14
194 14
196 14
197 14
200 14
202 14
203 14
205 14
207 14
208 14
210 14
212 14
214 14
216 14
217 14
219 14
221 13
223 13
225 13
227 13
229 13
230 13
231 13
234 13
235 13
238 13
239 14
241 14
243 14
245 14
248 14
249 14
251 14
254 14
255 14
257 13
259 13
260 13
263 13
265 13
266 12
269 12
270 12
272 12
273 12
275 12
277 12
279 12
281 12
283 12
284 12
286 12
288 12
290 12
291 13
293 13
294 13
296 13
298 13
300 13
301 13
303 13
305 13
307 13
308 13
310 13
312 13
314 13
315 13
317 13
319 13
321 13
