70 0
73 0
74 0
76 0
77 0
79 1
82 3
83 2
85 3
86 3
88 3
90 4
91 7
93 7
95 6
97 8
98 7
100 6
102 6
103 7
105 7
107 6
109 6
110 8
112 8
115 8
116 9
118 10
119 9
120 8
122 9
124 7
126 10
128 8
129 8
131 7
132 7
135 6
137 7
138 9
139 10
141 10
143 10
145 10
147 10
149 10
150 8
152 9
155 9
157 9
159 9
160 9
162 9
163 9
165 9
166 10
168 10
170 10
172 10
174 10
175 10
177 10
179 10
180 9
181 8
183 8
185 8
186 8
188 8
189 7
191 7
193 7
195 7
197 7
199 7
200 7
202 7
204 7
205 7
207 7
209 7
210 7
212 7
214 7
216 7
218 7
220 7
221 7
223 7
224 7
226 7
228 7
230 7
232 7
232 7
235 7
236 7
238 7
239 7
241 7
242 7
244 7
247 7
248 7
249 7
252 7
253 7
255 7
257 7
258 7
260 7
262 7
264 7
265 7
267 7
269 7
270 7
272 7
273 7
275 7
277 7
279 7
280 7
281 7
283 7
285 7
288 7
289 7
290 7
292 7
294 7
296 7
297 7
299 7
301 7
303 7
305 7
307 7
309 7
310 7
312 7
314 7
316 7
317 7
319 7
320 7
