60 0
63 0
64 0
66 1
67 2
69 4
71 4
72 5
74 7
75 7
77 8
78 8
80 10
81 9
82 11
84 10
85 13
86 13
88 12
90 12
91 13
93 13
94 12
96 13
97 13
99 13
100 12
101 12
103 13
104 12
105 13
107 12
109 12
111 13
112 13
114 12
115 12
117 12
117 12
119 12
120 13
121 12
123 12
124 12
126 12
127 12
129 12
131 12
132 12
133 12
135 11
136 11
138 11
139 11
141 11
142 11
143 11
145 11
147 11
148 11
150 11
151 10
152 10
153 10
155 10
157 10
158 10
159 10
161 10
163 10
164 10
165 10
166 10
168 10
170 10
172 10
173 10
174 10
175 10
176 10
177 10
180 10
180 10
182 10
183 10
185 10
186 10
188 10
190 10
191 10
193 10
194 10
195 10
198 10
199 10
201 10
203 10
204 10
205 10
207 10
209 10
211 10
212 10
213 10
214 10
216 10
218 10
219 10
220 10
221 10
223 10
225 10
226 10
228 10
229 10
230 9
232 9
233 9
234 9
236 9
237 9
240 9
240 9
243 9
244 9
245 9
247 9
247 9
249 9
250 9
252 9
253 9
254 9
255 9
257 9
258 9
260 9
261 9
263 8
264 8
265 8
267 8
268 8
269 8
270 8
272 8
274 8
276 8
277 8
278 8
279 8
281 8
283 8
284 8
286 8
287 8
288 8
290 8
292 8
292 8
293 8
295 8
296 8
297 8
299 8
301 8
302 8
303 8
305 8
307 8
308 8
309 8
312 8
313 8
314 8
315 8
317 8
318 8
321 8
322 8
