50 0
53 0
55 0
57 0
58 0
61 1
62 1
64 2
65 5
67 4
69 5
71 6
73 6
74 6
76 9
77 8
79 8
81 8
82 9
84 9
86 9
87 9
89 9
91 9
92 9
94 9
96 9
98 9
99 8
101 8
102 9
104 8
106 8
108 8
110 8
112 8
113 7
115 7
117 7
119 8
120 8
122 7
124 8
126 7
127 7
128 8
131 8
132 8
133 8
135 8
137 8
139 10
141 8
142 9
144 8
146 8
147 9
149 8
151 8
152 8
155 9
156 9
157 8
159 9
160 9
163 9
164 9
166 9
168 9
169 9
171 9
173 9
174 9
176 9
179 9
180 9
182 9
183 8
185 9
187 9
188 9
190 9
192 9
194 9
196 10
198 9
200 9
201 9
203 9
204 9
206 9
208 9
210 9
211 9
213 9
215 9
216 9
218 9
220 9
223 9
223 9
225 9
227 9
229 9
230 9
232 9
233 9
235 9
237 9
238 9
240 9
242 9
243 9
245 9
247 9
249 9
250 9
252 9
254 9
255 9
257 9
259 9
261 9
263 9
265 9
267 9
269 9
270 9
272 9
274 9
275 8
278 9
279 9
281 9
283 9
284 9
286 8
288 8
289 8
290 9
292 9
294 9
296 8
298 9
299 7
301 8
303 7
305 7
306 7
307 7
309 7
311 7
312 7
314 8
316 7
318 8
320 8
