50 0
53 0
55 0
57 0
59 1
61 1
62 2
63 1
66 5
67 5
69 4
71 5
73 6
75 7
76 8
78 7
80 10
81 10
84 10
86 10
88 10
89 10
91 11
93 12
94 11
97 13
98 11
99 12
101 12
103 11
105 12
107 10
109 11
111 11
112 12
114 12
116 12
117 12
120 12
121 12
122 13
125 13
126 12
128 12
131 10
132 9
134 10
136 10
139 10
140 10
142 10
144 10
145 10
147 10
149 10
150 10
152 10
154 10
156 11
158 11
160 9
161 9
163 9
164 9
166 9
168 9
170 9
172 9
174 9
175 9
177 9
179 9
180 9
183 9
185 9
187 9
188 9
190 9
192 9
194 9
196 9
197 9
200 9
201 9
203 9
204 9
206 9
208 9
209 9
212 9
213 9
215 9
216 9
218 9
220 9
222 9
223 9
226 9
228 9
229 9
231 9
234 9
236 9
238 8
240 8
241 8
243 8
245 8
246 8
248 9
250 8
252 8
253 8
255 8
257 8
259 8
260 8
261 8
264 7
266 7
267 8
269 8
271 8
273 8
274 8
276 8
278 8
279 8
281 8
283 7
284 7
287 7
288 8
290 8
292 8
294 8
296 8
298 8
299 8
301 8
303 8
305 8
306 8
308 8
310 8
311 8
314 8
316 8
318 8
320 8
321 8
