30 0
33 0
36 0
37 0
39 0
41 0
42 0
44 0
46 1
48 2
50 2
52 3
54 5
56 4
58 4
61 5
63 5
65 5
66 6
68 7
70 7
72 7
74 6
76 6
77 6
80 6
81 5
83 5
85 5
87 5
89 5
91 5
92 5
94 5
96 5
98 5
100 5
102 5
104 5
106 5
107 5
110 5
112 5
114 5
115 5
117 5
120 5
122 5
123 5
125 5
127 5
129 5
131 5
133 5
135 5
137 5
139 5
141 5
142 4
144 4
147 4
148 4
150 4
152 4
153 4
155 4
157 4
159 4
162 4
164 4
165 4
167 4
169 4
170 4
173 4
174 4
176 4
178 4
180 4
182 4
184 4
186 4
188 4
190 4
192 4
194 4
196 4
198 4
200 4
201 4
203 4
205 4
207 4
209 4
211 4
213 4
215 4
218 4
220 4
222 4
224 4
225 4
227 4
229 4
231 4
233 4
235 4
237 4
240 4
242 4
244 4
245 4
247 4
249 4
251 4
253 4
254 4
257 4
259 4
260 4
262 4
264 4
266 4
268 4
270 4
272 4
273 4
276 4
277 4
280 4
281 4
283 4
285 4
287 4
288 4
291 4
293 4
294 4
296 4
298 4
300 4
302 4
304 4
305 4
308 4
309 4
311 4
313 4
315 4
317 4
319 4
321 4
