40 0
42 0
44 0
46 0
48 1
50 2
52 2
53 4
55 3
57 5
59 6
61 7
63 8
65 7
67 7
68 8
70 9
71 9
73 8
75 8
76 8
78 8
81 8
82 8
84 9
86 8
87 9
89 8
91 9
93 10
95 10
97 10
100 9
100 10
102 10
104 9
106 10
108 10
109 9
111 9
113 9
115 8
116 9
119 9
121 9
122 9
124 9
126 8
127 8
129 8
131 8
133 8
134 8
136 8
138 8
139 8
142 8
144 8
145 8
147 8
149 8
151 8
154 8
156 8
157 8
159 8
161 9
162 9
164 9
166 9
168 9
170 8
171 8
173 8
175 8
177 8
179 8
181 8
183 8
184 8
186 7
187 8
189 7
191 7
193 7
194 7
196 7
198 7
199 7
202 7
204 6
205 6
207 6
209 6
211 6
213 7
215 6
217 6
217 6
219 6
221 6
223 6
224 6
227 6
228 6
230 6
232 6
234 6
235 6
237 6
239 6
240 6
242 6
244 6
246 6
248 6
250 6
251 6
253 6
255 6
257 6
259 6
261 6
263 6
264 6
266 6
268 6
270 6
272 6
273 6
276 6
277 6
279 6
281 6
283 6
284 6
286 6
288 6
289 6
291 6
293 6
295 6
297 6
298 6
301 6
303 6
304 6
306 6
308 6
310 6
312 6
313 6
315 6
318 6
320 6
321 6
