90 0
92 0
95 0
96 0
98 1
100 2
102 2
104 3
105 4
107 5
109 8
111 9
113 10
115 10
117 10
119 10
120 12
122 13
124 11
125 11
127 11
128 12
131 12
132 10
134 10
136 10
138 11
139 10
141 10
143 10
145 9
147 10
148 11
150 12
151 11
154 11
155 11
157 10
158 11
160 10
162 9
164 10
166 9
168 10
169 10
171 11
173 11
175 11
177 11
179 11
181 11
182 11
184 11
186 11
188 11
190 10
192 9
193 10
195 10
197 9
199 10
201 10
202 10
204 9
206 10
208 10
210 10
212 10
213 9
216 9
217 10
220 10
221 11
223 11
225 11
227 11
229 10
230 10
232 11
234 10
236 11
237 10
239 10
240 11
242 11
244 11
246 10
248 11
249 11
251 11
253 10
256 10
257 9
260 10
261 10
262 11
264 11
266 11
268 11
270 11
271 11
273 10
275 10
276 10
278 10
281 10
283 10
285 10
286 10
289 9
290 9
292 9
294 9
295 9
297 9
298 9
300 9
302 9
303 9
305 9
307 9
309 9
310 9
312 9
314 9
316 9
318 9
320 9
321 9
