90 0
94 0
95 0
97 0
99 0
100 2
102 1
104 0
106 3
107 5
109 9
111 9
113 10
115 11
117 9
118 13
121 11
123 12
125 14
127 16
128 15
129 14
132 15
133 17
135 16
137 15
139 16
141 16
143 16
145 15
146 15
148 16
149 16
151 15
153 15
155 17
157 19
159 18
160 19
162 17
164 18
166 18
168 19
170 16
172 15
173 15
175 15
177 14
178 15
181 15
183 15
185 15
187 15
188 15
190 15
192 15
193 15
195 14
197 13
199 14
200 14
203 14
204 14
206 13
208 13
209 12
211 13
213 13
214 12
216 12
218 12
220 12
222 12
223 12
225 12
227 12
229 12
231 12
232 12
234 12
236 12
237 12
240 12
241 12
243 12
245 12
247 12
248 12
251 12
253 12
254 12
256 12
258 12
259 12
261 12
263 12
265 12
267 12
269 12
271 12
273 11
275 10
277 12
279 11
280 11
282 10
284 11
286 11
287 11
289 11
291 10
293 10
295 10
297 11
299 10
302 10
304 11
305 11
306 11
308 11
309 11
311 11
313 12
315 11
317 10
319 10
320 11
322 10
