60 0
62 0
64 0
66 1
67 2
68 1
70 2
71 3
73 5
74 5
75 7
77 7
79 10
80 11
82 11
84 10
85 10
87 10
88 10
89 10
91 10
93 10
93 9
95 10
96 9
98 10
99 10
101 10
102 10
104 10
105 11
107 11
108 11
111 11
112 11
113 12
114 11
115 12
116 11
118 12
120 11
121 12
122 12
125 12
126 12
127 12
129 12
130 12
131 12
133 12
134 12
136 12
137 12
138 12
140 12
141 12
143 11
144 11
145 11
147 11
149 11
150 12
151 12
153 12
154 12
156 11
157 12
159 12
161 12
162 11
163 10
165 10
165 10
167 10
168 10
170 10
171 10
173 10
175 10
176 10
177 10
179 10
180 10
181 10
184 10
185 10
186 10
187 10
189 10
191 10
192 10
195 10
195 10
196 10
198 10
199 10
201 10
202 10
204 10
205 10
207 10
208 10
211 10
212 10
213 10
214 10
216 10
218 10
219 10
220 10
222 10
222 10
224 10
225 10
227 10
228 10
230 10
231 10
233 10
236 10
237 10
238 10
239 10
240 10
242 10
243 10
244 10
246 10
249 10
250 9
251 9
252 9
254 9
256 9
257 9
258 9
260 9
262 9
263 9
265 9
267 9
268 9
270 9
271 9
273 9
274 9
275 9
276 9
278 9
278 9
280 9
282 9
283 9
284 9
286 9
288 9
289 9
290 9
292 9
294 9
296 9
297 9
298 9
299 9
301 9
303 9
304 9
306 9
308 9
310 9
311 9
312 9
314 9
315 9
316 9
317 9
319 9
321 9
322 9
