80 0
83 0
84 0
86 1
88 1
89 2
90 3
92 5
93 3
95 7
97 6
98 7
99 7
101 10
102 10
103 8
105 8
107 8
108 9
109 9
111 9
113 10
114 10
116 9
117 8
119 11
121 11
122 11
124 10
125 11
127 10
130 13
131 12
132 12
133 12
135 12
137 12
139 12
140 12
141 11
143 12
144 12
146 12
147 12
148 11
150 11
151 11
152 11
154 11
155 10
157 11
158 11
160 11
162 10
163 10
164 10
166 11
167 10
169 10
170 10
171 10
172 10
174 10
175 11
176 11
178 11
181 11
182 10
183 10
184 10
186 10
187 10
189 10
189 10
191 10
191 10
193 10
194 10
196 10
197 10
199 10
201 10
203 10
204 10
205 10
206 10
207 10
208 10
210 10
211 10
213 10
214 10
216 10
217 10
219 11
220 11
222 11
223 11
224 11
226 11
227 11
229 11
230 11
232 10
233 10
235 10
237 9
238 9
239 9
241 9
243 9
243 9
245 9
246 9
247 9
249 9
250 9
252 9
253 9
255 9
256 9
257 9
259 9
260 9
262 9
263 9
265 9
266 9
268 9
269 9
270 9
272 9
273 9
275 9
277 9
278 9
279 9
280 9
282 9
283 9
285 9
287 9
288 9
289 9
290 9
292 9
293 9
295 9
296 9
298 9
300 9
301 9
303 9
304 9
306 9
308 9
309 9
310 9
312 9
313 9
315 9
317 9
318 9
319 9
321 9
322 9
