50 0
52 0
54 0
56 0
57 0
58 0
60 1
62 3
63 4
64 4
66 5
68 6
69 7
71 6
72 8
73 8
75 9
76 8
78 8
79 9
81 9
82 9
84 9
85 9
86 9
88 9
90 9
90 9
92 9
94 10
95 9
96 9
98 8
101 9
103 8
105 8
107 8
108 8
109 8
110 8
113 8
115 8
116 8
117 8
119 7
121 7
122 8
123 8
124 8
125 8
128 8
129 9
131 9
132 8
133 8
135 9
136 9
138 8
139 8
141 8
142 8
144 8
146 7
148 7
149 7
152 8
153 8
155 8
155 8
157 8
158 7
160 7
161 8
163 7
165 7
166 7
167 7
169 7
170 7
173 7
174 7
175 7
177 7
178 7
180 7
181 7
182 7
184 7
186 7
188 7
189 7
190 7
192 7
193 7
195 7
195 7
197 7
198 7
200 7
202 7
203 7
205 7
207 7
208 7
209 7
210 7
211 7
214 7
215 7
217 7
218 7
219 7
220 7
222 7
223 7
225 7
226 7
227 7
229 7
230 7
232 7
233 7
234 7
236 7
238 7
238 7
240 7
242 7
242 7
244 7
245 7
247 7
249 7
251 7
253 7
254 7
256 7
257 7
259 8
260 7
262 7
263 7
264 7
265 7
267 7
269 7
270 7
271 7
273 7
273 7
275 7
276 7
278 7
279 7
280 7
282 7
283 7
284 7
286 7
288 7
289 7
290 7
291 7
294 7
295 7
296 7
298 7
300 7
301 7
303 7
305 7
305 7
307 7
308 7
310 7
311 7
312 7
314 7
315 7
317 7
319 7
320 7
321 7
