90 0
93 0
94 0
95 1
98 4
99 5
100 9
102 13
103 12
105 12
107 12
108 14
109 13
111 14
113 14
114 13
115 14
117 14
118 15
120 14
121 14
123 17
124 14
126 15
127 15
129 15
130 15
131 15
133 15
135 15
137 14
138 14
140 14
141 14
143 14
144 14
145 14
147 13
149 13
150 12
152 12
153 12
155 13
155 14
157 13
158 12
160 13
162 11
164 11
165 11
167 11
168 11
170 11
171 11
172 11
173 10
175 10
176 10
177 10
180 10
181 10
182 10
185 10
186 10
187 10
189 10
190 10
192 10
193 10
194 10
196 10
197 9
199 9
200 9
202 9
204 9
205 9
207 9
208 9
209 9
211 9
213 9
214 9
215 9
217 9
219 9
221 9
222 9
224 9
225 9
226 9
227 9
228 9
230 9
232 9
233 9
235 9
236 9
238 9
239 9
242 9
243 9
245 9
246 9
247 9
249 9
250 9
251 9
252 9
253 9
255 9
257 9
258 9
259 9
261 9
262 9
264 9
265 9
266 9
268 9
269 9
270 9
272 9
273 9
274 9
276 9
278 9
280 9
280 9
282 9
284 9
285 9
286 9
289 9
290 9
291 9
293 9
294 9
296 9
297 9
299 9
302 9
303 9
304 9
305 9
307 9
308 9
310 9
311 9
313 9
314 9
315 9
317 9
318 9
319 9
321 9
