30 0
33 0
34 0
36 0
38 0
40 0
42 1
43 1
45 1
47 2
49 2
51 2
52 3
54 3
56 3
58 5
60 5
62 5
63 5
64 5
66 5
68 5
70 5
72 5
73 5
75 5
77 5
79 5
81 6
83 6
84 6
86 5
88 5
90 6
92 5
93 5
95 7
97 6
99 5
100 5
102 5
103 6
106 6
107 7
109 6
111 5
114 5
116 6
118 6
119 6
121 6
123 6
124 6
126 7
128 6
129 7
131 7
133 7
134 7
136 7
138 7
140 7
142 7
143 7
145 7
147 6
148 6
151 6
152 7
155 6
156 6
157 6
160 7
161 7
163 7
165 7
167 7
168 7
170 7
172 7
174 7
175 7
178 7
179 7
181 7
183 7
184 6
186 6
188 5
190 6
191 5
193 6
195 5
197 6
199 6
201 6
202 6
205 6
206 6
208 6
210 6
211 6
213 6
216 6
217 6
218 6
220 6
222 6
224 6
226 6
228 6
230 6
232 6
234 6
235 6
237 6
239 6
240 6
243 6
245 6
247 6
248 6
250 6
252 6
254 6
255 6
257 6
259 6
260 6
263 6
264 6
266 6
268 6
269 6
271 6
273 6
275 6
276 6
278 6
280 6
282 6
283 6
285 6
287 6
289 6
291 6
292 6
294 6
296 6
297 6
300 6
301 6
303 6
305 6
307 6
309 6
310 6
312 6
314 6
316 6
318 6
320 6
321 6
323 6
