40 0
42 0
45 0
46 0
49 0
51 1
52 0
54 3
56 3
58 3
60 3
62 3
64 3
66 4
67 4
70 6
71 6
73 7
75 7
77 8
79 8
81 8
83 8
86 9
87 8
89 10
91 10
93 10
95 10
97 9
98 9
100 9
102 8
104 9
106 9
108 9
110 9
112 8
114 8
116 8
118 8
120 8
122 8
123 9
125 8
127 8
129 9
131 8
133 9
134 8
137 8
139 9
141 8
142 9
144 9
146 9
148 8
151 8
152 8
154 8
156 9
159 8
161 9
162 8
164 9
166 9
167 8
170 8
172 8
174 9
176 9
178 8
179 8
181 8
183 8
185 9
187 9
189 9
191 9
193 9
194 9
196 9
198 9
200 9
202 9
204 9
206 9
208 9
210 9
212 9
214 9
215 9
218 9
219 9
221 9
223 9
225 9
226 9
228 9
230 9
232 9
234 9
237 9
239 9
241 9
242 9
244 9
247 8
249 9
251 9
252 9
254 8
256 8
258 9
260 9
263 8
264 9
267 9
268 9
271 9
272 9
275 9
276 10
278 9
280 9
282 9
283 9
285 9
288 9
289 9
292 9
294 9
295 8
297 9
299 9
300 9
303 9
304 9
306 9
308 9
310 9
312 9
314 9
316 9
317 9
320 9
