60 0
63 0
65 0
67 0
68 1
70 2
72 2
74 4
76 5
78 7
80 6
82 7
84 6
86 7
88 7
90 6
91 8
94 8
96 9
98 9
99 8
102 7
103 8
105 9
107 9
109 9
110 8
112 9
115 8
117 9
119 8
121 9
123 8
124 8
126 9
128 8
130 10
132 10
134 10
136 10
138 10
139 10
142 10
144 9
146 10
148 10
150 10
152 10
154 10
156 10
157 10
159 10
161 10
163 10
165 10
167 9
168 9
171 9
173 9
174 9
177 9
178 9
180 9
183 9
184 9
187 9
188 9
190 9
192 9
193 9
196 9
197 10
199 9
201 9
203 9
206 9
207 10
209 10
211 10
213 10
214 10
217 10
219 10
221 10
223 10
225 10
226 10
228 10
230 10
232 10
234 10
235 10
238 10
239 10
241 9
243 9
245 9
247 9
249 9
251 9
253 9
255 9
257 9
259 9
260 9
262 9
265 9
267 9
269 9
272 9
273 9
276 9
278 9
280 9
281 9
283 9
285 9
287 9
289 9
291 8
293 8
295 9
297 9
298 9
300 9
303 9
304 9
307 9
309 9
310 9
312 8
314 8
316 8
318 8
320 8
321 8
