80 0
83 0
85 0
86 0
89 0
90 0
92 2
93 4
96 5
98 5
99 5
101 6
103 7
104 7
106 7
109 9
110 11
112 10
114 9
116 12
117 12
119 12
121 13
123 11
125 13
127 15
129 12
130 13
132 13
134 13
136 13
137 13
139 13
142 14
143 13
144 13
146 13
147 13
149 13
151 13
153 13
155 13
156 13
158 13
160 13
162 13
163 13
165 13
167 12
169 12
170 12
172 12
174 12
176 12
177 12
179 12
181 12
183 12
184 12
186 12
188 12
190 12
192 13
193 12
196 12
198 12
199 12
201 11
202 11
204 11
206 11
208 11
210 11
212 11
214 11
216 11
217 11
220 11
221 11
223 11
224 11
227 11
228 11
230 11
232 11
234 11
235 11
237 11
239 11
240 11
242 11
244 11
245 11
247 11
249 11
251 11
253 11
255 11
257 11
258 11
260 11
262 11
264 11
266 11
267 10
269 10
271 10
273 10
274 10
276 10
278 10
279 10
281 10
283 10
286 10
287 10
289 10
291 10
292 9
294 9
296 9
297 9
299 9
301 9
303 9
305 9
306 9
308 9
310 9
312 9
314 9
316 9
317 9
319 9
322 9
