80 0
83 0
85 0
87 0
89 0
91 2
93 5
94 5
96 6
98 8
99 8
101 9
103 9
104 9
106 10
108 10
110 11
112 12
114 13
116 12
117 14
119 14
121 13
123 15
125 14
127 14
128 14
130 16
132 16
134 16
136 17
137 17
139 17
140 19
142 18
145 18
148 17
149 17
151 16
153 17
155 16
157 15
159 16
161 16
162 15
165 16
166 15
168 16
169 15
171 15
173 13
175 13
177 14
178 13
180 15
182 13
183 14
185 13
187 13
189 13
191 12
193 13
194 12
196 12
198 12
200 12
202 12
204 11
205 13
207 13
209 14
210 12
212 12
214 12
216 13
218 13
220 12
222 13
223 13
225 12
227 11
229 12
231 13
233 11
234 11
236 11
237 12
239 11
241 12
243 10
244 11
246 13
248 12
250 12
251 10
253 10
255 9
256 10
258 9
260 11
262 11
264 9
266 10
267 9
269 9
271 9
272 9
274 10
276 10
277 10
279 10
281 10
283 10
285 10
287 10
288 10
290 10
292 10
294 10
296 9
299 10
301 8
302 9
304 9
306 9
307 9
309 9
312 9
313 9
314 9
316 9
318 9
319 9
321 9
