50 0
52 0
54 0
56 0
58 0
59 0
61 2
63 2
65 6
66 5
68 5
70 6
72 6
74 7
75 7
77 7
78 7
80 7
82 7
84 7
85 7
87 8
88 7
90 8
92 7
94 7
96 8
97 8
99 8
100 8
102 8
104 8
105 8
107 9
109 9
110 9
112 9
114 9
116 8
118 9
120 9
122 10
123 11
125 11
126 11
128 12
130 11
132 12
133 11
135 12
137 11
139 11
140 11
142 11
143 11
144 11
147 11
148 11
150 11
152 11
153 11
155 11
157 11
158 11
160 11
161 11
163 11
165 11
166 11
168 11
170 11
172 11
173 10
175 10
177 10
179 10
181 10
182 10
184 10
186 10
187 9
189 9
190 9
192 9
194 9
196 9
198 9
199 9
201 9
203 9
205 9
206 9
208 9
209 9
211 9
213 9
214 9
216 9
218 9
219 9
220 9
222 9
224 9
226 9
228 9
229 9
231 9
232 9
234 9
236 9
238 9
239 9
240 9
243 9
244 9
246 9
248 9
249 9
251 9
253 9
255 9
257 9
259 9
259 9
261 9
264 9
265 9
267 9
268 9
270 9
273 9
274 9
276 9
277 9
279 9
282 9
283 9
285 9
287 9
288 9
290 9
291 9
293 9
295 9
297 9
299 9
301 9
302 9
305 9
306 9
308 9
309 9
312 9
313 9
315 9
316 9
318 9
320 9
321 9
