70 0
73 0
74 0
76 0
78 0
80 0
82 1
84 1
86 2
88 3
90 3
92 5
94 5
96 7
97 7
99 8
101 8
102 9
104 10
106 9
107 9
110 9
111 8
113 10
115 10
117 10
119 10
120 10
123 9
124 11
126 9
127 10
129 11
131 11
133 10
134 10
136 10
138 10
140 10
141 10
143 10
145 10
147 10
150 10
151 10
153 9
156 10
157 9
159 9
160 9
162 9
164 9
166 9
168 9
169 9
171 10
173 10
175 9
176 8
178 8
180 8
182 8
183 8
185 8
187 8
189 8
190 8
193 9
195 8
196 9
198 8
199 9
201 8
203 8
205 8
207 8
209 8
211 8
213 8
214 8
217 8
218 8
220 7
221 8
223 8
225 7
227 7
228 7
230 7
231 7
233 7
236 7
237 7
239 7
240 7
242 7
244 7
246 7
248 7
249 7
251 7
253 7
254 7
257 8
258 8
260 8
262 8
263 7
266 8
267 8
269 7
271 8
273 9
274 9
276 9
278 9
280 9
282 9
284 8
286 9
287 9
289 9
291 8
293 9
295 9
296 9
298 9
299 9
302 9
304 9
305 8
307 8
309 7
310 8
313 9
314 8
317 8
318 8
319 8
321 8
