50 0
53 0
55 0
56 0
58 0
60 0
62 1
64 1
65 3
67 4
69 4
71 7
72 6
74 8
76 9
77 8
79 10
80 10
82 10
84 9
85 11
87 10
89 10
91 10
92 10
94 10
95 10
97 10
99 10
100 11
103 10
104 9
106 9
107 9
110 9
112 9
113 9
116 9
117 9
119 10
122 10
123 10
124 10
126 10
127 10
129 10
131 10
133 10
134 10
136 9
137 9
139 9
141 9
142 9
144 9
146 9
147 9
149 9
151 9
152 9
154 9
156 9
157 9
159 9
160 9
163 8
164 8
166 8
167 8
169 8
171 8
173 8
174 8
176 8
178 8
179 8
181 7
182 7
184 6
186 6
188 6
190 6
191 6
193 6
194 6
196 6
197 6
199 6
201 6
202 6
204 6
205 6
207 6
210 6
211 6
212 6
214 6
216 6
218 6
219 6
221 6
223 6
224 6
226 6
228 6
230 6
231 6
233 6
235 6
236 6
238 6
239 6
241 6
243 6
245 6
247 6
249 6
250 6
251 6
253 6
254 6
256 6
257 6
259 6
261 6
263 6
264 6
266 6
269 6
271 6
272 6
274 6
275 6
277 6
279 6
280 6
282 6
284 6
286 6
287 6
289 6
290 6
292 6
294 6
295 6
297 6
298 6
300 6
301 6
303 6
305 6
306 6
308 6
310 6
312 6
313 6
315 6
317 6
319 6
320 6
322 6
