40 0
42 0
44 0
46 0
48 0
50 1
52 0
53 1
55 2
57 4
59 4
61 4
63 4
64 5
66 5
68 5
70 5
71 5
73 6
74 6
76 6
78 6
79 6
81 6
83 6
85 6
87 6
88 7
90 7
92 7
94 7
95 7
97 8
99 7
101 6
103 7
105 7
106 7
108 7
110 8
112 7
114 7
116 8
117 8
119 8
122 8
124 8
126 8
128 8
129 8
131 8
132 9
134 7
136 7
138 8
140 7
141 7
143 7
145 7
147 7
149 7
151 7
152 7
154 7
156 7
158 7
160 7
162 7
163 7
165 7
167 7
169 7
171 7
172 7
174 7
176 7
178 7
179 7
181 7
183 7
185 8
186 8
189 8
190 8
192 8
194 8
196 8
197 8
199 8
201 8
203 9
205 9
206 9
208 9
210 9
212 9
214 9
216 9
217 9
219 9
221 9
222 9
224 9
226 9
228 9
230 9
231 9
234 9
235 9
237 9
238 10
240 10
242 10
243 10
245 10
247 10
249 10
251 10
253 10
255 10
257 10
259 10
261 9
263 10
264 9
266 10
267 10
269 10
271 10
273 10
274 10
276 10
278 10
280 10
282 10
283 10
285 10
288 10
290 10
291 9
293 10
295 10
297 9
298 9
300 9
302 9
303 8
305 8
307 8
309 8
311 8
312 8
314 8
317 8
318 8
320 8
