80 0
82 0
85 0
86 1
88 4
89 5
91 8
92 7
93 7
95 10
97 8
98 10
99 9
101 11
102 9
104 9
106 10
106 11
108 9
109 12
111 12
112 11
114 14
115 14
117 13
119 13
120 14
122 14
123 12
124 12
126 14
127 14
129 13
131 14
132 14
133 12
135 12
137 13
139 13
141 13
142 13
143 13
144 13
146 13
148 13
149 13
150 13
153 13
155 13
156 13
157 13
159 12
161 12
163 11
164 10
166 11
167 11
168 11
169 11
170 11
172 11
174 12
175 12
176 12
179 12
179 12
180 12
182 11
184 12
185 12
186 11
187 10
189 10
190 10
192 11
193 10
195 11
196 9
197 10
199 10
200 10
202 9
203 10
205 10
206 10
207 10
209 10
210 9
211 11
213 9
214 11
215 10
217 10
219 10
221 10
222 10
223 9
225 10
226 8
227 8
229 9
230 8
232 8
234 8
235 8
236 8
239 8
240 8
242 8
243 8
245 8
246 8
247 8
248 8
250 8
251 8
253 8
254 8
255 8
257 9
258 8
260 8
262 8
263 8
265 8
266 9
267 9
268 9
270 9
272 9
273 8
274 8
275 8
277 9
278 8
280 8
281 8
283 8
284 8
285 8
286 8
288 8
289 8
290 8
292 9
293 9
295 9
297 8
298 9
301 8
302 8
303 8
305 8
306 8
307 8
308 8
310 8
311 8
312 8
314 8
316 8
318 8
319 8
320 8
