90 0
92 0
95 0
96 0
98 0
100 3
102 2
104 4
105 4
107 8
109 10
110 10
112 11
114 9
115 11
117 11
118 10
120 11
122 13
124 14
125 15
127 14
128 14
131 13
132 14
134 13
135 13
137 13
139 13
140 15
143 15
144 15
145 16
147 15
149 13
151 12
153 13
154 13
156 14
158 14
160 14
162 15
163 15
165 14
167 15
168 14
170 15
172 15
174 15
176 16
178 15
179 15
181 16
183 15
185 15
187 15
188 15
190 15
191 15
193 15
194 15
196 15
198 15
199 15
201 16
203 15
204 15
206 15
207 15
209 15
211 15
213 15
215 16
216 16
218 16
219 16
221 15
223 15
225 15
226 15
228 15
230 15
231 15
233 15
235 15
237 15
239 15
242 15
243 15
245 15
246 15
247 15
249 15
251 15
253 15
254 14
257 15
258 14
260 14
261 14
263 14
265 13
266 13
267 13
269 13
271 13
272 13
274 13
276 13
278 13
279 13
281 13
282 13
284 13
286 13
287 13
290 13
292 12
293 12
296 12
298 12
299 12
300 12
302 12
304 12
305 12
307 12
308 12
310 12
312 12
314 12
315 12
317 12
319 12
321 12
322 12
