90 0
93 0
95 0
96 1
98 2
99 3
100 9
102 9
103 8
105 7
106 9
107 9
109 9
111 8
112 10
113 10
115 10
117 8
118 10
120 10
121 10
122 10
123 10
125 11
127 11
128 10
130 10
131 10
132 10
134 10
135 9
136 8
139 8
140 8
141 8
142 8
143 8
145 8
146 8
147 8
149 8
150 8
151 8
153 8
155 8
156 8
159 8
160 8
161 8
162 8
164 8
165 8
166 8
168 8
169 8
171 8
172 8
174 8
175 8
177 8
178 8
179 8
181 8
183 8
184 8
186 8
187 8
188 8
189 8
192 8
192 8
195 8
196 7
197 7
199 7
200 7
201 7
203 7
204 7
206 7
207 7
209 7
210 7
211 7
213 7
215 7
216 7
218 7
220 7
222 7
224 7
224 7
226 7
227 7
229 7
230 7
231 7
233 7
235 7
236 7
238 7
239 7
240 7
242 7
243 7
246 7
247 7
248 7
251 7
252 7
253 7
254 7
256 7
257 7
258 7
260 7
261 7
262 7
264 7
265 7
266 7
268 7
270 7
272 7
273 7
274 7
276 7
276 7
278 7
280 7
282 7
283 7
285 7
286 7
287 7
289 7
289 7
291 7
292 7
295 7
296 7
297 7
299 7
301 7
302 7
303 7
305 7
308 7
308 7
309 7
311 7
312 7
313 7
315 7
317 7
319 7
319 7
321 7
322 7
