60 0
63 0
65 0
68 0
69 0
71 1
73 1
75 1
77 2
79 3
81 4
83 5
84 8
87 8
89 8
91 8
92 8
95 9
96 9
98 10
100 9
103 8
104 9
106 9
108 9
110 9
112 10
114 9
116 9
118 9
119 10
121 9
124 9
125 9
127 9
129 9
131 9
132 9
134 9
136 9
138 8
140 8
142 8
144 8
146 8
148 8
150 9
152 9
155 8
156 8
159 8
160 8
162 8
164 8
165 8
168 9
169 8
171 9
173 8
175 8
177 8
179 8
181 8
182 9
184 9
187 9
189 9
190 9
192 9
194 9
196 9
198 9
201 9
203 9
204 10
206 10
208 10
210 10
212 10
214 10
216 10
218 10
220 10
223 10
224 10
225 10
228 10
230 10
232 10
233 10
235 10
237 10
239 10
241 10
242 10
244 10
247 10
249 10
250 10
252 9
254 10
256 10
258 10
259 10
261 10
264 10
265 10
267 10
269 10
271 10
273 9
275 9
277 9
279 9
281 9
283 9
285 9
287 9
288 9
291 9
293 9
294 9
296 9
298 9
300 9
301 9
304 9
306 10
307 9
310 9
312 10
313 10
316 10
317 10
319 10
321 10
