30 0
32 0
34 0
36 0
38 2
40 2
41 3
43 4
45 2
47 3
48 4
50 4
52 4
53 5
56 5
57 5
59 6
61 6
64 6
65 6
67 6
69 6
70 6
72 6
74 6
75 6
77 6
79 6
81 6
82 6
84 6
86 6
88 6
89 6
91 6
93 6
95 6
97 6
99 6
100 6
102 6
104 6
106 6
108 6
110 6
112 6
113 6
115 6
117 6
118 6
121 6
122 6
124 6
126 6
127 6
129 6
132 6
133 6
135 6
137 6
138 6
140 6
142 6
144 6
145 6
147 6
149 6
150 6
152 6
154 6
156 6
158 6
159 6
161 5
163 5
165 5
167 5
168 5
170 5
172 5
173 5
176 5
177 5
179 5
181 5
183 5
184 5
187 5
189 5
190 5
192 5
193 5
195 5
197 5
199 5
200 5
202 5
204 5
207 5
209 5
210 5
212 5
214 5
216 5
217 5
219 5
221 5
222 5
225 5
226 5
228 5
230 5
231 5
233 5
235 5
237 5
239 5
240 5
242 5
244 5
246 5
248 5
249 5
251 5
252 5
254 5
256 5
257 5
259 5
261 5
263 5
265 4
267 4
269 4
270 4
272 4
274 4
275 4
277 4
278 4
280 4
282 4
284 4
286 4
287 4
289 4
292 4
294 4
295 4
297 4
299 4
300 4
302 4
304 4
305 4
307 4
309 4
310 4
312 4
314 4
316 4
318 4
320 4
322 4
323 4
