60 0
62 0
64 0
65 0
67 0
68 1
69 2
71 3
73 4
74 5
75 5
77 5
79 6
80 9
82 8
83 10
84 9
86 10
88 6
89 9
91 9
92 10
94 8
95 10
97 10
98 9
100 9
102 9
102 9
104 9
106 9
107 8
108 9
110 9
111 9
114 9
115 9
116 9
117 9
119 9
120 9
122 9
123 9
124 9
126 9
127 9
129 9
130 9
132 9
133 9
135 9
136 9
138 9
139 9
140 9
143 9
143 9
145 9
146 9
147 9
149 9
151 8
152 9
154 8
155 9
157 9
158 9
160 9
161 9
163 9
165 9
165 9
167 9
168 9
171 9
172 8
174 8
175 9
177 8
178 8
179 7
181 7
182 7
184 7
185 8
188 8
188 8
190 8
191 8
193 8
195 8
195 7
197 8
198 7
200 8
201 7
202 7
203 7
205 7
207 7
208 7
210 7
211 7
214 7
214 7
215 7
216 8
219 7
220 6
222 6
223 6
224 6
225 6
227 6
228 6
230 6
231 6
233 6
234 6
236 6
237 6
238 6
240 6
241 6
243 6
245 6
246 6
248 6
249 6
251 6
252 6
253 6
255 6
255 6
257 6
259 6
261 6
262 6
264 6
265 6
266 6
268 6
270 6
271 6
272 6
273 6
275 6
276 6
278 6
280 6
281 6
282 6
283 6
286 6
287 6
289 6
290 6
291 6
292 6
294 6
295 6
297 6
299 6
300 6
301 6
303 6
304 6
305 6
307 6
309 6
310 6
312 6
313 6
315 6
316 6
318 6
320 6
321 6
322 6
