40 0
43 0
45 0
47 0
48 0
49 0
52 2
54 2
56 3
57 2
60 4
63 5
65 4
65 5
67 6
69 5
71 5
72 5
74 5
75 5
77 7
79 7
80 6
82 8
84 9
85 8
87 8
88 7
91 8
92 8
94 8
96 8
97 8
98 8
100 8
102 8
104 9
105 8
107 8
108 8
110 9
113 8
114 8
116 8
117 8
120 7
122 7
124 8
125 8
127 7
129 8
131 7
132 7
133 6
135 6
136 6
138 6
140 6
142 6
144 6
145 7
147 7
149 6
151 6
153 7
154 6
156 6
158 6
159 6
161 6
163 6
164 6
166 6
167 6
169 6
171 6
172 6
174 6
176 6
177 6
179 6
181 6
183 6
185 6
186 6
188 6
190 6
191 5
193 5
194 6
196 5
197 5
199 6
201 6
202 6
204 6
205 6
207 6
209 6
211 6
213 6
214 6
216 7
218 6
219 6
221 6
222 6
224 6
225 6
228 6
229 6
231 6
233 6
234 6
236 6
238 6
239 6
241 6
243 6
245 6
246 6
248 6
249 6
251 6
253 6
254 6
256 6
258 6
259 6
261 6
263 6
265 6
267 6
268 6
270 6
272 6
273 6
275 6
277 6
278 6
280 6
282 6
284 5
285 5
287 5
288 5
290 5
292 5
294 5
295 5
298 5
299 5
301 5
302 5
304 5
306 5
308 5
309 5
311 5
313 5
314 5
316 5
317 5
320 5
321 5
