90 0
93 0
95 0
97 1
98 1
100 2
102 2
104 5
106 5
108 6
110 7
112 7
114 8
116 9
118 10
120 9
122 10
123 9
125 11
127 9
129 10
131 10
133 10
135 10
137 10
140 9
141 10
143 9
146 10
147 11
149 12
152 11
153 11
156 11
158 12
160 11
161 12
163 12
165 15
167 15
169 15
170 15
173 16
174 16
176 16
178 16
180 15
182 15
184 15
186 15
187 15
189 14
191 14
193 14
195 14
197 14
199 14
200 14
202 14
204 13
206 12
208 12
210 12
212 12
214 11
216 13
218 11
220 12
222 14
224 14
226 14
228 13
230 13
231 13
233 14
235 14
237 14
239 14
240 14
242 13
244 12
246 12
248 12
250 12
252 12
254 12
256 12
258 12
260 11
262 10
264 10
266 11
267 11
269 11
271 11
273 11
275 11
278 11
279 10
280 10
282 10
284 9
286 9
288 9
290 10
292 10
293 10
295 10
297 10
299 10
301 10
303 10
305 10
308 10
309 10
311 10
313 10
315 10
317 10
318 10
320 10
